address,Hypercore USDHL/USDC Rewards,Morpho Vault USDHL Rewards,Hyperswap USDHL/WHYPE Rewards,Hyperswap USDHL/USDT0 Rewards,Hyperswap USDHL/FEUSD Rewards,Hyperswap USDHL/WHLP Rewards,Curve hwHLP/USDhl Rewards,Total Rewards
0x6ab3af472fd676fdde0a13f6736b0ac64356bb06,107.68037355864536,0.0,0.0,0.0,0.0,0.0,0.0,107.68037355864536
0x89c645ecbd07825b194e3b98300eb3497aaba406,40.22816784556947,0.0,0.0,0.0,0.0,0.0,0.0,40.22816784556947
0xefd3ab65915e35105caa462442c9ecc1346728df,37.245346020220595,0.0,0.0,0.0,0.0,0.0,0.0,37.245346020220595
0x007d76eec0ba411ce873a8819df50dd443d967a0,4.384082776174088,23.02261499881895,0.0,0.0,0.0,0.0,0.0,27.406697774993034
0x5064d3e2906317905f1d59663d5fa257c15a704a,0.0,23.475809427601007,0.0,0.0,0.0,0.0,0.0,23.475809427601007
0xcf0a36dec06e90263288100c11cf69828338e826,11.129207956687845,0.0,0.0,0.0,0.0,0.0,0.0,11.129207956687845
0xaa0e2529f9c33e3ad86346fe26fefc4bc635fc67,0.0,7.312021192391341,0.0,4.37477528496483e-09,0.0,0.023460492689126155,2.2366383346889656,9.572120024144208
0x6e93ebc8302890ff1d1befd779d1db131ef30d4d,0.0,9.013070081403066,0.0,0.0,0.0,0.0,0.0,9.013070081403066
0xaf7fd67ae6b3e25f83291d5600fbe3b776eea4d3,4.215161732621453,4.749676418837588,0.0,0.0,0.0,0.0,0.0,8.964838151459041
0xd791427e372186e90637caf1d6d6afb054beec7a,4.027294187932565,4.217979767187982,0.0,0.0,0.0,0.0,0.0,8.245273955120547
0xcbf63fb56e5deb5ebd49b24296256683e7273809,2.107064387453727,4.009583462967215,0.0,0.0,0.0,0.0,0.0,6.116647850420942
0x7fe8cfe481ec2f702692a9152e3f002f3e417ac6,5.7659055151373035,0.0,0.15249636368733394,0.0,0.0,0.0,0.0,5.918401878824637
0x6ecba7527448bb56caba8ca7768d271deaea72a9,5.846489480012393,0.0,0.0,0.0,0.0,0.0,0.05200279856067721,5.8984922785730705
0x62e485fd0e5c7d32f8ccf11aa356a1179c76e400,4.4963237417757655,0.9089857072408621,0.0,0.0,0.0,0.0,0.0,5.405309449016627
0xaa782f348daf6aeee7606cf3a15c9bdde2be9aba,5.0835266386960765,0.0,0.0,0.0,0.0,0.0,0.0,5.0835266386960765
0xa8349546fd68e7531f8426851e09574756c1e441,0.0,4.513473486432713,0.5170794753034594,0.0,0.0,0.0,0.0,5.030552961736173
0x5e5d46747100a6d10797d9432f78380aefc6eebe,1.2571243534293262,3.302030002233357,0.0,0.0,0.0,0.0,0.0,4.559154355662683
0x31cbd708b505d3a9a0dae336bc9476b694256e74,4.507086998184066,0.0,0.0,0.0,0.0,0.0,0.0,4.507086998184066
0x107332a1729ba0bcf6171117815a87b72a7e6082,4.4104837682490485,0.0,0.0,0.0,0.0,0.0,0.0,4.4104837682490485
0x4937c6b353864c7586198eb42b1c91dc917e0bd6,2.2660293541810628,1.6379303363831967,0.0,0.0,0.0,0.0,0.0,3.9039596905642595
0xc8c8a69aa79652ed59b6446f8a2e3c0db57376ce,3.5573810365595095,0.0,0.0,0.0,0.0,0.0,0.0,3.5573810365595095
0x20b20eae302c821b53018037b0f3c1ec90c0af5b,0.0,3.545976034429527,0.0,0.0,0.0,0.0,0.0,3.545976034429527
0xbdfa4f4492dd7b7cf211209c4791af8d52bf5c50,0.0,3.3917761623193847,0.0,0.0,0.0,0.0,0.0,3.3917761623193847
0x7cb297533d4b7a187f252c3a0d72a282802dd949,3.389883085095872,0.0,0.0,0.0,0.0,0.0,0.0,3.389883085095872
0xefb09a2a095d0372f67053888010179e7a088293,0.0,3.322812800308416,0.0,0.0,0.0,0.0,0.0,3.322812800308416
0x85378a92dfb0b2f5970ccfcd23378f8003875795,3.2574879496621416,0.05589257874477523,0.0,0.0,0.0,0.0,0.0,3.313380528406917
0xed9c58b7b8314703591feff77014e60ace2532e7,0.08285542269721648,2.14719120419435,0.0,0.0,0.0,0.0,0.6648183227311882,2.894864949622755
0x0fffab764a78d2cf36a9f6079ad0e8361fa2eb94,0.6242903854123704,2.1666475557984297,0.0,0.0,0.0,0.0,0.0,2.7909379412108
0xf2f79c84483b18f23404c2936977e1d86ce5e177,0.5648702649064886,2.183187765745262,0.0,0.0,0.0,0.0,0.0,2.748058030651751
0xcac1f1c3e4599e044dc2a9d38a9b6ef1af1bdae8,1.21734915891346,1.4474258644155606,0.0,0.0,0.0,0.0,0.0,2.6647750233290206
0x6d7823cd5c3d9dcd63e6a8021b475e0c7c94b291,0.0,2.589114157466781,0.0,0.0021475269123770037,0.0,0.0,0.0,2.591261684379158
0x21813dd67fecb6dffb3f74bb35c13336bc99a519,0.0,0.0,2.56668818397478,0.0,0.0,0.0,0.0,2.56668818397478
0x9321d8117e73b0c79035f0e87debcfd8dbb1d75a,0.31282416132461116,2.2332712051402734,0.0,9.256336487705647e-05,0.001770068855092817,0.0,0.0,2.547957998684854
0xb65117c1e1006e7b2413fa90e96fcbe3fa83ed75,2.4993281154309503,0.0,0.0,0.0,0.0,0.0,0.0,2.4993281154309503
0xcb15941180ed7cff8b3547117eca6b78cbdeaf9c,2.48201248748409,0.0,0.0,0.000697495037817346,0.0,0.0,0.0,2.482709982521907
0x0ee5ac28683dc1e18ed730ff50c728272e38d7a9,0.08150131568442033,2.399783080121349,0.0,0.0,0.0,0.0,0.0,2.481284395805769
0x407afe1e87bf741293d47e562b107a633e678562,0.0,2.4746141575769234,0.0,0.0,0.0,0.0,0.0,2.4746141575769234
0x22d8f72787974e0f897f966b201ada0fc15dc0b6,0.024112611258085382,2.4266520415816784,0.0,0.0,0.0,0.0,0.0,2.4507646528397635
0xb03e09eac397623b4803ed50b447a1c6add4c88d,0.0,0.0,2.4074701002205185,0.0,0.0,0.0,0.0,2.4074701002205185
0x7c6db5dcfab3be735ac65e019b1ffb2bda214ff9,2.3333471403713166,0.0,0.0,0.0,0.0,0.0,0.0,2.3333471403713166
0x2c39f0041750e8b741b6918e49f7853351d98ce9,0.0,2.317400749377409,0.0,0.0,0.0,0.0,0.0,2.317400749377409
0x93d2f4f3a0445aa808c99cbd6ba05236a895379f,0.0,2.2393335904332847,0.0,0.0,0.0,0.0,0.0,2.2393335904332847
0x8fdbd50e88ab3624263ff888861f202e0dd0b9c2,0.0005362772732361235,2.0553264430378086,0.0,0.0,0.0,0.0,0.0,2.055862720311045
0xceec48581b3145a575508719f45da07dc57fa7ce,0.0,2.01150905618499,0.0,0.0,0.0,0.0,0.0,2.01150905618499
0x7be19059fa7337d8ff76aeda43c893ecdb119adb,0.23397831078765716,1.764648318228194,0.0,0.0,0.0,0.0,0.0,1.9986266290158512
0x21c107520fb69ab1eed094b67516f6c5cb3f9700,0.0,1.8519582667642362,0.0,0.0,0.0,0.0,0.0,1.8519582667642362
0xa6afc4610acc35afe818df9039baebdf386892c8,1.243604481065888,0.5965847771131703,0.0,0.0,0.0,0.0,0.0,1.8401892581790582
0x70e439584ef1ba300106b9c16543eaa1de676dc2,0.0,1.8158429219269534,0.0,0.0,0.0,0.0,0.0,1.8158429219269534
0x514c4ba193c698100ddc998f17f24bdf59c7b6fb,0.0,1.8033578843734202,0.0,0.0,0.0,0.0,0.0,1.8033578843734202
0x84d486f1410ab3c452fd6bb311efdb1f57a6c419,0.0,0.0467762399412601,1.748989339835569,4.2296563007313255e-06,0.0,0.0,0.0,1.7957698094331298
0x5783f9966dc9ccb64db2490449af2a8a1b74f1ff,0.30614507621387593,1.4760768699526567,0.0,0.0,0.0,0.0,0.0,1.7822219461665327
0x9f5362c5ad18e5a3f9c06e9cf26d5ae0c5833f3f,0.058812128161731446,1.6663696676963091,0.020232370260356812,0.0,0.0,0.0,0.0,1.7454141661183975
0xbf7e7d6a59ef41762b585d7521c7bf01577f9062,0.0,1.7192572359274443,0.0,0.0,0.0,0.0,0.0,1.7192572359274443
0x308fd47d492cf32d0f504c2a3e82bc25583b455b,0.0,1.716305845385252,0.0,0.0,0.0,0.0,0.0,1.716305845385252
0x8c8d16b8005eaed1f27e04e5e6df154b96fe5f83,0.27359367841908727,1.3840066056841756,0.0062048088564801585,0.0,0.0,0.0,0.0,1.663805092959743
0x685feceec46dd4e5c9b5b726f5d7550fd0eda526,0.5322933125341094,0.9944894757928904,0.006753028337865103,0.0,0.0074645802667607465,0.0,0.0,1.5410003969316257
0xc3eed391e92ac9d810cb43cc4c1124e99ccaf688,0.003211422388528074,1.4936977047642575,0.0,0.0,0.0,0.0,0.0,1.4969091271527855
0x5f31df82d68bc9705eeb0febf3fe3b6359ba586d,0.0,1.4847065431548094,0.0,0.0,0.0,0.0,0.0,1.4847065431548094
0xb83cee9e0669ad5cecd6100cc94f5341c2a13b98,0.0,1.455047077430761,0.0,0.0,0.0,0.0,0.0,1.455047077430761
0x2e32935bfd5b2718f99bc8fdf8b37c16811f7d97,1.4364967896959033,0.0,0.0,0.0,0.0,0.0,0.0,1.4364967896959033
0xabbc6aaf0f99a05e2e00e0426b5628b404a5e3b3,0.0,1.4216743880990892,0.0,0.0,0.0,0.0,0.0,1.4216743880990892
0x18ef394affe7accf3553891e8eb0b8cc303d090d,0.1726099662536622,1.2305899801521096,0.0,0.0,0.0,0.0,0.0,1.4031999464057718
0x99460c6b44fd9d93528b3b6e3365793acb40bb46,0.17697384523210005,1.2228485603526473,0.0,0.0,0.0,0.0,0.0,1.3998224055847475
0xfbb47621086901487c7f3bec6f23205738d59e27,1.375632705854465,0.0,0.0,0.0,0.0,0.0,0.0,1.375632705854465
0xba58eb3a9a89e78370aba6d8a19640525acc6a02,0.0006037762777744956,0.0,0.0,0.0,1.3574010852023803,0.0,0.0,1.3580048614801548
0x93715ac02e3e7adcc95fdbbfed645965969782e4,0.0,1.3294357523446119,0.0,0.0,0.0,0.0,0.0,1.3294357523446119
0x13c50dcdee4bbcba71baf578b345cdd35c7928be,0.006387287202247881,0.0,0.0,0.0,0.0,0.0,1.2951886850151635,1.3015759722174114
0x563bf0731cf71ad7cea05b9c48a802d8c53e7dc4,0.2393619453744437,1.0368100592180867,0.0,0.0,0.0,0.0,0.0,1.2761720045925304
0xfd7e2721da55ca7bdc20e90626724c77dfdde0c6,0.2813580672395085,0.47947847554170914,0.48755540271078,4.032802785080379e-06,0.0,0.0,0.0,1.2483959782947827
0xa656a158fdd934e8a78bf16777ea0303f1067149,1.235269472004215,0.0,0.0,0.0,0.0,0.0,0.0,1.235269472004215
0xf3b81a4cae77e820f1b82f46ebd8216b57d1226a,0.0,1.2296715328824068,0.0,0.0,0.0,0.0,0.0,1.2296715328824068
0x0284bbd3646b59740a167ef78a306028343f3806,0.14451837605724743,1.0768688188677158,0.0,0.0,0.0,0.0,0.0,1.2213871949249633
0x5de5fc77fa43dda4155ce70edb0be683c0cc03c3,1.217756984846453,0.0,0.0,0.0,0.0,0.0,0.0,1.217756984846453
0x93b575a07ba3abb5940a24d5e319d0dd21d4ee9d,0.3701877280069582,0.8217320703975693,0.0,0.0,0.0,0.020823142867735636,0.0,1.2127429412722632
0xf905049d614ddd21e4745417b3f05eb05e52c4fb,1.1322082751465703,0.06495058864136896,0.0,0.0,0.0,0.0,0.0,1.1971588637879393
0x0673251eaea864aa256aa5f934b1e629d9430224,0.6926040333330624,0.4949162514489343,0.0,8.177782832073816e-11,0.0,0.0,0.0,1.1875202848637747
0x6d910bea79aaf318e7170c6fb8318d9c466b2164,1.174472343499378,0.0,0.0,0.0,0.0,0.0,0.0,1.174472343499378
0xb18ec843b2c94bd3db66fd61974da3bc0993b7e9,0.0,1.170781129626073,0.0,0.0,0.0,0.0,0.0,1.170781129626073
0xef962f012cd63a3ff0286e710fd9600620306a53,0.0,1.1345257095169385,0.0,0.0,0.0,0.0,0.0,1.1345257095169385
0x549e6dd8453ed87fccdcf4f8b37162b10edc0533,0.10292673870778142,1.0309048964763274,0.0,0.0,3.219504407427913e-08,0.0,0.0,1.1338316673791529
0x0c7f7a2d22a700dbc1ea9092551358777771a602,0.0,0.0,1.132987868914246,0.0,0.0,0.0,0.0,1.132987868914246
0x4fe9e1465d589757e0469b33504d00b91f431055,0.0808064969435576,1.0338058084879298,0.0,0.0,0.0,0.0,0.0,1.1146123054314874
0x481c48317e9b9dfee71f4e9588cb920c9c9f9ad1,0.2438518264449841,0.8160766609929988,0.0,0.0,0.0,0.0,0.0,1.0599284874379828
0xf1219d29669625f8ca1c312db488f9135779df23,0.0,1.0532285177299172,0.0,0.0,0.0,0.0,0.0,1.0532285177299172
0xa351db10472a07059ea099e0581444e568bff894,0.7454197850001711,0.2886110954005369,0.0,0.0,0.0,0.0,0.0,1.0340308804007081
0x7a2dec2cf9247964f22afae48fc7d6ad5b71e137,0.1735699031758584,0.8571989631551249,0.0,0.0,0.0,0.0,0.0,1.0307688663309833
0x87d1910be2aae6d9c22f15ac9009ec8ca8706bad,1.003361925941991,0.0,0.0,0.0,0.0,0.0,0.0,1.003361925941991
0xa4f7d6a008401a608476199a01dcc5487130987a,0.001926006497801337,0.9948151994899951,0.0,0.0,0.0,0.0,0.0,0.9967412059877965
0xd9f0834e7ca9b9262df3189b850ebf9514027e82,0.0,0.9478409411369814,0.0,0.030744227289770363,0.0,0.0,0.0,0.9785851684267517
0x285b7eea81a5b66b62e7276a24c1e0f83f7409c1,0.0,0.0,0.02889578414910261,0.0,0.9352046871546036,0.0,0.0,0.9641004713037062
0xc667891581280551ad01a0feece6b925d9c9bb08,0.2654380844772414,0.6982265433978293,0.0,0.0,0.0,0.0,0.0,0.9636646278750707
0x92a9db347130e0495bcb8b948dbe66f553592110,0.0,0.9561646638246444,0.0,0.0,0.0,0.0,0.0,0.9561646638246444
0x2ab644df83c3a553a59c8b704aa108f15b84b131,0.06533831242917668,0.8886244722736515,0.0,0.0,0.0,0.0,0.0,0.9539627847028281
0x67a8624706f698c0b198321d86c5bc1f948fcee0,0.14874556931265417,0.0,0.0,0.0,0.0,0.0,0.7806151319954173,0.9293607013080715
0x76c2164fc79492401db1890db0d17d16b9155aa0,1.2934851560793489e-05,0.9287858983470901,0.0,0.0,0.0,0.0,0.0,0.928798833198651
0xc6877a65349b0fa45cc61a267ee682c7abf2b369,0.0,0.9282625969612881,0.0,0.0,0.0,0.0,0.0,0.9282625969612881
0x1b225f6b10cb3e67a55b3ea85169e0696e16a34a,0.0,0.9259385534320083,0.0,0.0,0.0,0.0,0.0,0.9259385534320083
0x60d97552d8f7982922d18d0f2a8fbd9d5b0e2c28,4.704899757675237e-13,0.9251145807969313,0.0,0.0,0.0,0.0,0.0,0.9251145807974018
0x36e285138b9b81eb72d2cdd65ca320111fd42da1,0.0,0.9236428634530717,0.0,0.0,0.0,0.0,0.0,0.9236428634530717
0xa68eb8520766ca5eae81e547128d5cc3fa909a1e,0.0,0.9227010534413651,0.0,0.0,0.0,0.0,0.0,0.9227010534413651
0x11ddd954aa0772e56bd369c629c166d5ddf1f0c1,0.0,0.9181667090818696,0.0,0.0,0.0,0.0,0.0,0.9181667090818696
0x1dff8c29ad7f6d8841a25a9dda8956f2e7a3c134,0.0,0.9068157294905143,0.0,0.0003543350911342737,0.0,0.0,0.0,0.9071700645816485
0x0bfd6e674e98751b1b4e9ecbc183cb79da16b8f0,0.5500762489862389,0.3275799851827258,0.0,0.0,0.0,0.0,0.0,0.8776562341689647
0xe706f6b5e7f9e2320b02a77758c9a0bc3397e0e5,0.032112237363126836,0.7877958386239079,0.0,0.0,0.0,0.05318433677830765,0.0,0.8730924127653424
0xebf0fb688453698c155e5ef9e5b5ce3995d69e53,0.0,0.8668128938704157,9.60471067651443e-06,0.0,0.0,0.0,0.0,0.8668224985810923
0xf4cd43bc0a1f02a53f39a5e8d1a3cc8fdeb1b9c5,0.03013165641810752,0.8341704987319025,0.0,0.0,0.0,0.0,0.0,0.8643021551500101
0x1c2ab4393cfa0a58024670337c95f5c51bc6aea4,0.0058944200450137905,0.8472883882181117,0.0,0.0,0.0,0.0,0.0,0.8531828082631255
0x8f25818ff64be1abee91abca70c306b33b602062,0.023528271818044143,0.8288053780650929,0.0,0.0,0.0,0.0,0.0,0.8523336498831371
0xa6e2dc44418f5ad213c86db4dbb203a59d13c49f,0.0,0.8336319753385059,0.0,0.0,0.0,0.0,0.0,0.8336319753385059
0xac38a7473c31a1989a999c0a5da9a4e0d57f2574,0.0,0.8250166336049308,0.0,0.0,0.0,0.0,0.0,0.8250166336049308
0x27ab6308d7ea73f82c0cce159400ac3f8fe9cf44,0.1330704445631056,0.6914743445172928,0.0,0.0,0.0,0.0,0.0,0.8245447890803984
0x9f229740de515c449dd71cc99ed638b99fe476c7,0.8205945515017312,0.0,0.0,0.0,0.0,0.0,0.0,0.8205945515017312
0x9fcb7066c8aeee704f9d017996b490873b306e51,0.8198149864232694,0.0,0.0,0.0,0.0,0.0,0.0,0.8198149864232694
0xec6f302e1fd8905428f98d7e086c0fff8eb7b018,0.8184174875379614,0.0,0.0,0.0,0.0,0.0,0.0,0.8184174875379614
0x34ee2e826d3c6701df3b081d84c282c11c5eb4fc,0.5751741620649853,0.23030707307216425,0.0,0.0,0.0,0.0,0.0,0.8054812351371495
0x091144e651b334341eabdbbbfed644ad0100023e,0.7932649615695426,0.0,0.0,0.0,0.0,0.0,0.0,0.7932649615695426
0x3c6912e6f30f5611e8ff56a2b2f840d88c11ce9b,0.0,0.0,0.7823000295661512,0.0,0.0,0.0,0.0,0.7823000295661512
0xdbbdee771e62ab57894e8b8bdefbe094d3135ddd,0.28936425485061806,0.4893743028493367,0.0,5.748943387728519e-12,0.0,0.0,0.0,0.7787385577057038
0xf517639a8872e756ac98d3c65507d2ebc25cc032,0.7741484510657053,0.0,0.0,0.0,0.0,0.0,0.0,0.7741484510657053
0x6a68794281e4f60e5747f1df785f5983fe2ab36b,0.21118764389079064,0.5523666272217327,0.0,0.0,0.0,0.0,0.0,0.7635542711125234
0x64f2844525e6fb15260d0836ee9827e419f982b4,0.11907288514478447,0.6370388656560445,0.0,0.0,0.0,0.0,0.0,0.7561117508008289
0x04cc5be7baef93144c6a1f06846d26f808b44ab5,0.5291335762807228,0.22578363488616846,0.0,0.0,0.0,0.0,0.0,0.7549172111668913
0xb4a726f320b429730b2f1d2165c2ce06b9328085,0.0,0.7230327435049659,0.03163485324760659,0.0,0.0,0.0,0.0,0.7546675967525726
0x09c0e7d6c97b942a06361bed21a1f4224d7988f5,0.0,0.7538545516635282,0.0,0.0,0.0,0.0,0.0,0.7538545516635282
0x37de2f99bf85ebc078cfcfe6bbc6b58f5d8c0b65,0.0,0.7529371874470238,0.0,0.0,0.0,0.0,0.0,0.7529371874470238
0x187cfabdfee59f5f808bb5b584109c5bb2f812cb,0.017040889912797987,0.7351678135112043,0.0,0.0,0.0,0.0,0.0,0.7522087034240023
0xede1faaf984763a544ac3e95b4198434c552a2a3,0.10729748396939785,0.6241982948274364,0.0,0.0,0.0,0.0,0.0,0.7314957787968343
0xf4e8e7e9ea49a890887bb89f14912f894f639881,0.0,0.7253275576255105,0.0,0.0,0.0,0.0,0.0,0.7253275576255105
0xe105488ea37c9c5c777ad005694931fd35ba86e7,0.0,0.0,0.0,0.0,0.0,0.0,0.714332651575043,0.714332651575043
0x103dbc912d57dc2ce7d8211e16c8e20d02ba6528,0.7040215314324729,0.0,0.0,0.0,0.0,0.0,0.0,0.7040215314324729
0x3498d9771f02ae6800e4059cd2b5c9f6de6ee75a,0.6896408538557947,0.0,0.0,0.0,0.0,0.0,0.0,0.6896408538557947
0x81a39aa0b0d6fa8513aa79929e7c01dfaa232fce,0.25430927169889117,0.43310429852501825,0.0,0.0,0.0,0.0,0.0,0.6874135702239095
0xd653971fa19ef68bc80becb7720675307bfb3ee6,0.0,0.0975040069429377,0.5802877699838442,0.0,0.0,0.005729681334535,0.0,0.6835214582613169
0x28177b138fdec353c1da1858798c52ac0be0a0a8,0.0,0.6770611579418364,0.0,0.0,0.0,0.0,0.0,0.6770611579418364
0x009479c263046e392de100e6521d2a6601ac082e,0.29396667369611096,0.37216482421228136,0.0,0.0,0.0,0.0,0.0,0.6661314979083923
0xd1abe5db14d073883f2084c2af105652102bdefc,0.0,0.0,0.0,0.0,0.0,0.0,0.6645599417608935,0.6645599417608935
0x9c0f84c5788b74d429906708160cf5126c3398c7,0.0,0.653475770418374,0.0,0.0,0.0,0.0,0.0,0.653475770418374
0x3927af597c09774f91ef84bf765ded4109e9f8ea,0.09423315922797348,0.5586910085154486,0.0,0.0,0.0,0.0,0.0,0.6529241677434221
0x48ff06214283b3cf5c46ad6d1a31729f6cbf11d0,0.0,0.0,0.651659411947676,0.0,0.0,0.0,0.0,0.651659411947676
0xb51ffb60cb487911ac81581eec518803cc3e0e87,0.011151386764418965,0.01332891382937018,0.6247470103845998,0.0,0.0,0.0,0.0,0.6492273109783889
0x908101fc7cb87d4b3e7cdd6ef34e5d890adb6fc5,0.0,0.6491815458235153,0.0,0.0,0.0,0.0,0.0,0.6491815458235153
0x1411df065df3bedb53fc6c0038572cd5818bef9d,0.0,0.623210886569888,0.0,0.0,0.0,0.0,0.0,0.623210886569888
0x56dd99c2801cf413bb4ca9f5a401f737df5e0da6,0.0,0.6187983011396709,0.0,0.0,0.0,0.0,0.0,0.6187983011396709
0x2ea6bbf8eaf9f73589c347067c7c43ff637b6fc5,0.0,0.6116973460329913,0.0,0.0,0.0,0.0,0.0,0.6116973460329913
0xe2251252c83aa86e70ce37cc07c788cd4ba775af,0.0,0.6099003334224696,0.0,0.0,0.0,0.0,0.0,0.6099003334224696
0xe3d2e44ef2b07c432569f09f8348d3cffc14ea57,0.5731725055235755,0.018908448176743475,0.00038680623838215647,1.9048534592689358e-07,5.981619497216034e-05,3.0902519653902805e-09,0.003089509727249073,0.5956172794365202
0xfb8b00d5e83f6b039c47ba1d04a6c0ead6ae67b8,0.06690718626506326,0.525860906774722,0.0,0.0,0.0,0.0,0.0,0.5927680930397852
0x0583b4743394aee4fd3a77e05ed98c7b3e931160,0.0,0.5909732043355814,0.0,0.0,0.0,0.0,0.0,0.5909732043355814
0xac7cb1a684bac04010357888b55c29d40f1c8e85,0.39350506294986237,0.18830099418438007,0.0,0.0,0.0,0.0,0.0,0.5818060571342425
0x6628068ebd760aa4cf103329db4d0bddfd6fc117,0.15954491429928874,0.41986246751943557,0.0,0.0,0.0,0.0,0.0,0.5794073818187243
0x2f45724d7e384b38d5c97206e78470544304887f,0.0,0.5725426637871961,0.0,0.0,0.0,0.0,0.0,0.5725426637871961
0x5a40dfd9b1ad2a4bc5356a4829b4e6aa0f8f12e0,0.07468751811522685,0.4976728404087632,0.0,0.0,0.0,0.0,0.0,0.57236035852399
0xc7148d9609ccf292c58fb2ffcafab29caf6af5ad,0.0,0.5601081620471795,0.0,0.0,0.0,0.0,0.0,0.5601081620471795
0x0facac3bd128fe6d799898a059d3634b877c7a0a,0.0,0.5575995350591854,0.0,0.0,0.0,0.0,0.0,0.5575995350591854
0x09006946e70bb95fea200e635755d979f12f76ff,0.26693856189633103,0.2794771040583278,0.0,0.0,0.0,0.0,0.0,0.5464156659546588
0x77375a8c9d13bf79afb2a87f1b0ac1dfd5f5bf66,0.029412665474785108,0.5125676638598601,0.0,0.0,0.0,0.0,0.0,0.5419803293346452
0x8bc8b4e4921101bcc56ec084b906069b73de7276,0.0,0.48056394878133724,0.0,0.0002294552964818785,0.0,0.05547230303305185,0.0,0.536265707110871
0xd28a9fb4c656b815bfa452d089673a7735ee2124,0.5339292873636122,0.0,0.0,0.0,0.0,0.0,0.0,0.5339292873636122
0xa261277ee03044b256c2415564b5e97459f4e243,0.06104387857676651,0.469341980034837,0.0,0.0,0.0,0.0,0.0,0.5303858586116035
0xe69f04eb35fdab6bc7a8f36f92a9f3a470965215,0.0,0.5259648783409443,0.0,0.0,0.0,0.0,0.0,0.5259648783409443
0x6cd68e8f04490cd1a5a21cc97cc8bc15b47dc9eb,0.04828400581062684,0.4762594259873971,0.0,3.0433597594251256e-10,0.0,0.0,0.0,0.52454343210236
0x64916cd4b15045fd156bc2a6460cd3207638e289,0.10770609535242791,0.4162567587126126,0.0,0.0,0.0,0.0,0.0,0.5239628540650405
0x13640f452a56aaa7a5a5e5a6bd24c45374dacbcc,0.19197110744287715,0.3247341786146531,0.0,0.0,0.0,0.0,0.0,0.5167052860575303
0x9c1915f821912f5bbcbbd07ef92cee9cf28068d4,0.5149952543226382,0.0,0.0,0.0,0.0,0.0,0.0,0.5149952543226382
0xb9895557c3cdb01d3b04199796aac59a309ba1c3,0.05886615212509128,0.45190535570495477,0.0,0.0,0.0,0.0,0.0,0.5107715078300461
0x9c919bd5222da7e44ad276d3e98ac2c961845ac3,0.0,0.0,0.0,0.0,0.0,0.0,0.5097449553781827,0.5097449553781827
0x48b1a8f92e403bc9dc7500b9cbcc4cadf35c7ac0,0.5086786336641823,0.0,0.0,0.0,0.0,0.0,0.0,0.5086786336641823
0x3959e4a4746f7cfbf0902547895ac1b1882b829c,0.5084944258599183,0.0,0.0,4.2436800410385084e-05,0.0,0.0,0.0,0.5085368626603287
0xd20b06157e2b66748ccf777d2ef4c65f6ae7bbd5,0.0,0.5035850264704869,0.0,0.0,0.0,0.0,0.0,0.5035850264704869
0x378a5f8138716c3579fba7fb5fb24f862a38a256,0.0,0.5035816769215192,0.0,0.0,0.0,0.0,0.0,0.5035816769215192
0xdddcd66893097ba4fb6086aeea5c199245477c45,0.05851495683556604,0.4429666715729816,0.0,0.0,0.0,0.0,0.0,0.5014816284085476
0x6e1392ecff9451276bc22ec9b9a7a376648fa1e9,0.500394437946111,0.0,0.0,0.0,0.0,0.0,0.0,0.500394437946111
0x22edc38749b59c31c9319eae7fc62143ac2fcc6c,0.0,0.29979535221332,0.0,0.0,0.20029321399735495,0.0,0.0,0.5000885662106749
0x0a7097d919b7421ecc03aed3aac68a13e7ef1f46,0.0,0.4911647231405683,0.0,0.0,0.0,0.0,0.0,0.4911647231405683
0x74c2c2751e1cafdc735b50a8d52ba6581bab6aac,0.4599660639017846,0.027826327688787948,0.0,0.0,0.0,0.0,0.0,0.4877923915905726
0xc6db461cc8fbe1ff767a63a8d85019265c187bd5,0.20722580276478833,0.2721148674810846,7.100170575864101e-08,6.979920809011752e-13,2.825304383535511e-10,0.0,0.0,0.4793407415308071
0x2d795f7de35a512e730e07ff96c4f7257441fe08,0.0,0.0,0.4774415862831566,0.0,0.0,0.0,0.0,0.4774415862831566
0x34242de9ad622169fc1a45b19ebcfbf6d88fa309,0.3824874086673528,0.08386619469751222,0.0,0.0,0.0,0.0,0.0,0.46635360336486503
0x621370f543d4e829ce5ca06addab3e784b90d06c,0.0,0.4642073551694821,0.0,0.0,0.0,0.0,0.0,0.4642073551694821
0x84838a8c45a9572846ec1c7a7f7fd8183fca9d3f,0.0,0.463708272971228,0.0,0.0,0.0,0.0,0.0,0.463708272971228
0xe02b82fdbcc4b090f3ad58ad1e22f7c6a5bbfa83,0.0,0.4628923313207447,0.0,0.0,0.0,0.0,0.0,0.4628923313207447
0x9cb21ce0ff81e55db73bbb36d5a9eac9d50a938b,0.0,0.46242038347551917,0.0,0.0,0.0,0.0,0.0,0.46242038347551917
0x513aedace44cc9a0724ca276a8ceeee950903576,0.0,0.45221628428194455,0.009895828346879663,0.0,0.0,0.0,0.0,0.46211211262882423
0x587cbde67de3de091361bf5bea1a87f0883a96c2,0.22853706070102217,0.22954614404404258,0.0,0.0,0.0,0.0,0.0,0.45808320474506475
0x864de5bbaf4b8c808e94a8385b95b0855d170137,0.0,0.4573891880759866,0.0,0.0,0.0,0.0,0.0,0.4573891880759866
0x226b9221ab83cf77bddc744f733667fb7a5f7873,0.0,0.45570607537547625,0.0,0.0,0.0,0.0,0.0,0.45570607537547625
0x00205dc9a8c3d6ce3acb2584130cfb7993ce209c,0.0,0.4548269597495217,0.0,0.0,0.0,0.0,0.0,0.4548269597495217
0x1a4c6a8de54333164905d88d009eaa64bf91679e,0.08942682576317218,0.36259615164375864,0.0,0.0,0.0,0.0,0.0,0.4520229774069308
0x44db61c6cedfbda1428e1ea07d7d31b8140a9519,0.0,0.0,0.4498007847608556,0.0,0.0,0.0,0.0,0.4498007847608556
0x5d56c84be6a17384215aa2f0a0ddf4a2b2235458,0.0,0.4444126302803672,0.0,0.0,0.0,0.0,0.0,0.4444126302803672
0x422e57362befdba880e8c3c51daff035df2d4fd8,0.28238220550677773,0.15403118000528274,0.0,0.0,0.0,0.0,0.0,0.43641338551206044
0x416aa75c6742ab3126bbf60cfa395f2cc8b06fed,0.061045450483892205,0.3722432993225322,0.0,0.0,0.0,0.0,0.0,0.4332887498064244
0xa236e217d428c0b9da973e7c8cc86e2ff8a9d923,0.24703487474482386,0.1839767884292827,0.0,0.0,0.0,0.0,0.0,0.43101166317410655
0x55f1fc00cab60de906ed428501578b4bd4b3a020,0.0004663923945015923,0.0,0.43042761222089804,0.0,0.0,0.0,0.0,0.4308940046153996
0x225d939bf17ac1ea1cfde912de82a4ec273ddc78,0.0,0.4284781586448602,0.0,0.0,0.0,0.0,0.0,0.4284781586448602
0x50eb759898dc73cdaaec262cfb9a56233afaf919,0.0,0.417027858161982,0.0,0.0,0.0,0.0,0.0,0.417027858161982
0x3e8734ec146c981e3ed1f6b582d447dde701d90c,0.0,0.4166382508608635,0.0,0.0,0.0,0.0,0.0,0.4166382508608635
0x4c72cbe16b3856307567aa7c4b575bcd11c17f08,0.05429429089955847,0.360870621373363,0.0,0.0,0.0,0.0,0.0,0.41516491227292146
0xb4773a58bfa5eb5f1029334d5dbde2f12cd35d42,0.04767119412946209,0.3617841458564013,0.0,0.0,0.0,0.0,0.0,0.40945533998586336
0x80151e33dfca9ad6a4c7abced7a5ac6593687905,0.0,0.4046342205992879,0.0,0.0,0.0,0.0,0.0,0.4046342205992879
0xaee8c421dbf5c468b1ff566301b9090b64cf52be,0.09880288601915468,0.30064165611533694,0.0,0.0,0.0,0.0,0.0,0.39944454213449165
0x83876ba64eb39ce12c844c319fc6011ff51fcfd4,0.09696056575753947,0.2985683425673163,0.0,0.0,0.0,0.0,0.0,0.39552890832485577
0x104bccd93822c0b7b1238d9303bdd90ee4eaeb46,0.0,0.3940146852478222,0.0,0.0,0.0,0.0,0.0,0.3940146852478222
0x15b989222088b5a00d1283e8c2bbbe9cc7bd4b30,0.0,0.38705630350125925,0.0,4.81269021437738e-06,0.0,0.0,0.0,0.3870611161914736
0x49e7cf16d2cfdf6173be328401cee3db6d08137b,0.01217538071116927,0.37270582350244963,0.0,0.0,0.0,0.0,0.0,0.3848812042136189
0x05b51f53f09155478af947f0b6bfca30f2fc3aaa,0.003498594041060673,0.0,0.3801915620028161,0.0,0.0,0.0,0.0,0.3836901560438768
0x1fbf4789ac39de79936ccc29fa6789db6848a275,0.04321122029773649,0.3127441780721762,0.023525440400015026,0.0,0.00267011989180367,0.0,0.0,0.3821509586617314
0x2390b7bb013f817032a7d09b90d8aca969e785c7,0.38056643557743164,0.0,0.0,0.0,0.0,0.0,0.0,0.38056643557743164
0xc1d9c776ef4ba56026bb47f16e36c6a4bdab7d9e,0.06510729761713537,0.30346371997388577,0.0,0.0001274903172046536,0.011865084423380775,0.0,0.0,0.3805635923316066
0xf71a2b0fb96fbfbd85ba7d9cc355da1e195c07fa,0.0,0.0,0.3805543334523275,0.0,0.0,0.0,0.0,0.3805543334523275
0xc39aa357121170e078cb9a58a6f74cf8b66bb915,0.0,0.37876157023433554,0.0,0.0,0.0,0.0,0.0,0.37876157023433554
0xe9b0b621b7c4e09d20a7c727f212b49aa294be66,0.013757326462821597,0.360357230547998,0.0,0.0,0.0,0.0,0.0,0.3741145570108196
0x4e32f9b9d642229613aff764068d00f1e664de28,0.0,0.3717993416346397,0.0,0.0,0.0,0.0,0.0,0.3717993416346397
0xbc8819c1821bc52b5d30d2dd52f0cb6110510005,0.0,0.3706831801544589,0.0,0.0,0.0,0.0,0.0,0.3706831801544589
0x4a253ce067875220f44938997dd58b93d02cb145,0.0,0.36860808930286093,0.0,0.0,0.0,0.0,0.0,0.36860808930286093
0xf46ca31613fa3ed6a1b2bea995dc4f5b90c1b496,0.0,0.34053061427717757,0.0,0.026836692403053516,0.0,0.0,0.0,0.3673673066802311
0x728aad5445e7a1727b67b5b30aa153f5851ae274,0.0,0.3645324631540997,0.0,0.0,0.0,0.0,0.0,0.3645324631540997
0xf877bd0c6e05c84a05edb720557d0edbd4256660,0.0,0.36146594287223677,0.0,0.0,0.0,0.0,0.0,0.36146594287223677
0xbf7a039c12246979f420b4543dcd40e176a15e43,0.02507078857332941,0.33276837728275377,0.0,0.0,0.0,0.0019580959985267907,0.0,0.35979726185461
0xa6a197e853fc2e6ac7d1da867090e85676701c28,0.0,0.3591690239847368,0.0,0.0,0.0,0.0,0.0,0.3591690239847368
0xf18e30936b6144b36cac59913d43eafc71f255ec,0.0529294233788659,0.2911815980747326,0.0,0.0,0.0,0.0,0.0,0.3441110214535985
0x136ea1a4965fbe2587cfdb26d08c7afdee0da608,0.24140613089907548,0.004638480360419322,0.0970448736588729,0.0,0.0,0.0,0.0,0.3430894849183677
0x1e07a22190c1d161248febf9fc2c440f324a16e2,0.13221926735161404,0.20940185089318838,0.0,3.0226638521198583e-05,0.0,0.0,0.0,0.34165134488332366
0xa91e352e62d6982b572d259946b969bcd7b10a37,0.15694549277244663,0.18111265676170127,0.0,0.0,0.0,0.0,0.0,0.3380581495341479
0x50ba9847e31dd17372196f906332345c99995a69,0.0,0.0,0.3373728255819457,0.0,0.0,0.0,0.0,0.3373728255819457
0x42aae074ef0adb3868082f109501afb0a1b004cd,0.015876046190904877,0.31477068082980564,0.0,0.0,0.0,0.0,0.0,0.3306467270207105
0xa8335707df53fd16769c32d1829c3c4778c78e3a,0.0,0.33038277355880497,0.0,0.0,0.0,6.068805491402124e-08,0.0,0.3303828342468599
0xba55bdbf959df826da6c35487eb15fad2164662d,0.005995150118737257,0.32389996613179733,0.0,0.0,0.0,0.0,0.0,0.3298951162505346
0x4f0a01badaa24f762cee620883f16c4460c06be0,0.0,0.3291692837659246,0.0,0.0,0.0,0.0,0.0,0.3291692837659246
0x480e316d09cffb8bb4dad75b2827745c272b6b3b,0.32879656554902964,0.0,0.0,0.0,0.0,0.0,0.0,0.32879656554902964
0x250b6caa76cf8c72b8ecd546d78dc096fa8eb824,0.3284049466576863,0.0,0.0,0.0,0.0,0.0,0.0,0.3284049466576863
0xff3062cd00f9d457b1ed393eb63b73c4bebc6f7c,0.0,0.3281100114722959,0.0,7.714626068238988e-07,0.0,0.0,0.0,0.3281107829349027
0x5d5659edb5384ee335440c623e7ba10aef41d7b1,0.011762249394187858,0.3162919791022179,0.0,0.0,0.0,0.0,0.0,0.32805422849640575
0xaee1e4a66cb48eed774a2d627878a67903be1cd0,0.0,0.32446833240818185,0.0,0.0,0.0,0.0,0.0,0.32446833240818185
0xe0d8d0c389928ce0f0e4cda06de5915c75d93ed7,0.3202738971237846,0.0,0.0,0.0,0.0,0.0,0.0,0.3202738971237846
0xd87262c913e3d3e34dc9c2c0150f0646fdcd0e9c,0.09802320679475264,0.2211303051610455,0.0,0.0,0.0,0.0,0.0,0.31915351195579816
0x1cd846882047e50010a4cb88b6466a51dddefbef,1.1769306743824597e-13,0.31661701776337053,0.0,0.0,0.0,0.0,0.0,0.3166170177634882
0x2d29c09ef733f48fe10074a2dd7c38b50a9d4d89,0.0,0.31629385063983834,0.0,0.0,0.0,0.0,0.0,0.31629385063983834
0x720c737c4d6656d05a6066b4618238e8ea56bd18,0.0,0.3159403018902837,0.0,0.0,0.0,0.0,0.0,0.3159403018902837
0x40e6abab4961e75b077e8db6c0c77b8627bd6fba,0.14672417054486633,0.16788212067995328,0.0,0.0,0.0,0.0,0.0,0.31460629122481965
0x58e09db7a9219b080a8f637718a959ac63180a01,0.03532537054902425,0.2781776255438896,0.0,0.0,0.0,0.0,0.0,0.3135029960929138
0x59af6d2c21e92970ea0ac411e8fa965fffecbb1c,0.0,0.3130997331307244,0.0,0.0,0.0,0.0,0.0,0.3130997331307244
0x087c01d466824a47c0077f4bbeca3d4626eb607b,0.0,0.3126142683771701,0.0,0.0,0.0,0.0,0.0,0.3126142683771701
0xd9098a04024d3c8668ca93a23170cd95f1103636,0.034948177995768,0.2755979246335353,0.0,0.0,0.0,0.0,0.0,0.31054610262930327
0xa8eb1157b9d34a79a8c362e0016c15e62d3ccb7e,0.18008096246720856,0.11867443605368365,0.010896449373856743,0.00024200127078312432,0.0,0.0,0.0,0.3098938491655321
0x66a5128c05a37019f74fcad7dde39b26749e96f7,0.0,0.0,0.3094105248843708,0.00018980738677129395,0.0,0.0,0.0,0.3096003322711421
0xacf9b252a644505f0d3071ac01a0f757f49e20c1,0.12839752407926855,0.17973318589416779,0.0,0.0,0.0,0.0,0.0,0.30813070997343633
0x894b946065ce893dfc78a13b3ac4d77dda68558d,0.19491262360815,0.10612286469087906,0.0,0.0,0.0,0.0,0.0,0.30103548829902904
0x0050dccb23c526d24640baa4e417c440bef5b557,0.30004841679121247,0.0,0.0,0.0,0.0,0.0,0.0,0.30004841679121247
0xdcae2fad75a99c6e0f1a013a1829c777ce176c0b,0.0,0.29849719587799917,0.0,0.0,0.0,0.0,0.0,0.29849719587799917
0x75259c8d688f5cb7bac59b1cf01bd534048ad3ca,0.295316232579287,0.001893727248162899,0.0,0.0,0.0,0.0,0.0,0.2972099598274499
0x0661f7963fa984bdfe53f86fce7b3172d63bec13,0.03926640220020476,0.24987906098008847,0.007026125247803031,0.0,0.0,0.0,0.0,0.29617158842809627
0x884ee57fd61f8cde2d320d9e9512518edd21235d,0.05205440970711205,0.24407348051376457,0.0,0.0,0.0,0.0,0.0,0.2961278902208766
0xce91783d36925bcc121d0c63376a248a2851982a,0.033570134656183706,0.2564298911557953,0.0,0.0,6.178709108394888e-09,0.0,0.0,0.2900000319906881
0x1aa430fdc582629849bb9f82676611c845641d61,0.0,0.28523967650444937,0.0,0.0,0.0,0.0,0.0,0.28523967650444937
0xb8fe180f6373233757ab7f416a33385eaa63c294,0.035417003229553205,0.247723999627151,0.0,0.0,0.0,0.0,0.0,0.2831410028567042
0x459fea28e89e7b6dcc005f08eb13089a3edd1c94,0.04116787347118139,0.24107335418829437,0.0,0.0,0.0,0.0,0.0,0.2822412276594758
0x4fe2e743da6e8d1aa0c9ed5489d8c2c9b5f96c87,0.03233605258629611,0.24837409498805219,0.0,0.0,0.0,0.0,0.0,0.2807101475743483
0x7f4a33fa2f3547f6c1965ae7e4c4fdd5028d3413,0.04869970048494872,0.2302392359998904,0.0,0.0,0.0,0.0,0.0,0.27893893648483914
0x3f3192097db8fc6043e459db7926a4d8a26c155b,0.0,0.2781171097943675,0.0,0.0,0.0,0.0,0.0,0.2781171097943675
0x9ffe3530a5613d365e1cf88c8e74d5b5d5db1c16,0.0,0.2770662487250357,0.0,0.0,0.0,0.0,0.0,0.2770662487250357
0x789ef535b79d45102ccbb486e9632bead29facff,0.038976368860766365,0.23617044706500484,0.0,0.0,0.0,0.0,0.0,0.2751468159257712
0x4e1cfe1b94095ba38f8f5aed79996737eab134b7,0.2710670946769498,0.0,0.0,0.0,0.0,0.0,0.0,0.2710670946769498
0x02e76c933b98c46fabd87fb30c14c7a623319bbe,0.03252521806483686,0.2309208351341486,0.0041370923323027315,0.0,0.0,0.0,0.0,0.2675831455312882
0x00f98baf21eed79164d1cf99eae6b4439b96dd46,0.030592169725335815,0.23571496102157968,0.0,0.0,0.0,0.0,0.0,0.2663071307469155
0xe4a5a7f7931ca63d6505a535edec6185660bc731,0.0,0.26286093282066364,0.0,0.0,0.0,0.0,0.0,0.26286093282066364
0xd22f76abcf04b0194b3594073587912f9b9e56f9,0.0,0.26234270269729776,0.0,0.0,0.0,0.0,0.0,0.26234270269729776
0xbaa90106042c8fb2e4ec54b7215e9ce900b6b740,0.07302616990180538,0.18713459911660085,0.0,0.0,0.0,0.0,0.0,0.26016076901840623
0xa183a9fdae89949393995f6d773311054a9cb684,0.0,0.0,0.25999933003633435,0.0,0.0,0.0,0.0,0.25999933003633435
0x1afd3a258b1a9b397a24a239bb70444b478deedb,0.2590429056104013,0.0,0.0,0.0,0.0,0.0,0.0,0.2590429056104013
0x5b9f7f6c2cbe7425b9c03fe5254ced9fae05b50c,0.07057349565939329,0.18740539517731458,0.0,0.0,0.0,0.0,0.0,0.2579788908367079
0x99e32a54dc3514c6588ccad6878891b831013bf2,0.04518661098471532,0.21245200116111054,0.0,0.0,0.0,0.0,0.0,0.25763861214582584
0x71f88d670c113e57ed8deda4cc66d6f172119d44,0.029405468221191087,0.2270428526087938,0.0,0.0,0.0,0.0,0.0,0.2564483208299849
0x46ae02214bc8deace6a568bed7550d81404b66ef,0.2549748012493638,0.0,0.0,0.0,0.0,0.0,0.0,0.2549748012493638
0x1d6c15ddefd93bf173b2185957aecc27285063c8,0.1284750445979567,0.12394250696101392,0.0,0.0,0.0,0.0,0.0,0.2524175515589706
0x0590be31a251f2c2eaeb499b5cd810b4ef9e2876,0.24545044864104187,0.0,0.006786222944069548,0.0,0.0,0.0,0.0,0.2522366715851114
0xae36d84052440d5d0239113361ed5a126cba7937,0.008618352183365973,0.07098913145626531,0.17187667603590234,0.0,0.0,0.0,0.0,0.2514841596755336
0x1718cbbb004d7efcb7855b0da7bb9e3d4c999566,0.058174155204410626,0.19313690489851892,0.0,0.0,0.0,0.0,0.0,0.25131106010292953
0x5992134a6a35208b06ed9ed4c1c27eceb1c338fa,0.07066649080722416,0.18000081778764684,0.0,0.0,0.0,0.0,0.0,0.250667308594871
0x80fb5880f38185661962e475ac1557817dc9faea,0.0,0.15314777097920038,0.09749244476169232,0.0,0.0,0.0,0.0,0.2506402157408927
0x15370cd64c216779deb566f5fd70a43b77047ae9,0.0,0.25048527662907544,0.0,0.0,0.0,0.0,0.0,0.25048527662907544
0xac7708a5c455f2304200e80ddaa95999ae4e1626,0.0,0.2500500229461732,0.0,0.0,0.0,0.0,0.0,0.2500500229461732
0x145dcfb47920325d5bb44d239cb9fd0dcada8bc7,0.023531556138012513,0.226195526326246,0.0,0.0,0.0,0.0,0.0,0.2497270824642585
0x19f2a6c6ff45e1d3521d998c403e5de2b73f1d89,0.24923563494683637,0.0,0.0,0.0,0.0,0.0,0.0,0.24923563494683637
0x9bbfe72693a8484c295682ad391090ad49b29705,0.07640266196997718,0.1686156391331922,0.0,0.0,0.0,0.0,0.0,0.24501830110316936
0xa663473951a57fe34c0a8f4e3d869a29593cf5bc,0.1452743493424427,0.0981298487360201,0.0,0.0,8.887062809725344e-10,0.0,0.0,0.24340419896716908
0x2ba3e08d9af56cdc77bb703eb53ecfa5a0c3eac6,0.0,0.18888709342941884,0.0,0.012132931664644415,0.04043790082261174,0.0,0.0,0.24145792591667498
0x182fbae99347223d3f22b27c0612466e381dfa77,0.0,0.24111804288523078,0.0,0.0,0.0,0.0,0.0,0.24111804288523078
0xbea2014bda7b632c574763720ee7708c92356407,0.0,0.24049363733117246,0.0,0.0,0.0,0.0,0.0,0.24049363733117246
0x30b16c4edc7bac1f91216f025b88d3c1c3761293,0.03630787939110537,0.19821368202946235,0.0018983670222056251,0.0,0.0,0.0,0.0,0.23641992844277337
0x8c8fca584072353a32c83b5229b5d104a608030f,0.0,0.2306292663989452,0.0,0.0,0.0027361512583379253,0.0,0.0,0.23336541765728314
0x7c1dc6ca32bbad53d34e8879eef51a8a9ffb2933,0.0,0.23329765835335914,0.0,0.0,0.0,0.0,0.0,0.23329765835335914
0x50d61ae63f36978b5a81085d794cf501777b7673,0.0,0.2328396291963392,0.0,0.0,0.0,0.0,0.0,0.2328396291963392
0x5aa6a1d420bf8fa45d141af73e9230e1e8c3dc16,0.0,0.23208225099993282,0.0,0.0,0.0,0.0,0.0,0.23208225099993282
0xe0b4284d5ff9b24e34641efeda4f112b7656b99f,0.0,0.2318811416031982,0.0,3.2186720567953525e-11,0.0,0.0,0.0,0.23188114163538492
0x224d623ada3ed2bec42196843b17e521fd9fbf9f,0.22715760213936145,0.0,0.0,0.0,0.0,0.0,0.0,0.22715760213936145
0x362b086c7551ff2c16868fd77ac5ac717fb1a80f,0.22458356360679274,0.0,0.0,0.0,0.0,0.0,0.0,0.22458356360679274
0x57174ba8ac5cfcf8339d0cadf1b16a51122e0572,0.0,0.22384529417443466,0.0,0.0,0.0,0.0,0.0,0.22384529417443466
0x256178664ac297e9c6b1a124849bbad3302c2382,0.22363329243909774,0.0,0.0,0.0,0.0,0.0,0.0,0.22363329243909774
0x736dde3e0f5c588ddc53ad7f0f65667c0cca2801,0.06470602941345066,0.0,0.15781245996265741,0.0,0.0,0.0,0.0,0.22251848937610808
0x7278a0d4f726efb6d34aa0432e0a3d6ef8df6455,0.0,0.22245281917915136,0.0,0.0,0.0,0.0,0.0,0.22245281917915136
0xd91a413f30ff29a3853c01c6ffade658b80ca41c,0.019009172821143255,0.20318358100012912,0.0,0.0,0.0,0.0,0.0,0.22219275382127238
0x08cbf900b3aa904219b66b5a8fb43f33307313b2,0.0,0.21925916324270778,0.0,0.0,0.0,0.0,0.0,0.21925916324270778
0xc75f98acd0a6b9c6a751de1ea0c2659501682278,0.0,0.21844645628271323,0.0,0.0,0.0,0.0,0.0,0.21844645628271323
0x1bb62428ca8bc2aab42a4050e9871fba9c417cdf,0.0,0.0,0.0,0.0,0.21820017431031236,0.0,0.0,0.21820017431031236
0xdf06a761d286c0ae835173236e1f12f1379e4977,0.11064545884845199,0.10685969461779678,0.0,0.0,0.0,0.0,0.0,0.21750515346624877
0x44743b2972fa6932df4f6ae79557afc160b1bfb2,0.21602976903467463,0.0,0.0,0.0,0.0,0.0,0.0,0.21602976903467463
0xe529978e90c7f0a98d8a654689b913aae3417fc6,0.03473436046862029,0.1810944051239579,0.0,0.0,0.0,0.0,0.0,0.2158287655925782
0x5db201ae15f9702f0a0ff9f00b8c1c18355373d0,0.060810822379411905,0.1545547924412062,0.0,0.0,0.0,0.0,0.0,0.2153656148206181
0xd5ec5c9cda4260a1774d23611999a8ffbd1dffdf,0.0645392923610741,0.15007463628475823,0.0,0.0,0.0,0.0,0.0,0.21461392864583234
0xde271faab5a2cc2e2bf682c1ff60a64c63f3ff02,4.852392825060066e-05,0.21399478780334533,0.0,0.0,0.0,0.0,0.0,0.21404331173159594
0x3dc212872b7e914912f11b270fc864c1b9804cd4,0.023525695232504595,0.18987061576893233,0.0,0.0,0.0,0.0,0.0,0.2133963110014369
0xc7b4fac3cffa5f7dae31b5687c25ba4a005a2d15,0.0,0.20995398064623585,0.0,0.0,0.0,0.0,0.0,0.20995398064623585
0x565ecaba37af101ba170ea8c013dda06c30fae9c,0.20965174998659047,0.0,0.0,0.0,0.0,0.0,0.0,0.20965174998659047
0xc0c44b69d91ea0b26f5be8afedc18a8cee281ad7,0.003667153391331755,0.20411885448736058,0.0,0.0,0.0,0.0,0.0,0.20778600787869234
0x46fa5605c504b8f8dbfe1fcc8c71ef948c68e609,0.0038028177463983563,0.0,0.2038982566481928,0.0,0.0,0.0,0.0,0.20770107439459115
0x8cadbe18a022307a4819794d10c531480b479468,0.027304739828044884,0.17823576990131096,0.0,0.0,0.0,0.0,0.0,0.20554050972935584
0xbbd9691eb4f7f9bbd620b1415cb5ef979ea55ff1,0.0,0.2033187565827248,0.0,1.0662991930436473e-11,0.0,0.0,0.0,0.2033187565933878
0xc26010349cd4792cf43b5a487e1919dd7ed7e111,0.023638057446324096,0.1795475292242892,0.0,0.0,0.0,0.0,0.0,0.20318558667061332
0xb52af6a7a3f0dc90c0d7c6540c2d90bf883d22d1,0.0,0.20275552126939356,0.0,0.0,0.0,0.0,0.0,0.20275552126939356
0x9a68fd8cdc9c11c5a5fd67decc42d0e583bb72c6,0.011762955266534605,0.1906448877757926,0.0,0.0,0.0,0.0,0.0,0.20240784304232723
0xe0e8c1d735698060477e79a8e4c20276fc2ec7a7,0.002938945039255206,0.1975975469089465,0.0009668850320360108,0.0,0.0,0.0,0.0,0.2015033769802377
0x4f294e5dea9d3b1139960a8ba766908ed19fbd33,0.004746062466809706,0.19633563029516576,0.0,0.0,0.0,0.0,0.0,0.20108169276197546
0xd0b53c43d3e0b58909c38487aa0c3af7dfa2d8c0,0.0,0.0,0.0,0.0,0.0,0.0,0.1998880394040494,0.1998880394040494
0x275be92ea1fee58a5f5c5312d38558695b7078d2,0.0,0.0,0.1996706200366809,0.0,0.0,0.0,0.0,0.1996706200366809
0xff6d90a8d28ad82f1aa8bc9182469a8aa891e913,0.19905797562604913,0.0,0.0,0.0,0.0,0.0,0.0,0.19905797562604913
0xc6571c2fb66825f13b7751b1c334810d397618eb,0.0,0.19711853386355999,0.0013196633030096402,0.0,0.0,0.0,0.0,0.19843819716656963
0x79f49449a106d290e697c3492694b80171052a8c,0.0,0.1398181020230636,0.0,0.0,0.0,0.05722229987581206,0.0,0.19704040189887567
0xc9a4ddbc437d2dd5ea8a69b1d803122818a39a0a,0.1959447311543611,0.0,0.0,0.0,0.0,0.0,0.0,0.1959447311543611
0x2316a30b174daa3677bf536482abe38adec1e510,0.058765416021865045,0.13612231471129566,0.0,0.0,0.0,0.0,0.0,0.1948877307331607
0xc3dc65bd20124cd2f3a6ab82aaa123fffbda7f56,0.08128066994849573,0.11153612039166169,0.0,0.0,0.0,0.0,0.0,0.19281679034015742
0xe48c64ec6cf456a28f91e5b2bda3a626dedcc8e5,0.041365490431965274,0.14684614622099246,0.0,0.0043773330479702855,0.0,0.0,0.0,0.192588969700928
0x88bb6e3e2b924e3eae2531d6311538737b803109,0.0,0.07059115049874817,0.12149462075587632,0.0,0.0,0.0,0.0,0.1920857712546245
0x6a55e165cdb23443f03a53608abf586c1e76af3a,0.02115923982018329,0.14591573141621322,0.02354434369160281,0.0009985157219910565,0.0,0.0,0.0,0.19161783064999036
0x0ce048fe42c170e41740ee392e187f19515f339d,0.0,0.19152273627132257,0.0,0.0,0.0,0.0,0.0,0.19152273627132257
0x97ba79049f770a3bf0acf245836e34c38a18c318,0.0,0.09537254954513705,0.05330147514502452,5.549535280764432e-07,0.0,0.0,0.04261530176431279,0.1912898814080024
0x5eb6fb22db2123383ff77fe226502713543c147b,0.0,0.19118916042993842,0.0,0.0,0.0,0.0,0.0,0.19118916042993842
0x17a08885c8a027430c9ce6166b294b7874e87324,0.1377565584223236,0.05232813907559373,0.0,0.0,0.0,0.0,0.0,0.19008469749791732
0x36b6c30b3febfb50a8b59819c49eefb9b0d2c4a1,0.0,0.18983738782780893,0.0,0.0,0.0,0.0,0.0,0.18983738782780893
0x9c972d06eceee9dc08e2d295742d2045f8e54fa2,0.0,0.1887212270203534,0.0,0.0,0.0,0.0,0.0,0.1887212270203534
0xea0b91e10e31bf3f1bd25bd70a389dfc932512d6,0.021642536018022508,0.16666606944763385,0.0,0.0,0.0,0.0,0.0,0.18830860546565636
0x03ce7863a2b62f4e227fd98605b79beb32618c76,6.222229929525497e-10,0.18788733822826234,0.0,0.0,0.0,0.0,0.0,0.18788733885048534
0xb8ff99c9ab9c920372343a87f6e0a2f0f2db71a8,0.09366759374585142,0.09285557118036332,0.0,0.0,0.0,0.0,0.0,0.18652316492621474
0xd2c413ccd461fb956cdcb42970e29fa5e5264f2a,0.0,0.18559208121275594,0.0,0.0,0.0,0.0,0.0,0.18559208121275594
0x13a0833e8201b37c161feb2df764159707f71409,0.0,0.1853370211598043,0.0,0.0,0.0,0.0,0.0,0.1853370211598043
0x524f7d39d1a1a24aa315f101b3a8b9a82daf932f,0.18449921171106745,0.0,0.0,0.0,0.0,0.0,0.0,0.18449921171106745
0x76c96a09c98f13193631145294711b05b26c4def,0.00176504314409168,0.18265541815016867,0.0,0.0,0.0,0.0,0.0,0.18442046129426035
0xbb6bbf9537cf975a34cb6c3e8bef19d4a5b9ca2b,0.0407777283224151,0.14331433000579794,0.0,0.0,0.0,1.2363124630831549e-08,0.0,0.18409207069133768
0xa08200fefac699c4e0ad63ed59b12397bd9a8fdc,0.18388044446020652,0.0,0.0,0.0,0.0,0.0,0.0,0.18388044446020652
0x7258d00a24d6829ac4bf355127bfbc9e2303aed4,0.1837409922637618,0.0,0.0,0.0,0.0,0.0,0.0,0.1837409922637618
0xc4643e390f49d1616b5108bf0eac309f7c0eb868,0.0,0.1833292127902984,0.0,0.0,0.0,0.0,0.0,0.1833292127902984
0x0bdee5888972e87b21bcc0df5ed523c5b0158ee3,0.18207265501794034,0.0,0.0,0.0,0.0,0.0,0.0,0.18207265501794034
0x1bc259046dd7d2df2b189f7f648c3cbc5b97d746,0.18095921622566813,0.0003714444903404332,4.8517395854714054e-08,1.2131624839412907e-09,0.00013580837588862484,0.0,0.0,0.1814665188224555
0xbd7154695c5e15f7ceb039699fa801f8f6d644c0,0.028770892224144272,0.15142420677056273,0.0,0.0,0.0,0.0,0.0,0.180195098994707
0x98b31c0744fbdeb098a948f8e20593b229450e95,0.0,0.1798356264984321,0.0,0.0,0.0,0.0,0.0,0.1798356264984321
0x0d2637f4b304e4d2a86078eef60efcf4daf1168d,0.02060287057705626,0.1590797460406426,0.0,0.0,0.0,0.0,0.0,0.17968261661769885
0x4652ee2e7bb7d53467fced01e3df8ded989795ae,0.0,0.004647371414546116,0.17268393934482767,0.0,0.0,0.0,0.0014462330435456292,0.1787775438029194
0xcc2f25693d6e7459b0917c6d075f38ea1f5d5c96,0.03526302997505424,0.1432787945249486,0.0,0.0,0.0,0.0,0.0,0.17854182450000283
0x4880e116d52af248f670a73bc4b116dc703723b5,0.17822713665349435,0.0,0.0,0.0,0.0,0.0,0.0,0.17822713665349435
0xc14666bb038c8c9882c1b1febc82808c656871d3,0.0,0.17734334875275565,0.0,0.0,0.0,0.0,0.0,0.17734334875275565
0x017a94abd85ede27244f0e15006b2806952b2235,0.1106728804696687,0.06092173481852181,0.0050182554491478406,0.0,0.0,0.0,0.0,0.17661287073733833
0x650bdba05a0e6549d11a00ac7210175adc3953f3,0.037254142337109865,0.13865029692883726,0.0,0.0,0.0,0.0,0.0,0.17590443926594712
0x4e2c46063b4aadcb24adf784172db6f043a77d95,0.0023526851238254757,0.17096567259681383,0.0,4.9876084068503746e-11,5.76224696605244e-09,0.0,0.0,0.17331836353276234
0x47f8c0a33929b479510dfb8bc59c6d6d178439cc,0.0,0.17151487301733362,0.0,0.0,0.0,0.0,0.0,0.17151487301733362
0x3c60b1a4abb27492e076a7d78604f1880262e10e,0.17127207796648847,0.0,0.0,0.0,0.0,0.0,0.0,0.17127207796648847
0xbb80c30f1b8da1f5bd445ecb90c7cbb9dc3afed3,0.0,0.1708439219222576,0.0,0.0,0.0,0.0,0.0,0.1708439219222576
0x8a9e280520aca398c34f55666cb029774fa4e2c1,0.17001038985691458,0.0,0.0,0.0,0.0,0.0,0.0,0.17001038985691458
0x2f38aca175c72412d931e4407b34a01fea77539a,0.0,0.16840890752272142,0.0,0.0,0.0,3.284707203449332e-08,0.0,0.16840894036979345
0x62824184b80d546ed740c5708dafbe5c25274f88,0.16743672721058772,0.0,0.0,0.0,0.0,0.0,0.0,0.16743672721058772
0x39260b9be6b55b18505c6dd098d7fe0bb8622101,0.0930274712438313,0.07309935005482833,0.0,0.0,0.0,0.0,0.0,0.16612682129865963
0xde6e5e0390194a59933166efc04b50c77f6dca89,0.0,0.16590730639083148,0.0,0.0,0.0,0.0,0.0,0.16590730639083148
0xdc06a5fa26cdcf56e482aac65a0b410ec787b227,0.018484338839998744,0.14697347666212665,0.0,0.0,0.0,0.0,0.0,0.1654578155021254
0x66e1cbb8943c62927aa627f55a4f76317c94efde,0.0,0.16524458551787533,0.0,0.0,0.0,0.0,0.0,0.16524458551787533
0x94d3e1fc41121b98cff51468710366a9140e1e8b,0.16450825905399594,0.0,0.0,0.0,0.0,0.0,0.0,0.16450825905399594
0x35ffc53a879ecb9b1ea2a18c06d9aab4d27461a3,0.1644509048415488,0.0,0.0,0.0,0.0,0.0,0.0,0.1644509048415488
0x57ea781d6e2780a71c1a0585553d76eb32c964e7,0.0,0.16364371298392133,0.0,0.0,0.0,0.0,0.0,0.16364371298392133
0x2d23b731e5f04996a2dfdbe434c7d922afdb5e00,0.0,0.1635897657163393,0.0,0.0,0.0,0.0,0.0,0.1635897657163393
0x1751d0cb24c409ef7cfa88f207a080dbca33192a,0.08066871927888747,0.08284303365703734,0.0,1.0658921690234902e-11,0.0,0.0,0.0,0.1635117529465837
0xf1e8f807dc77c51d6bd69611bd4923e1d4cfedac,0.01372538091050606,0.1106416012053225,0.0,0.0,0.03822698141990221,0.0,0.0,0.16259396353573077
0x5951294bb10d836f55674a48b623c5120b1b8805,0.15901270579901525,0.0,0.002814056798968073,0.0,0.0,0.0,0.0,0.16182676259798331
0x408ecb05b6fe143a1f5bf991b58551ed703a5426,0.06713849212490212,0.09381635322664618,0.0,0.0,0.0,0.0,0.0,0.1609548453515483
0xbc3bc8f1c056b5f64910f6e32e419f515ba9cb6d,0.159867674303046,0.0,0.0,0.0,0.0,0.0,0.0,0.159867674303046
0xbdc6780956c97cac7a4afc3460fd1b01775779b4,0.15867517685951585,0.0,0.0,0.0,1.7662335181092252e-09,0.0,0.0,0.15867517862574937
0x29754d7a9f9f344327158e2d01508efa415bd558,0.0,0.0,0.158085913370395,0.0,0.0,0.0,0.0,0.158085913370395
0x643ecbd1409b13e0ec79bfcf4749aafa7cac45c7,0.0330038754934599,0.12478683852065293,0.0,0.0,0.0,0.0,0.0,0.15779071401411282
0x8b5cf665ce916cc69f46a49eb14a8ba85736470a,0.0,0.15749700318359175,0.0,0.0,0.0,0.0,0.0,0.15749700318359175
0xc66ce5746e04b74ae89d0013d6bfddf66bdd11f0,0.01311874619083,0.14430575128583673,0.0,0.0,0.0,0.0,0.0,0.15742449747666673
0xdf6cac3399b1d374a803735f34a33e28d98acbc1,0.0,0.1573961197004617,0.0,0.0,0.0,0.0,0.0,0.1573961197004617
0x65c24b69d355def53a21616f2f56b1d11a1ea19c,0.014537012225622464,0.08531076221858244,0.028258325917174313,0.0,0.026128406362127893,0.0,0.0,0.15423450672350714
0x8890d89a429f78b5749ec06e4bdc1bb9a469d815,0.0,0.15382055864325983,0.0,0.0,0.0,0.0,0.0,0.15382055864325983
0x961d661aabf8887506f19aba041e6d7b69e40f9c,0.1514678272755802,0.0,0.0,0.0,0.0,0.0,0.0,0.1514678272755802
0x2b8ac22234cd6c0633e263c3508597b858aa8db6,0.10587083057214737,0.04495994087661951,0.0,0.0,0.0,0.0,0.0,0.1508307714487669
0x1f8a830fa5769c7e835308fa01ed8b82559991ef,0.0,0.08470928437564908,0.0,0.0,0.0,0.06606023748712796,0.0,0.15076952186277703
0x3cba5b431139c5c65b28f82d8b4240e4b97287fd,0.0,0.15072789733479458,0.0,0.0,0.0,0.0,0.0,0.15072789733479458
0x47e24a7761e832973b9fc385690b923f56a00857,0.0,0.1495314045743735,0.0,0.0,0.0,0.0,0.0,0.1495314045743735
0x3a93bf025fc04c6f61ad10ae920e811c60d3147f,0.0,0.1469497172117459,0.0,0.0,0.0,0.0,0.0,0.1469497172117459
0x5b236d19f680ff47e7bf2a9eb88fc5cc03d443a8,0.13775320605706592,0.008345416273110194,0.0,0.0,0.0,0.0,0.0,0.14609862233017612
0xe426acade42e693c74d2fd8bd663f89d821e14f8,0.0,0.1452278928350149,0.0,0.0,0.0,0.0,0.0,0.1452278928350149
0x0e8b0cdf27b9dd2ddec656ed31bb086b8aed495c,0.0,0.14516226058914553,0.0,0.0,0.0,0.0,0.0,0.14516226058914553
0x40b905d9e65edf591bd8e4bc8cf5a8cedd9913a0,0.009411237647356354,0.13473256036291165,0.0,0.0,0.0,0.0,0.0,0.144143798010268
0x0395ac5e814d57ce618f32777c5a5db498b48f56,0.00940946063581819,0.13351995018585863,0.0,0.0,0.0,0.0,0.0,0.14292941082167682
0x2442e6aa2129243bc385db83f1d72746cbe9c6bd,0.01646713987391834,0.12645248837733855,0.0,0.0,0.0,0.0,0.0,0.1429196282512569
0x9e7ea1a3fcc8d0abcb0c37e55d7a449129202170,0.0,0.14175998750777644,0.0,0.0,0.0,0.0,0.0,0.14175998750777644
0xf4bbaf63cd4ccc9a99a02305f829f757ac8bc270,0.14128949482448727,0.0,0.0,0.0,0.0,0.0,0.0,0.14128949482448727
0x3aa6605d87f611e43ad0a64740d6bef9b80fcd2c,0.0,0.1410694935784336,0.0,0.0,0.0,0.0,0.0,0.1410694935784336
0x1758e1ff8ac0b6a070976069d529b0d22117f7e0,0.0,0.13990449770105987,0.0,0.0,0.0,0.0,0.0,0.13990449770105987
0x372d3d790c4691593b66d96aa96681c60ff5b5ae,0.0,0.13917798083679325,0.0,0.0,0.0,0.0,0.0,0.13917798083679325
0x307338d017285b5e3be52b2c9858bf73dae5dec4,0.0,0.13907180538963365,0.0,0.0,0.0,0.0,0.0,0.13907180538963365
0x56a6d21e995aa4f1307a092ac6f519cf4e1888aa,0.0,0.1390220765872691,0.0,0.0,0.0,0.0,0.0,0.1390220765872691
0x59b8d66167ff43aee7613aaffe0f397fd2a89d87,0.13887839553731438,0.0,0.0,0.0,0.0,0.0,0.0,0.13887839553731438
0xc28e23e7d7d6cc0c9c6f08146c71e7d168cae45a,3.731184336884223e-05,0.13878647021209858,0.0,0.0,0.0,0.0,0.0,0.13882378205546742
0xa417100ddcd35787e6c0598e63db45ef5ecca567,0.0,0.13853994629269886,0.0,0.0,0.0,0.0,0.0,0.13853994629269886
0x75041752fdbc4432368737c7f748fe880fb92bfc,0.0,0.13829662560603703,0.0,0.0,0.0,0.0,0.0,0.13829662560603703
0x113df096519d61d94c42a0eee942b2a01ebaf60e,0.0,0.1341457389221415,0.0,1.4437293238274316e-05,0.00336977426525588,0.0,0.0,0.13752995048063565
0x7a5f971a16f1967aa8022205256fe643af40d6eb,0.048036726195292534,0.0891309255452289,0.0,0.0,0.0,0.0,0.0,0.13716765174052142
0xf968f7d64172d415432c9b775d2691d1cc52f2bf,0.0,0.13602410263244488,0.0,0.0,0.0,0.0004048200794443326,0.0,0.13642892271188922
0x0510690c8f558d4f76db6caa1a9e5e00e4da0627,0.06601395160477391,0.06995791033103861,0.0,0.0,0.0,0.0,0.0,0.1359718619358125
0x788b8b3e7063d17fb0c6dfdbf26d45b82f51c82c,0.0,0.13595728287836054,0.0,0.0,0.0,0.0,0.0,0.13595728287836054
0x96a929cb753017dd448672a645fb0a2cce6410ae,0.008696327934041796,0.12718032672890875,0.0,0.0,0.0,0.0,0.0,0.13587665466295054
0x8c681f81b61ca87d04d89cc80f00e2261bc41047,0.0,0.1355579008201566,0.0,0.0,0.0,0.0,0.0,0.1355579008201566
0x119ee1752caa8991299daabd42833dcc5b425246,0.1347061667826424,0.0,0.0,0.0,0.0,0.0,0.0,0.1347061667826424
0x85e410e4c535cb1709dbd36468f132037a5b2087,0.13434000161032292,0.0,0.0,0.0,0.0,0.0,0.0,0.13434000161032292
0xbfa08a5dace977c05a3f4d749f0261c994934227,0.09965336221184914,0.0028212664218713207,0.031126803854890903,4.254383536102302e-06,9.829729176512656e-05,7.504158613709427e-05,0.0,0.13377902575004968
0x32cf8e7884b904e93961e046564bfd90dd7bc7e8,0.047075581458838646,0.08663815658159643,0.0,0.0,0.0,0.0,0.0,0.13371373804043507
0xd31a84c20bc430ad75e6a1903e7ddbee52211072,0.0,0.13348845004164656,0.0,0.0,0.0,0.0,0.0,0.13348845004164656
0x575a9b9f1a080c37939f16396a8bc12624f33c4c,0.02388938728261354,0.1095740265648084,0.0,0.0,0.0,0.0,0.0,0.13346341384742194
0x0b4d7235604dde67af4f1167d6f9b651f54d13dd,0.0,0.1330270150067715,0.0,0.0,0.0,0.0,0.0,0.1330270150067715
0x80d48372c7802eec1659991537461b1a78aed93c,0.06720494400723333,0.0,0.001964531795980064,0.0,0.06207291979285468,0.0,0.0,0.13124239559606807
0x1ce2f703baef36605587c2db470d3054c59ce9f5,0.025749570532807034,0.10298309994447376,0.0,0.001165379830819938,0.0,0.0,0.0,0.12989805030810073
0xfda34f10cd456c16fa9820ecc2c8f9fc98a2feb9,0.0,0.1298558598492713,0.0,0.0,0.0,0.0,0.0,0.1298558598492713
0x3931eb9f6d0cd52567121ccae76819bb4b76cb8c,0.0,0.12965729724026048,0.0,0.0,0.0,0.0,0.0,0.12965729724026048
0x4c549f630bba13fefd6cc7fe43cdd32b50ddad12,0.12155459763122271,0.0071878065302337,0.0,0.0,0.0,0.0,0.0,0.1287424041614564
0x1cad53845b1f5cc86c539fcb5db2d1285859bcf8,0.0445843901529611,0.0837813618514793,0.0,0.0,0.0,0.0,0.0,0.1283657520044404
0xc3d57402e590fa4f83009c450a3078bb7fcdb9b2,0.12784516273967225,0.0,0.0,1.2994169381470493e-11,0.0,0.0,0.0,0.1278451627526664
0x579b7e00d630af04257c63b4b131ec0c4cbf7760,0.029043553838295183,0.09843850682641893,0.0,0.0,0.0,0.0,0.0,0.12748206066471413
0x91219d5fc4540bce994036217ade77945da5d6f6,0.035372025393373766,0.09160313157046218,0.0,5.331758931576139e-12,0.0,0.0,0.0,0.1269751569691677
0x9730299b10a30bdbaf81815c99b4657c685314ab,0.02283745348465703,0.10372917213207718,0.0,0.0,0.0,0.0,0.0,0.1265666256167342
0xb497df47dba0e8ab88cc91ad522bd4e78e001575,0.04538955028642468,0.08074940941529705,0.0,0.0,0.0,0.0,0.0,0.12613895970172173
0x8856a77a804789fa16b7cb51391670e4b02d55e9,1.1763425619127506e-13,0.0,0.12599870834798965,0.0,0.0,0.0,0.0,0.12599870834810728
0x2ba0fcc894522df700060a6015f7e96537b18412,0.0,0.12597396189586704,0.0,0.0,0.0,0.0,0.0,0.12597396189586704
0xf9ef59725a50ef89424342acd33b044c512ed7a0,0.011291051228557529,0.012020811493365889,0.10248091446493274,0.0,0.00017344410812220086,0.0,0.0,0.12596622129497836
0x3e5d4d9867afd50d1febf5dad725daf45392ae0b,0.03528674818315139,0.09067210208064054,0.0,0.0,0.0,0.0,0.0,0.12595885026379194
0x8056b1c8a1ebb455ef712299f50f71c8078f66ae,0.0,0.12583003189817044,0.0,0.0,0.0,0.0,0.0,0.12583003189817044
0x83742faddde0b5b2b307ac46f24a1c118d332549,0.006708183888656897,0.11814150454669138,0.0,5.149188505812736e-07,0.0,2.4001902544051505e-05,0.0,0.1248742052567429
0xb063288ec580856a871b441cc434e04c12814063,0.0,0.1241586902259945,0.0,0.0,0.0,0.0,0.0,0.1241586902259945
0x30d8277f61c6c04c599bce5b05face06cdb63268,0.045938463737480416,0.0780612865398544,0.0,0.0,0.0,0.0,0.0,0.12399975027733481
0x45e750e74b4f9025d1ea4726390bf3ecb96393c6,0.12351596900083861,0.0,0.0,0.0,0.0,0.0,0.0,0.12351596900083861
0x154dfbb9a7072a2aea22c32b9868fbc4c8df8b51,0.12291450169411546,0.0,0.0,1.8341634651959993e-05,0.0,0.0,0.0,0.12293284332876742
0x54fe014a1fb506ff3a00d863e6522f24e6edba47,0.12292923658761729,0.0,0.0,0.0,0.0,0.0,0.0,0.12292923658761729
0xa3ece3a1df2d61bcfb5d5e581e6a23728292e5a7,0.0,0.12193321994102989,0.0,0.0,0.0,0.0,0.0,0.12193321994102989
0xba4ddabee2ba2da238e1b344073f1aacf3721376,0.0,0.12060941789892766,0.0,0.0,0.0,0.0,0.0,0.12060941789892766
0x87743f2fcf5515467d544d28dc64beb6b4a3cd7c,0.0,0.12040951333607622,0.0,0.0,0.0,0.0,0.0,0.12040951333607622
0x25c1541071258523322657289a4c2923c21185d2,0.026630072874677554,0.09363942281667685,0.0,0.0,0.0,0.0,0.0,0.12026949569135441
0x1743cb4cbbc7d0042baa6a9bb104301be5b39f64,0.11766905994432791,0.0,0.0,0.0,0.0,0.0,0.0,0.11766905994432791
0x936aade0d4d835271c9c11b89880244330864a63,0.11762260858852555,0.0,0.0,0.0,0.0,0.0,0.0,0.11762260858852555
0x686be0b58638ec4e244d8957af399eb1fe9e3d85,0.0,0.11743789588179826,0.0,0.0,0.0,0.0,0.0,0.11743789588179826
0xce111b8ce721d380001478751babe70688653f52,0.0017753435811311232,0.0,0.0,0.0,0.0,0.11542871059840452,0.0,0.11720405417953565
0x45057c5dcf7a645d84902ea42b56886555f5f6ed,0.0,0.11664501791632877,0.0,0.0,0.0,0.0,0.0,0.11664501791632877
0x2b329ff4d9d5a1a3fb6ad5a1ec03efeb65f7f189,0.002292424323116012,0.11434835192838877,0.0,2.2623341356784164e-06,0.0,0.0,0.0,0.11664303858564046
0x5c07b4bbd53613f92277c66bed3fc08b66857b81,0.02823222148590571,0.08831221192064743,0.0,0.0,0.0,0.0,0.0,0.11654443340655314
0x9bf6b8ba7ca95be5a5b6373cf61df3ba347bc522,0.0,0.009343305493225288,0.1067299044201179,0.0,0.0,0.0,0.0,0.11607320991334319
0xe53879aa426cafd5e0ccafbb74dda5d494a91c0f,0.012714082386177342,0.10304647332862141,0.0,0.0,0.0,0.0,0.0,0.11576055571479875
0x2c39991242ef6f3c380b474c2b27d05a65cb436e,0.039697739553552235,0.07541173326624433,0.0,3.204597539869585e-06,0.00035798161094217635,0.0,0.0,0.1154706590282786
0x8d4b6671ce3de134f009235a41d9906f80d672ed,0.06498429229722534,0.0,0.04994543213783273,0.0,0.0,0.0,0.0,0.11492972443505807
0x87dd259d18803e8dcdea435252c8980b7901308b,0.0,0.11466974939119316,0.0,0.0,0.0,0.0,0.0,0.11466974939119316
0x945a42ecd202cccd9acc389c2ba27e0b5560dd93,0.11421401361427128,0.0,0.0,0.0,0.0,0.0,0.0,0.11421401361427128
0xdf36f9e86665aba0e5d95cf211b3f4f10f697b1d,0.0,0.0,0.11347642855706065,0.0,0.0,0.0,0.0,0.11347642855706065
0x273b46223b7473782fba22ce903d0d3d5aaf4ef9,0.018854352357697116,0.07644352481962154,0.018156704026043774,0.0,0.0,0.0,0.0,0.11345458120336242
0x90e23d451a716bf25987f055e3e57c1384337fde,0.023507317716087148,0.08989903119348874,0.0,0.0,0.0,0.0,0.0,0.11340634890957589
0xf8cb9434a69f34720a1bf44bcf5b2cc0fbcc36e6,0.03192713816242352,0.08146073765136311,0.0,0.0,0.0,0.0,0.0,0.11338787581378662
0xf6afb4d9573126e1de617ea6e9f60751b642bbcd,0.0,0.11231005627614969,0.0,0.0,0.0,0.0,0.0,0.11231005627614969
0xcdf3747461aebdc2ed347d7022f3aec607316584,0.0,0.0009944179140557036,0.11113466948198057,0.0,0.0,0.0,0.0,0.11212908739603628
0xd3017943cd7fe1d7d3ee9bad909d182639f95ed0,0.1116786017267695,0.0,0.0,0.0,0.0,0.0,0.0,0.1116786017267695
0x128cc5830214abaf05a0ac178469a28de56c0ba9,0.11160685348221545,0.0,0.0,0.0,0.0,0.0,0.0,0.11160685348221545
0x4739add580fc54c5bf1c1c197e28793f05fb6e63,0.0,0.11128790732615366,0.0,0.00012246285665573677,0.0,0.0,0.0,0.1114103701828094
0x6d6a4b953f202f8df5bed40692e7fd865318264a,0.0,0.11124328833688286,0.0,0.0,0.0,0.0,0.0,0.11124328833688286
0xee1dc60396e4be97806a1a3f453439b5d9360c8f,0.0,0.11065017861375859,0.0,0.0,0.0,0.0,0.0,0.11065017861375859
0xcc2cfff9d225a2ac8c5bc3a40ab9675052753f8a,0.0,0.10937429290153072,0.0,0.000524777237362417,0.0,0.0,0.0,0.10989907013889313
0x3a68c089d3c215633c15be460d7a69ab28e62f7d,0.009060593842538399,0.10040794737960004,0.0,0.0,0.0,0.0,0.0,0.10946854122213845
0x03098d021e9f45e594f1588a30078e95410df80e,0.0,0.0,0.10930612168386017,0.0,0.0,0.0,0.0,0.10930612168386017
0x088cc6048f04dc01fb00e90421911b362e758e70,0.0,0.0,0.1089073765085985,0.0,0.0,0.0,0.0,0.1089073765085985
0xa8a4e8c813de0ba0494bd21908661d56b5d29bed,0.0,0.08361595295827297,0.0,0.0,0.0,0.0,0.025230835222641575,0.10884678818091455
0x53c17b3e06dd65e321ee2896805b391eee73cd9b,0.0,0.1085511868993791,0.0,0.0,0.0,0.0,0.0,0.1085511868993791
0x6cd520c1a07c9b53b33d62d04d3c2a3175161968,0.10852232117814706,0.0,0.0,0.0,0.0,0.0,0.0,0.10852232117814706
0xa5bbcf6fb81283c4d91510f83b76d872eb71e3fd,0.0,0.10701209511130776,0.0009074845657050385,0.0,0.0,0.0,0.0,0.1079195796770128
0x0af56324a876049ac78cc3d4e9d9e460de1626f3,0.0,0.10788742549923694,0.0,0.0,0.0,0.0,0.0,0.10788742549923694
0xe4547a622dc6af86291a42804e98d34224039d82,0.012311374977999832,0.09512582270799225,0.0,0.0,0.0,0.0,0.0,0.10743719768599208
0x00c557d5ff1a1764741ea0d7a428f85758dae83a,0.0,0.1066509501002915,0.0,0.0,0.0,0.0,0.0,0.1066509501002915
0x99870faeff1113a8d23fde69dd16a1508f4fd696,0.0,0.10639062120132162,0.0,0.0,0.0,0.0,0.0,0.10639062120132162
0xff3fc772434505abff38eecde3c689d4b0254528,0.0,0.1063273279236255,0.0,0.0,0.0,0.0,0.0,0.1063273279236255
0x1bf555e99b9056e75f5752ebf6593c4929bf5d50,0.10602342444766415,0.0,0.0,0.0,0.0,0.0,0.0,0.10602342444766415
0x357ee6f4c002b857fccba0f8d2e271e5a6a44c75,0.10587083057214737,0.0,0.0,0.0,0.0,0.0,0.0,0.10587083057214737
0x3e01d060b5a1b7625861e694f5a24a132ada19ad,0.10580620883255179,0.0,0.0,0.0,0.0,0.0,0.0,0.10580620883255179
0x1104facf406a1ff5b1e1422c2c0e3b7d61adc487,0.0,0.10578595184986718,0.0,0.0,0.0,0.0,0.0,0.10578595184986718
0xa0fdec8bff17a95f75c9efdf2e953296a23d2159,0.0,0.10577790035898353,0.0,0.0,0.0,0.0,0.0,0.10577790035898353
0x4a4a9423bdbf211a0ddfd41a8cde7d084a2ff1ee,0.00021031953814771618,0.10513489344732532,0.0,0.0,0.0,0.0,0.0,0.10534521298547304
0xf396923a852cb675aa52604ecd6489385da4b9cf,0.0,0.10522409776814703,0.0,0.0,0.0,0.0,0.0,0.10522409776814703
0xa77f95fa07849b96c181cfdd7d1113f266738f57,0.047246358426808445,0.057688975829030376,0.0,0.0,0.0,0.0,0.0,0.10493533425583881
0xecd72f2cb2a5d6ad676a17c1dc48356a349bc38d,0.0,0.0,0.0,0.0,0.0,0.10479100991106051,0.0,0.10479100991106051
0x489362c11acbeffdf713e68c834d64102d3f68ec,0.005971890817504952,0.09871921514546,0.0,0.0,0.0,0.0,0.0,0.10469110596296495
0xad3c447c7ca1b323f0e0bac8f9ec03f2080fd9da,0.0024698959390383186,0.10208606090914257,0.0,0.0,0.0,0.0,0.0,0.10455595684818089
0x2de41a894ae9d7ad8899e55911082bdd8de0af25,0.0,0.0018072381325164972,0.10260869946603109,0.0,0.0,0.0,0.0,0.10441593759854759
0x3dfbd4050ffeb94836d2ec50ef7426766a467db8,0.10436859660309733,0.0,0.0,0.0,0.0,0.0,0.0,0.10436859660309733
0x764bab2793ca3a6fdb42945c1c6ed85d6c872f94,0.011775013590029044,0.09251455902294432,0.0,0.0,0.0,0.0,0.0,0.10428957261297336
0x46a6aaeb6ec7bfd7078d2dfd90a04b1cc2b4e652,0.1040799386862786,0.0,0.0,0.0,0.0,0.0,0.0,0.1040799386862786
0x2b2271a3e2ad3c04b027f6f79cf412df7a5d62e2,0.0,0.10315748089538948,0.0,0.0,0.0,0.0,0.0,0.10315748089538948
0xe6c22204ab55652d64401c1fff46a0d9c3627440,0.039937792853022167,0.06316403050002348,0.0,0.0,0.0,0.0,0.0,0.10310182335304564
0x9a643d36efcaf794df3b397141a913639373c32d,0.048331369753017606,0.0,0.0,0.0,0.054497364238040226,0.0,0.0,0.10282873399105782
0x192f874daccfd7dd5286c071264ce51097270104,0.0021181224453269186,0.0012011785272616278,0.0,0.0,0.09936428189346085,0.0,0.0,0.1026835828660494
0xc03ed6056dc20b5ac9d0e97d4ffe537038741258,0.0,0.10262466397324703,0.0,0.0,0.0,0.0,0.0,0.10262466397324703
0x6ac62b530d3a23f7c1f5753a9d3f9b70c3739c93,0.0029945040242685883,0.09910272281182592,0.0,0.0,0.0,0.0,0.0,0.1020972268360945
0x54e4e2f96de9591d67fe3bba440b540cecf21ba1,0.0,0.10187515286381825,0.0,0.0,0.0,0.0,0.0,0.10187515286381825
0x295c1fa7d155d4e696891149e34775f119545f5b,0.011146458753164277,0.09031197790233145,0.0,0.0,0.0,0.0,0.0,0.10145843665549573
0x63e2b9a63cc13d6d899ab820646fca11bc25c13a,0.02717965274784823,0.07398788227292452,0.0,3.3577645785067597e-12,2.0060881146675156e-09,0.0,0.0,0.10116753703021862
0x3d7a23552dfddc40b5872cbd148f4f1b4f055c36,0.0,0.101099907437639,0.0,0.0,0.0,0.0,0.0,0.101099907437639
0x0512a4cb384a6bf5f7ade5065318a080ae5ae01e,0.0,0.10064988307896951,0.0,0.0,0.0,0.0,0.0,0.10064988307896951
0xf2e82a0bafa01c9f919f3ed88b19d37fd823ba9d,0.0,0.0,0.0,0.10060202915074401,0.0,0.0,0.0,0.10060202915074401
0xdbd49b93be93a9fcd3f63a90524acd17afa85abf,0.10031666879669845,0.0,0.0,0.0,9.912165610092811e-10,0.0,0.0,0.10031666978791502
0xb6c906ba08f362581a09f0f4f6ea831f87ec3310,0.09980020208928454,0.0,0.0,0.0,0.0,0.0,0.0,0.09980020208928454
0x11ff733783e63f040fc158d414ad45f5f2870d7a,0.028020694914664693,0.07143097271841949,0.0,8.860967268771019e-05,0.0,0.0,0.0,0.09954027730577189
0x3dd744b4a21082e0a66318dc1ab614b5af516339,0.0,0.0,0.09949542994680546,0.0,0.0,0.0,0.0,0.09949542994680546
0x8bd34458a8322284032cfbc20c1292d0e8e3f38a,0.0180637782649094,0.07500575164132241,0.006292647995642156,0.0,0.0,0.0,0.0,0.09936217790187396
0xe490b3259249f0ca86e97d8461f8e1b186491037,0.0,0.09918883183350555,0.0,0.0,0.0,0.0,0.0,0.09918883183350555
0xfc99a25ac7ce820d252814b0a72c5ef6ecf586a7,0.018134581110161134,0.08105318750487739,0.0,0.0,0.0,0.0,0.0,0.09918776861503853
0xa72749558654932d05f6e24a0837ae869aec73d0,0.0,0.0,0.09891551774592924,0.0,0.0,0.0,0.0,0.09891551774592924
0xb460336e8850ba79c56cfa6e47de2fcd3d2d3d63,0.0008620482282739707,0.08644295043501617,0.0114128380989433,0.0,2.781496696101967e-07,0.0,0.0,0.09871811491190306
0xfc9931a1c642ad0dd5e261b59b5cd46d00e5f2f8,0.09006092829925802,0.0,0.008446524951305788,0.0,0.0,0.0,0.0,0.09850745325056381
0x7c260cc3033d69a03e37bf5fb24cc79539607b0f,0.017050079381270292,0.08141172440308754,0.0,0.0,0.0,0.0,0.0,0.09846180378435783
0x27306a984829900e86103ce24965bbc85f906426,0.0,0.09813453785591068,0.0,0.0,0.0,0.0,0.0,0.09813453785591068
0x9b0b3578d9be2947fe37edcc9b7aaa5d9977ba74,0.01486222031499999,0.07446193802218434,0.008618211989857356,0.0,0.0,0.0,0.0,0.0979423703270417
0x9fb3f7b5fe7d7a54ecdbbdf7393cd804120d2a95,0.09790422019186154,0.0,0.0,0.0,0.0,0.0,0.0,0.09790422019186154
0xdeac2d5e8868a1d4e9b4d76d37e1e52014c08ce6,0.00035582276157071485,0.09270210067956088,0.0,0.0,0.004718715830305132,0.0,0.0,0.09777663927143672
0x89747466b15b4efa5d270f5992d6a41b569aae62,0.0,0.09774855264166021,0.0,0.0,0.0,0.0,0.0,0.09774855264166021
0x3f894ae501cbe49984362f09124e0e9a48cc848a,0.0,0.09744844899343079,0.0,0.0,0.0,0.0,0.0,0.09744844899343079
0x08146aa049e36136055db1f0dd1cdf12146d0f55,0.09731829545170818,0.0,0.0,0.0,0.0,0.0,0.0,0.09731829545170818
0xe4a5b241f97a328e36556e05d28a95c02a57214a,0.0,0.07646876541292237,0.0,0.0,0.0,0.0,0.02066368424101833,0.0971324496539407
0xe019b72b18cbde76d050d6384fb11b22699e1a08,0.0,0.0017827208563412059,0.09524688887107706,0.0,0.0,0.0,0.0,0.09702960972741827
0x9c60ab41156fbcc07e3cde38453ec74bfb3128a1,0.0,0.09678101400817868,0.0,0.0,0.0,0.0,0.0,0.09678101400817868
0xe73d596802616643bd26598ed2367b7a7ea4dc5e,0.0,0.0,0.09593022927743812,0.0,0.0,0.0,0.0,0.09593022927743812
0x8cebee0501c2f891baff7c2dabd195f280b055ef,0.0,0.09587729088901105,0.0,0.0,0.0,0.0,0.0,0.09587729088901105
0x875f90e4b0087770ba7225a7380ba1e4eb7f6066,0.0957624851548818,0.0,0.0,0.0,0.0,0.0,0.0,0.0957624851548818
0x9977e8c61cd649374fe9c2aff6f2df52aceb33d6,0.04107024468953315,0.0545643423076125,0.0,0.0,0.0,0.0,0.0,0.09563458699714565
0xce2ba55e62ab6feeddb75ddfde0c4567e22eb847,0.0028792917697376148,0.0927420905706661,0.0,0.0,0.0,0.0,0.0,0.09562138234040371
0x77d20364cc7da9f6437aaa41e37cdfb2d0a19e29,0.0,0.0,0.09527725566933169,0.0,0.0,0.0,0.0,0.09527725566933169
0x92278b5455eb63cbb5a68eb7c7d589db75d789bb,0.010897150405521217,0.0843615656400447,0.0,0.0,0.0,0.0,0.0,0.09525871604556592
0x41f45a847bb6c8bff1448fee5c9525875d443b9e,0.09512601575055664,0.0,0.0,0.0,0.0,0.0,0.0,0.09512601575055664
0xcd983ee11fdaacd22ff78b1f58ce1f761f4eea1d,0.00705734963651278,0.08785683535414573,0.0,0.0,0.0,0.0,0.0,0.09491418499065851
0xcec771b3ab9204c4eb0b731111658e7c8ba539cf,0.0,0.0944778437528118,0.0,0.0,0.0,0.0,0.0,0.0944778437528118
0x7298d0b1c0c9e59101c5553ddf9155ed8e531b37,0.0634929641145991,0.0,0.010956285237778316,0.0,0.0,0.0,0.019978440009250188,0.0944276893616276
0x18eec6451070b487933000185f986e8d3be68195,0.0880542103942264,0.0,0.006219830957031888,0.0,0.0,0.0,0.0,0.09427404135125829
0x0354525be351ba3c1cef0a0d596da0ad4dc4741a,0.0,0.09408615202457979,0.0,0.0,0.0,0.0,0.0,0.09408615202457979
0xf2d9ce11e25e0af0f2b630b9eed4c041ca128bce,0.09396834162642025,0.0,0.0,0.0,0.0,0.0,0.0,0.09396834162642025
0x6da3738e1fc7325765facb5eae488e2e16b10512,0.0,0.09378713138022153,0.0,0.0,0.0,0.0,0.0,0.09378713138022153
0x383a4dd8e58c672452ae712a4374efbd41314513,0.0,0.0936757912368453,0.0,0.0,0.0,0.0,0.0,0.0936757912368453
0x3bd6c934377f4a5172a0ed48bfe21a81223a278b,0.0,0.09348119753133945,0.0,0.0,0.0,0.0,0.0,0.09348119753133945
0xefcace57934a753d66c48a31b880ba806d4c0869,0.06709175292195474,0.026215371046271987,0.0,0.0,0.0,0.0,0.0,0.09330712396822673
0xa30e48c7826eed00223224dfde038347b983f0f1,0.09317581119934112,0.0,0.0,0.0,0.0,0.0,0.0,0.09317581119934112
0x399ccf8a60473fa12cf6c747e82e959de3e02179,0.005876065269142413,0.07380637368227787,0.0,0.0,0.01349051400091112,0.0,0.0,0.09317295295233141
0x68f8cb65994e894ae11e6319f65b3d1400a10d7e,0.0,0.09303911099163105,0.0,0.0,0.0,0.0,0.0,0.09303911099163105
0xf46d26684542e9c87d09ab8f8409ea670462eede,0.019249216021413013,0.05672779694192541,0.0,2.124875443758543e-05,0.017035390205801478,0.0,0.0,0.09303365192357749
0x1904c586ca1152746af0d903fa4d611d2836cd9a,0.0,0.09297701080674634,0.0,0.0,0.0,0.0,0.0,0.09297701080674634
0xb413a73246320ea64aa81778c732e67c71e5e285,0.0,0.09285420086576457,0.0,0.0,0.0,0.0,0.0,0.09285420086576457
0x3f128d5f0ad67d595df7eec6b0ad27d11faba8b3,0.0,0.09282583958133589,0.0,0.0,0.0,0.0,0.0,0.09282583958133589
0x10437b1650f6b1133d3eba32fdc40ddf42e9d5ba,0.0,0.09280539887946962,0.0,0.0,0.0,0.0,0.0,0.09280539887946962
0xac352ba3fd4a87901c860740925f4a9b19cc1853,0.0,0.09280397026404241,0.0,0.0,0.0,0.0,0.0,0.09280397026404241
0x7908c09ea110c5e175f58ab194286d7db9b358c0,0.0,0.0928036209744559,0.0,0.0,0.0,0.0,0.0,0.0928036209744559
0x8f987f037e4160db3f25809e72c7c4f80656e58a,0.0,0.09280307180416625,0.0,0.0,0.0,0.0,0.0,0.09280307180416625
0x43977ddc6791af9e7b6cea54bc22de6b8c5a4575,0.0,0.09278344766904228,0.0,0.0,0.0,0.0,0.0,0.09278344766904228
0x6a4428339f6e4780b36c75348196339eeb5cb166,0.0,0.09261112300184596,0.0,0.0,0.0,0.0,0.0,0.09261112300184596
0x82e7ae7963266dc1aa79a57d24a2bc87627f40e6,0.0,0.09260071223748403,0.0,0.0,0.0,0.0,0.0,0.09260071223748403
0x9fca3943a81a769e07454d6de884661efb532cd2,0.0,0.0922393810886403,0.0,0.0,0.0,0.0,0.0,0.0922393810886403
0x9db87d302d3442ef6108510aa08f276a82724633,0.06383324281594548,0.027201385786553352,0.0,0.0,0.0,0.0,0.0,0.09103462860249883
0x75dd32dca095629aa8257e52d8e05e82762d4007,0.0,0.0909806918049604,0.0,0.0,1.8106937969362466e-08,0.0,0.0,0.09098070991189837
0xf0e8c524ff065adb331cf83fb45c0de0510e8055,0.0,0.09095010806809684,0.0,0.0,0.0,0.0,0.0,0.09095010806809684
0x25916752879094601bd42be5ccdc139185c86b25,0.0,0.09076458725780519,0.0,0.0,0.0,0.0,0.0,0.09076458725780519
0x4563fc211af56a7b31743e3f8731f76415c030a2,0.025171286230650885,0.00030254352437518916,0.06526265082950317,1.867231178357008e-06,0.0,0.0,0.0,0.0907383478157076
0x513a05d0e8abff15691d40fc4a3b1e65f1affced,0.025300545009235034,0.06524195667704746,0.0,0.0,0.0,0.0,0.0,0.0905425016862825
0xfff7307061705925a3a00e09021dce238fdb6343,0.0,0.09049546836318821,0.0,0.0,0.0,0.0,0.0,0.09049546836318821
0x9faa765de60761c9f214a06c95695633006ca9bc,0.0,0.0904405071849656,0.0,0.0,0.0,0.0,0.0,0.0904405071849656
0xedda9eaa0d0e61d1cc946d980b8a4e5ba1a5d37a,0.0,0.08949085383004611,0.0,0.0,0.0,0.0,0.0,0.08949085383004611
0x60c81da5197102c4c7b4541ff178ea0dcfb86506,0.0,0.08916400965166091,0.0,0.0,0.0,0.0,0.0,0.08916400965166091
0xa920db7180ec7ef20c42963137271e3f9739142a,0.0,0.08900218449068366,0.0,0.0,0.0,0.0,0.0,0.08900218449068366
0xb905abfe95cfaac346b3ae9a7d272fdf174893db,0.0,0.045876380696956674,0.042519592589799406,0.0,0.0,0.0,0.0,0.08839597328675608
0xea101abf2aa87e621caefeb64e6bfe34340b822d,0.01753008734254684,0.06888309051157504,0.0013678666204919997,0.0,0.0,0.0,0.0,0.08778104447461388
0x94e96f514d9ce094cc933a2b378f9cc62af8c78d,0.023726340555888147,0.063702256390973,0.0,0.0,0.0,0.0,0.0,0.08742859694686114
0xc0c249ddc87aba28bea1d46e98835359846a1ef6,0.0,0.0,0.08634106246308615,0.0,0.0,0.0,0.0,0.08634106246308615
0x75366bed417fec2d06f536c018689dedfa58ee58,0.00614604966739848,0.07997635071247156,0.0,0.0,0.0,0.0,0.0,0.08612240037987004
0x4331a6f53f75b215b1a6d6292acaa564bd89464f,1.2939768298661573e-05,0.08593813320482596,0.0,0.0,0.0,0.0,0.0,0.08595107297312463
0xad706eee68b6ebf209c3304cac4daa4afe9bad84,0.08586810168633367,0.0,0.0,0.0,0.0,0.0,0.0,0.08586810168633367
0x1fc46d86890cb931432ba21e0fa05c70ff9b0ff0,0.03528674738943536,0.04962703766537065,0.0,0.0004005102757125711,0.0,0.0,0.0,0.08531429533051858
0x3ffbce2e9c7aa0013d2015de33a12908da30975b,0.0,0.005404323416081367,0.07972367843270098,0.0,0.0,0.0,0.0,0.08512800184878234
0xc7b99a2d6f1ddff42a9d191d5913902045d70bdb,0.0,0.07519062742186415,0.0,0.0012055601590488072,0.007114582847466255,0.0015236977764602792,0.0,0.0850344682048395
0x1ece8e8929b0d8846715a13cb9b4a2ebe85f4943,0.0,0.084878842098146,0.0,8.610381647218918e-06,0.0,0.0,0.0,0.08488745247979322
0xb86cd572ac02dbaf977231184179c288a97eb876,0.0,0.08472587375784105,0.0,0.0,0.0,0.0,0.0,0.08472587375784105
0x66c68b5a77d009609c2a1c0797cf991d0d0e9126,0.08408068079465317,0.0,0.0,0.0,0.0,0.0,0.0,0.08408068079465317
0xb126afa1075bbfbbe49e8321c6016f9b7ce5ca13,0.08402495140616839,0.0,0.0,0.0,0.0,0.0,0.0,0.08402495140616839
0x607a5b41a016aa8338da56ac81f96db4c46bffee,0.0836705626080033,0.0,0.0,0.0,0.0,0.0,0.0,0.0836705626080033
0x4271d22292aa37e13cd0c68b8210a7a6af194407,0.0,0.08352001864143568,0.0,0.0,0.0,0.0,0.0,0.08352001864143568
0xece5429455c7092d831be3fe23a3b791b78f18cd,0.0832796146226926,0.0,0.0,0.0,0.0,0.0,0.0,0.0832796146226926
0x6db0d23f2799cf73e6c8231ee4da883e6f13ae02,0.0,0.08307686557463724,0.0,0.0,0.0,0.0,0.0,0.08307686557463724
0xcfb96bc298aadf182d9f1300c37bd4c5fef25b45,0.012894415733381397,0.06996668476471131,0.0,0.0,0.0,0.0,0.0,0.0828611004980927
0x8be077145000503b8ace5f8c336a45089b902615,0.0,0.08283520445318514,0.0,0.0,0.0,0.0,0.0,0.08283520445318514
0x07eac6dc2af876d2f0402f6804cc6ceaa0cd20cd,0.008983853349509482,0.0,0.0736435510537144,0.0,0.0,0.0,0.0,0.08262740440322387
0x6fadf8a0ddb4a362d4ba76fb4f2ac02e5130c6da,0.010578306889838886,0.07198694326093051,0.0,0.0,0.0,0.0,0.0,0.0825652501507694
0x5462253d67c328d76c0a9e63c517d9eeb0731f11,0.0,0.07773377778686094,0.004830958128676791,0.0,0.0,0.0,0.0,0.08256473591553773
0x249f30636e3041a0ada3f462d68d91bf01f056f6,0.0788257329257147,0.003623146391866289,0.0,0.0,0.0,0.0,0.0,0.08244887931758098
0x3faf829e523552e4ad01846f605c184bca855e75,0.0823239958184104,0.0,0.0,0.0,0.0,0.0,0.0,0.0823239958184104
0xa11a6472522e11287648d5924cb825e6c15c7980,0.08231752692740653,0.0,0.0,0.0,0.0,0.0,0.0,0.08231752692740653
0x5c862263a01b05a6aae84840f599844191ab44c2,0.00024261736898696667,0.07829466257737072,0.0,0.003577240126394563,0.0,0.0,0.0,0.08211452007275225
0x4eb00dac2d6b30540e936ff8c7f22b0bdcbe53e9,0.0,0.08208764662027707,0.0,0.0,0.0,0.0,0.0,0.08208764662027707
0xb630349ac1202076568bea576086a4751a1957b6,1.6467807837829397e-12,0.0819062182544946,0.0,0.0,0.0,0.0,0.0,0.08190621825614137
0xad9340f7feb632288531000862b5ceca558efcfb,0.08188867971686928,0.0,0.0,0.0,0.0,0.0,0.0,0.08188867971686928
0xab0376df9782b8b3cdcde16d353ce489974b8940,0.0,0.0,0.08173540086353383,0.0,0.0,0.0,0.0,0.08173540086353383
0xefbc83ac5abc720aca40a9f5d541fb1659a2d4ea,0.0,0.0817031810004476,0.0,6.499860251087434e-11,0.0,0.0,0.0,0.0817031810654462
0x99ce1b33765d0ab9f9d38905685b7d0caba89b60,0.08163987680555036,0.0,0.0,0.0,0.0,0.0,0.0,0.08163987680555036
0x9b3846eac485eb9f39082f409f0df15eb6fbd4e6,1.5290771303202396e-12,0.08073327856214124,0.0,0.0,0.0,0.0,0.0,0.08073327856367032
0x89cc4b50abaae74cc5412a2b7ee4fdf385520815,0.0,0.0,0.08057853590227841,0.0,0.0,0.0,0.0,0.08057853590227841
0xe4bee3ea1dc10e436c6e98b2015623455e225819,0.0,0.07948612517738253,0.0,0.0,0.0,0.0,0.0,0.07948612517738253
0x9bb0c1adfc5b14ba25a906acdb7c438ba2103d9e,0.008987878251186488,0.0700270226641421,0.0,0.0,0.0,0.0,0.0,0.07901490091532859
0xb4e572d5c5df6d4d2fc86290a7e5763950a7d325,0.0027433014352870634,0.07618982407303646,0.0,0.0,0.0,0.0,0.0,0.07893312550832352
0x66c0d9152209b51977047b9dc3b0b5bf2339b67c,0.0,0.07888447353668741,0.0,0.0,0.0,0.0,0.0,0.07888447353668741
0xe0ffd24743eb4f39cedd2733c7ad7d0bed454cd0,0.0,0.07423601029591348,0.004382032682848554,0.0,0.0,0.0,0.0,0.07861804297876203
0xb240fc887d66efb49e5e8f63c5fe525a30656ae2,0.0,0.027694848051010988,0.050907024944816186,0.0,0.0,0.0,0.0,0.07860187299582717
0x2432e4e328b6bd62914ada4b8747c224602c5b7f,0.0,0.0,0.0,0.0,0.0,0.07764174811873997,0.0,0.07764174811873997
0xbdf8ef429d85619d3b29614b8a272434783c0f13,0.0,0.07758517644649357,0.0,0.0,0.0,0.0,0.0,0.07758517644649357
0x5cee202b51518b0e4675bbe129f6c9776f4417df,0.0,0.07755195815562259,0.0,0.0,0.0,0.0,0.0,0.07755195815562259
0x1325f5c9febb5538275126f6cdd3a78ec11fde78,0.0010750896636139554,0.07599092723322362,0.0,0.0,0.0,0.0,0.0,0.07706601689683758
0x8e6835e0f57a8fb9fbf312a5ad58c5a460d58b71,0.040490602125513184,0.036281940830071704,0.0,0.0,0.0,0.0,0.0,0.07677254295558489
0x3d0acf9d5e0175444e389ba6a16b6b83f1933df5,0.07654747793565295,0.0,0.0,0.0,0.0,0.0,0.0,0.07654747793565295
0x249f9efc3a0b2aafa4d3dd8cf90508f24f93b7a6,0.0,0.07654529606013988,1.8359261681464788e-06,3.249439369911327e-11,8.824219545223687e-09,0.0,0.0,0.07654714084302197
0x777538e9e6fb692420ecd63add56ae2e34227e94,0.02168571019542542,0.05461899081979975,0.0,1.5070220782268476e-11,4.49570497080954e-09,4.542333984338836e-09,0.0,0.07630471006833435
0x138d343d73b8dedfbda8a4d7d55446a27bbe886a,0.0,0.07514050854573207,0.0,0.0,0.0,0.0,0.0,0.07514050854573207
0x302727eb6addb52a5a7fb1c3ad08c85dcd016fad,0.0,0.0,0.07513314106466716,0.0,0.0,0.0,0.0,0.07513314106466716
0xe2b7b7a640a8df66e4f34ae631016b8448e7e648,0.07513121816843359,0.0,0.0,0.0,0.0,0.0,0.0,0.07513121816843359
0xb7fb475d4648bdd74a1c34bedb7b8f9a94730629,0.0,0.0,0.07506608815255095,0.0,0.0,0.0,0.0,0.07506608815255095
0x29a83bcab75e9ab2c0af4fef8f8f5c570c40a066,0.07338187396108055,0.0,0.0010494433307048619,0.0,0.0,0.0,0.0,0.07443131729178541
0x06f63a660d9c06fc02232286600f428694950bf2,0.0,0.074410353126625,0.0,0.0,0.0,0.0,0.0,0.074410353126625
0x9cd7b1f5212fa70372b385195a629e8ff9f1fc0f,0.0,0.0,0.07431717660796665,0.0,0.0,0.0,0.0,0.07431717660796665
0xc3c395a9a8668f2f920f7025d7d107e79a7a02a9,0.0,0.07420312258286957,0.0,0.0,0.0,0.0,0.0,0.07420312258286957
0x29ea699bed906b3fb691b738d80b33526533084b,0.008649911520353194,0.06550497955284028,0.0,0.0,0.0,0.0,0.0,0.07415489107319348
0x6f3772cc8f40af534e14a95093b8e4d3165ea833,0.008076741828153123,0.06535776161152651,0.0,0.0,0.0,0.0,0.0,0.07343450343967964
0xfddd8e89dfb65fe2da8e907939a281135ef3802d,0.023166695876584882,0.050263282718222176,0.0,0.0,0.0,0.0,0.0,0.07342997859480706
0xf4e5e71629df68aff006a4b8f0086614eb4ef21f,0.07317508785807708,0.0,0.0,0.0,0.0,0.0,0.0,0.07317508785807708
0x8da19bb3d04f189ee2086bb89cd4c736986ae36f,0.0,0.06302467991824572,0.0,7.122963790805387e-05,0.010077820281968583,0.0,0.0,0.07317372983812236
0x0aadf647f8f053f81d3269672c1aca886077fd6e,0.07301523833028022,0.0,0.0,0.0,0.0,0.0,0.0,0.07301523833028022
0xb212766790771604164b159fe8090958f78625a7,0.07254417271032193,0.0,0.0,0.0,0.0,2.053510370357491e-07,0.0,0.07254437806135897
0xa5381c40f59f07dce5b975b1859055bb83fdc8ee,0.0,0.07235341164302206,0.0,0.0,0.0,0.0,0.0,0.07235341164302206
0x9616766c0df03668dd0c828b5db455644998f037,0.0716993967577375,0.0,0.0,0.0,0.0,0.0,0.0,0.0716993967577375
0x8d2133187aa6a80a6dfe5a0283e6b9b71211a60f,0.028141539256091662,0.04352062545258091,0.0,0.0,0.0,0.0,0.0,0.07166216470867257
0xff7334cc484cc1a65c82bc12e285f68db96d011d,0.054346078483622176,0.00930374891740544,0.007697973056687739,0.0,0.0,0.0,0.0,0.07134780045771535
0xe206578976cab033d49202e716c9d712d803164c,0.0,0.0,0.07112742031405492,0.0,0.0,0.0,0.0,0.07112742031405492
0x7a81f02cba348c4fe3ed3e8161d2284bbe3e865a,0.0,0.07070928015686899,0.0,0.0,0.00025074850095084577,0.0,0.0,0.07096002865781983
0xb919a0073e0089dceda88979b09f67ce0bfafb70,0.07054806049955509,0.0,0.0,0.00012716975180386577,0.0,0.0,0.0,0.07067523025135895
0xe542948fb96291faa2a2ad0ad10f3b94a409b38b,0.0011893804299773082,0.06946205053454263,0.0,0.0,0.0,0.0,0.0,0.07065143096451994
0x404304fc11a889475ed22a2ebc8db6fe8f0d249b,0.07056098571203472,0.0,0.0,0.0,0.0,0.0,0.0,0.07056098571203472
0x073299692cdb13e3f9d2cbb71cbd9b3d8af9d527,0.00784917468725928,0.06270823280212767,0.0,0.0,0.0,0.0,0.0,0.07055740748938695
0xa1c9d41719c4ffd99463f1cfa579d9b6a96b50c6,0.0,0.07034061035062948,0.0,0.0,0.0,0.0,0.0,0.07034061035062948
0x70076578699d42d254b7426db130e505100e4d7a,0.05038199268858045,0.019919908771798535,0.0,0.0,0.0,0.0,0.0,0.07030190146037898
0xcd31bc4cec6c7ad21c08e1a146c5cb42a3ffa8a8,0.0,0.06989652015369549,0.0,0.0,0.0,0.0,0.0,0.06989652015369549
0xfb2e17a5db3335c8a483ad0a1bdd12d8d5cf54ec,0.0,0.06976333651552535,0.0,2.3298491566988906e-05,0.0,0.0,0.0,0.06978663500709234
0xc3c8f0543210074bf242a43cab4e96edf3d4761a,0.0,0.06962912667591363,0.0,0.0,0.0,0.0,0.0,0.06962912667591363
0x6799e946b06612a5460b5e6e3a3e1841bb06ed9c,0.0,0.06952885274394664,0.0,0.0,0.0,0.0,0.0,0.06952885274394664
0x07107e63a54ecaf2179764b3361e72daa2fb6644,0.0,0.06949791227582247,0.0,0.0,0.0,0.0,0.0,0.06949791227582247
0x38747443987d3d4e3fb20f42b771644df9e7710d,0.0,0.06909373135577121,0.0,0.0,0.0,0.0,0.0,0.06909373135577121
0x53706c7238170dc758b8383d2de0f189cc6ccebc,0.007017105523768905,0.06164059649551196,0.0,0.0,0.0,0.0,0.0,0.06865770201928086
0xe3823fa5fe959003da135ccb50936594b88f8d9a,0.06434667592089609,0.0032425951824850956,0.0,0.0,0.0,0.0,0.0,0.06758927110338118
0x3ed445abeaf603caaf8882446ca606a83bde5b9c,0.004111099932608062,0.06332818109510571,0.0,0.0,0.0,0.0,0.0,0.06743928102771378
0x94d80146ae0ac239367358c5455f72caf134abec,0.035416812329918376,0.02790078094223165,0.0038876223240134665,0.0,0.0,0.0,0.0,0.06720521559616349
0xd10e2b1b66001bd4086d61e43e836ab9c168fd9a,0.0,0.0,0.06719228857411355,0.0,0.0,0.0,0.0,0.06719228857411355
0xf0394ffbe760c225dbc37695e870ee3db6eaee0b,0.06677793108333113,0.0,0.0,0.0,0.0,0.0,0.0,0.06677793108333113
0xd94ea61f089e6ec2c97c16c33f6f262552b1c270,0.0,0.0663195362579181,0.0,0.0,1.8469626418746367e-09,0.0,0.0,0.06631953810488074
0xbcf0fd6ff66b3e7cb38c46a30f74f28cd06f2b4e,0.0001200035811341676,0.06602893867572533,0.0,0.0,0.0,0.0,0.0,0.0661489422568595
0x81968b48618ce4855ff2cfbe653b832274409827,0.0,0.06605014669974835,0.0,0.0,0.0,0.0,0.0,0.06605014669974835
0xcbbbe949af94cafe431dac97c8679425a0fbcdc2,0.05324208800707295,0.0,0.012662542124541789,0.0,0.0,0.0,0.0,0.06590463013161474
0xf62e2ea5865cf3ea36ee99ee5840c74d302eca6b,0.06566872093403772,0.0,0.0,0.0,0.0,0.0,0.0,0.06566872093403772
0x9ca458d4e33377e59d140a58fe37b3417de93042,0.06515696441776142,0.0,0.0,0.0,0.0,0.0,0.0,0.06515696441776142
0x2f39a8d86e1deb0286867b73e472e2a97e5f32cb,0.0301920263813131,0.03486488452233646,0.0,0.0,0.0,0.0,0.0,0.06505691090364955
0x7a6ffa5bcade7bff377a0971a1778161ac9fd10f,0.0,0.06500152267398555,0.0,0.0,0.0,0.0,0.0,0.06500152267398555
0x064cb0bb4c8abe11935134aee670c032d6833556,0.0,0.06491661805904358,0.0,0.0,0.0,0.0,0.0,0.06491661805904358
0x4f3e48da06bce4d17ebe7a07118a04b6d1e555c3,0.0,0.06486408433705419,0.0,0.0,0.0,0.0,0.0,0.06486408433705419
0xfb98a4a0e6cebebbe525fcecea35a6afdfc01e0b,0.0,0.0647955417538879,0.0,0.0,0.0,0.0,0.0,0.0647955417538879
0x0c29ae864bffae295f229e4ef663052cb7cfa3cc,0.005883477146972806,0.05611906746634196,0.002715678080844081,0.0,0.0,0.0,0.0,0.06471822269415885
0xb92f55aa40e354eb09207fbd6c0f60bca7608c7d,0.06466309689816194,0.0,0.0,0.0,0.0,0.0,0.0,0.06466309689816194
0x608a6364f7ade82f37cc3d24451bc9262b432ef0,0.0,0.051213233096020556,0.01322104447817674,0.0,0.0,0.0,0.0,0.0644342775741973
0x2cfe79492330bf35230b1c12154bfdfa85e8ffc7,0.0,0.020781446038959452,0.0434759217685294,0.0,0.0,0.0,0.0,0.06425736780748885
0x76b9557c6d3ee39b3fe9dc25f499f320f533a66e,0.026277690171136393,0.037862737391649616,0.0,2.7487857451491187e-05,0.0,0.0,0.0,0.0641679154202375
0x34fed5f05688c0296775a4111b93539d94f7f651,0.0,0.0026972612727002108,0.0,0.0,0.06141511807476317,0.0,0.0,0.06411237934746339
0x8a7b6678717387cdcc7dfbb3cdf158d5a8a47f51,0.0,0.06399188485758617,0.0,0.0,0.0,0.0,0.0,0.06399188485758617
0xc71ded6f0e5660dfe79c849058afd9be7a3c85b8,0.0,0.06386769175613077,0.0,0.0,0.0,0.0,0.0,0.06386769175613077
0x62865d9318ec2dd2717ff9bfb81fa4dc7dfed7cc,0.042690737786732165,0.0,0.021161632474872825,0.0,0.0,0.0,0.0,0.063852370261605
0x39386be081629c4c5aa3fae45264ed4b45452628,0.0,0.06334811195551455,0.0,0.0,0.0,0.0,0.0,0.06334811195551455
0x1e5aa1e35e854a06ea45f5b03362b06ced91ed40,0.0,0.063309289394006,0.0,0.0,0.0,0.0,0.0,0.063309289394006
0x4e60c1eca929166d4110a1094355afd70f9faa91,0.0,0.06317568563871184,0.0,0.0,2.083847862485402e-09,0.0,0.0,0.0631756877225597
0x2fe21fc5130e953b862d4a6048cfd016ecf3974d,0.06299334650613338,0.0,0.0,0.0,0.0,0.0,0.0,0.06299334650613338
0x4958cde93218e9bbeaa922cd9f8b3feec1342772,0.0,0.0,0.0,0.0,0.0,0.0,0.06279511178670726,0.06279511178670726
0x28839a9fc4a6465000c5c5775983742545ce5ca5,0.06277664363637317,0.0,0.0,0.0,0.0,0.0,0.0,0.06277664363637317
0x50d6102774fe54dd7d073a27f45dffacb51fa667,0.0,0.06261447797199488,0.0,0.0,0.0,0.0,0.0,0.06261447797199488
0xb27665c1b9b3a4073acbb64bcb6bd1a7718e70fe,0.03910492900161608,0.0,0.02324008470095228,0.0002516210013594151,0.0,0.0,0.0,0.06259663470392778
0x996eabe3217ddd9a384343893320555caf0c9bc3,0.06253959137357108,0.0,0.0,0.0,0.0,0.0,0.0,0.06253959137357108
0x72724e620586e440253cb8579a0b28ef9487b039,0.02656444995270138,0.03590055603447107,0.0,0.0,0.0,0.0,0.0,0.06246500598717245
0x6eaf52ac0046d8233976cb79bb46e7d90e7d94ad,0.0,0.062283528428173696,0.0,0.0,0.0,0.0,0.0,0.062283528428173696
0x17de9d1a085ff2d213a8f15e6c646e1f55f1ddd4,0.0,0.0,0.0,0.0,0.062228184193821826,0.0,0.0,0.062228184193821826
0x03ed723179c55b988b2280122228a0baec8412eb,1.5301946572831487e-06,0.06204877268942303,0.0,0.0,0.0,0.0,0.0,0.06205030288408031
0x085fc9f4cc48f5bacc01ed854a9800a49d7c4f35,0.01977292667097647,0.04226540558931945,0.0,0.0,0.0,0.0,0.0,0.062038332260295925
0x0bcdc87fd9ea388824fed910ea148763ff8c2440,0.0,0.062004212114728396,0.0,0.0,0.0,0.0,0.0,0.062004212114728396
0x243211a7b500e7b633731fb6adad3fe5b056f59b,0.0,0.06154166244219194,0.0,0.0,0.0,0.0,0.0,0.06154166244219194
0xcb40dfb54a6081fc6af8336c57f559c1cb364d03,0.007070032685249358,0.0543225835419437,0.0,3.809993965259268e-05,0.0,0.0,0.0,0.061430716166845645
0xd1dde968ae5a1cc8731cd095f4fd19c8b299af38,0.005881712809563527,0.055281804259641604,0.0,0.0,0.0,0.0,0.0,0.06116351706920513
0x60a70f4f525b93daeee6f5e85ed05ad9da22ca44,0.0068752021153392195,0.054262540902568324,0.0,0.0,0.0,0.0,0.0,0.061137743017907545
0x1b2d875c2c2a7852e41abc4ff31531d9415de5f9,0.013127237555308717,0.047668917696663184,0.0,0.0,0.0,0.00012126784302084293,0.0,0.06091742309499274
0xb3db8d23a98780002b10da5fb082e47b2d22e4f3,0.0,0.060914063600971825,0.0,0.0,0.0,0.0,0.0,0.060914063600971825
0x346a260b82ee8f7f12b9a42d52266b5b9b7e4ee3,0.0,0.06087633912151911,0.0,0.0,0.0,0.0,0.0,0.06087633912151911
0x1267bf65aa1a7134c56eea3f0b59cd287a1066cb,0.0014705515789771287,0.05931212113797517,0.0,0.0,0.0,0.0,0.0,0.0607826727169523
0x280b298b9e7e79b7b3b7368b8fc0e4d82fd0ccfb,0.0,0.060628553369204245,0.0,0.0,0.0,0.0,0.0,0.060628553369204245
0xd76a059dccb63423d17f6161b55e2cfd9f8582a6,0.0,0.060614316980451645,0.0,0.0,0.0,0.0,0.0,0.060614316980451645
0x19a65785fadb3579a637f0b177999b53cc8fc592,0.010805582974280036,0.007720032603635698,0.042004397566455534,0.0,2.910469565342654e-07,0.0,0.0,0.06053030419132781
0x9ae9e2bfb9179d78bbb879b4e18c068cc229eca2,0.0,0.05910293125819825,0.0,0.0,0.0014256498138895696,0.0,0.0,0.06052858107208782
0xcabf399c3ef2c718ca06d8b81a669d2c69a9fe9f,0.06046624688866795,0.0,0.0,0.0,0.0,0.0,0.0,0.06046624688866795
0xb80ebc2e6f0ae48d801471f563526efa47b1e236,0.0,0.015971675014744103,0.0,0.0,0.0,0.04429824755239526,0.0,0.06026992256713937
0x8b31e0f7faed8de8f0a1dda697750ea923a93740,0.0,0.060255632547418364,0.0,0.0,0.0,0.0,0.0,0.060255632547418364
0x4c611202e339ac93d6480a06711fb22eeb9f9f11,0.018303543380865074,0.04176130700174516,0.0,0.0,0.0,0.0,0.0,0.06006485038261023
0x52fb865dbaa7df26ecc8525560dd1ab2e683c14c,0.0,0.059979277841731814,0.0,0.0,0.0,0.0,0.0,0.059979277841731814
0x7fbe9410b277e386b621e6c8fa289ce4e98c0913,0.011761907465833374,0.04620193996539919,0.0,0.0018864020553651967,0.0,0.0,0.0,0.059850249486597756
0x92a2163b8dc3673f751f79301005c138c716cc26,0.0027427540024256647,0.004923405554457667,0.05215753770153361,0.0,0.0,0.0,0.0,0.05982369725841694
0x8d214854e0ae0fcd6139d84e9784ded9ccb4d549,0.05968798936429264,0.0,0.0,0.0,0.0,0.0,0.0,0.05968798936429264
0xcf59a4083744a6ae263368542c98d479e6990875,0.0,0.05958268345836011,0.0,0.0,0.0,0.0,0.0,0.05958268345836011
0x93242bb2b8f429a21c8d194ad88e7c4745e395a1,0.011175336674269827,0.04522559529857198,0.0031021912958446502,0.0,0.0,0.0,0.0,0.05950312326868646
0x82b4525136d9ee4101c2a7c485857ccc4581fbcc,0.015370053930514032,0.04386540681770617,0.0,0.0,0.0,0.0,0.0,0.0592354607482202
0xbb5cc243afd7cfb708e6bc7b2b0b70b902616ebb,0.0035277091663984245,0.05560417317344761,0.0,0.0,0.0,0.0,0.0,0.05913188233984604
0x51bc3dd10a9ee4946f961038cf5d50057e49eb77,0.05904362547276966,0.0,0.0,0.0,0.0,0.0,0.0,0.05904362547276966
0x563a9771b9276210d9de730988121350d24fe210,0.0,0.05904110360236328,0.0,0.0,0.0,0.0,0.0,0.05904110360236328
0x06e4ffc7b678bc5825b8721ccfc855ea928f724a,0.05751279814561652,0.0,0.001438891022190162,0.0,0.0,0.0,0.0,0.05895168916780669
0x252c1f603d0a2d0f6a6b75af0cba7e4beefc6a52,0.05836694054039713,0.0,0.0,0.0,0.0,0.0,0.0,0.05836694054039713
0x6abc111bd22bb38e649f81be60dfbeb35648aac6,0.05833243943296328,0.0,0.0,0.0,0.0,0.0,1.994956162314595e-09,0.05833244142791945
0x77b5c24f94afe2e12f67368ae0330dbe1033c78c,0.0,0.05788149301443189,0.0,0.0,0.0,0.0,0.0,0.05788149301443189
0x929ba1070f9a89a6d0bdfa142c94278e01f3b93a,0.0,0.0,0.057601649727395496,6.705336590424035e-05,0.0,0.0,0.0,0.05766870309329974
0xc0146b106a90a1215552be29baaf6f3b1701d3dd,0.0,0.05766718349687011,0.0,0.0,0.0,0.0,0.0,0.05766718349687011
0x8b562fb84e5eac84e14837f0cb6e5ff596705bde,4.092758216148001e-05,0.055331480233026385,0.0022792435974478744,1.5470109825549113e-05,0.0,0.0,0.0,0.05766712152246129
0x25abb63f836ee6f564e5aa7ec4f13ab319f1f8c3,0.014880119050971575,0.04256981843072656,0.0,0.0,0.0,0.0,0.0,0.05744993748169813
0x7db31eb12617dae43c3b171b9e393b6de372b0bb,0.013817864207221787,0.038225779080997106,0.0,0.0,0.00013123071663551235,0.005183393595794549,0.0,0.05735826760064895
0xc32b7438b3df7844c9ee799930a2224fe6e26426,0.0,0.03492814787141589,0.0,0.0,0.0,0.01853821933158102,0.0038680116078900163,0.057334378810886925
0x7ed62374a529e5f22666197e6695b7c7d8f5377e,0.0,0.00018542914765976067,0.05679372821215984,1.1808480492067347e-07,0.00016484616158668496,0.0,0.0,0.057144121606211205
0x2e2b407a5a9faa6e3385332e7a24710f15f2b4d8,0.0,0.05691405347927705,0.0,0.0,0.0,0.0,0.0,0.05691405347927705
0x0e3f53df11321d652694c3ce5fc0dcf578ff49ee,0.006673031605333073,0.050118572976123626,0.0,0.0,0.0,0.0,0.0,0.0567916045814567
0x61bdafe07b863574e1b09f10b3a5d09fee31f414,0.0,0.05644751703885539,0.0,0.0,0.0,0.0,0.0,0.05644751703885539
0xb4ce0c954bb129d8039230f701bb6503dca1ee8c,0.0,0.0564296426906201,0.0,8.197371043545576e-08,0.0,0.0,0.0,0.056429724664330536
0x7d76062133a5269c5b379f660c72f104fe1a3f55,0.0,0.05631360823899295,0.0,0.0,0.0,0.0,0.0,0.05631360823899295
0x4ac1774b14dc1fec9fbc349c09db231dac809126,0.0,0.000839458960009294,0.05544174213635352,0.0,0.0,0.0,0.0,0.056281201096362816
0xfa4c542e2d9355338e8d66d2e364aabefb45bc34,0.004179335342212757,0.051784876080123284,0.0,0.0,0.0,0.0,0.0,0.05596421142233604
0xe64063c7688db1ac863d0daa3dbca41ab4e6b465,0.0,0.05585075772556676,0.0,0.0,0.0,0.0,0.0,0.05585075772556676
0xbd3e318bd766a27580257f4f3d88ce12e0de009b,0.007941000384500359,0.04787174873429269,0.0,0.0,0.0,0.0,0.0,0.05581274911879305
0xbb0b246f7f7c301da8484252e366b2349165e110,0.055774736918365805,0.0,0.0,0.0,0.0,0.0,0.0,0.055774736918365805
0xe2909e43d016a71785e51de11f37658bfaaf7c0f,0.0,0.05574473579821723,0.0,0.0,0.0,0.0,0.0,0.05574473579821723
0x5623d7e85a94f8783b7f4b8d4ecd717a704d835f,0.0,0.05571583943131062,0.0,0.0,0.0,0.0,0.0,0.05571583943131062
0x4b33eb52f557596433f32d5388f879880930d671,0.0,0.05571558016241422,0.0,0.0,0.0,0.0,0.0,0.05571558016241422
0x2bf02f7b9aa48a35b41567c896eed17cf89848e7,0.0,0.0557126028615239,0.0,0.0,0.0,0.0,0.0,0.0557126028615239
0x46833ff7054cb3c32b50ed69dd688e06332fcd1c,0.0,0.055681656747384095,0.0,0.0,0.0,0.0,0.0,0.055681656747384095
0x2d9f6284c1a1633713c0c706a4845548d1a2e1ab,0.0,0.055647804772901016,0.0,3.082935799111044e-05,0.0,0.0,0.0,0.05567863413089213
0x9651fc358f353524ad99bf55fe285b1ba0ac0ae6,1.293834530176633e-05,0.055638530781733725,0.0,0.0,0.0,0.0,0.0,0.05565146912703549
0x5cd6a0b35ac566da6b6a734fc1aaf2ebb1b45331,0.0,0.05560478583871514,0.0,0.0,0.0,0.0,0.0,0.05560478583871514
0xeb74a1e540e9492d175c696fb4c71ba864b0570a,0.0,0.055589917217203626,0.0,0.0,0.0,0.0,0.0,0.055589917217203626
0x2ceb7da370b679e82f6422a3b1e352ae819f1667,0.0,0.05538608924056884,0.0,0.0,0.0,0.0,0.0,0.05538608924056884
0x1d21419ffce556ea38e1366a4d119b2b6b2bde28,0.0,0.05537771087792901,0.0,0.0,0.0,0.0,0.0,0.05537771087792901
0x72fe0fa3eafe47a47b32830919350d8ad4754f56,0.018819560199281576,0.036549166914112335,0.0,0.0,0.0,0.0,0.0,0.05536872711339391
0xde1d5bd2c0520fbaa844be002a646c657a39f66a,0.0,0.05532487092241484,0.0,0.0,0.0,0.0,0.0,0.05532487092241484
0x502b4bf0c78be4111fd209f1b0f7ba050f94eebc,0.0,0.05531712752003697,0.0,0.0,0.0,0.0,0.0,0.05531712752003697
0x58801fa5403afc23f01d81436b5a6baa44bfa716,0.0,0.055201886360666294,0.0,0.0,0.0,0.0,0.0,0.055201886360666294
0x13a5755535f27a2db363fee1cadb39475dc42c49,0.0,0.05516959640177961,0.0,0.0,0.0,0.0,0.0,0.05516959640177961
0xe1f3d27341f210e0964f11ba6650aa1e328b2686,0.0,0.0,0.05508573746972387,0.0,0.0,0.0,0.0,0.05508573746972387
0xe1ab85e458ebea43c5302ce84f5a89cb22fe351a,0.05458859094608271,0.0,0.0,0.0,0.0,0.0,0.0,0.05458859094608271
0x5983715fd16d93a5eb905c9fcd81f620434983c1,0.0,0.0545449939581193,0.0,0.0,0.0,0.0,0.0,0.0545449939581193
0xca3978b46be66a00f8d88075b1c517db3fe0e4ac,0.0,0.054517476862304924,0.0,0.0,0.0,0.0,0.0,0.054517476862304924
0x39e121e68b8be8b942f4957791411afef3ce90fb,0.01766690641208392,0.0367017101429659,0.0,0.0,0.0,0.0,0.0,0.05436861655504982
0xf85e78d679686ba9a68f8c6d8c1b86da761736fb,0.05433221258168348,0.0,0.0,1.9932157983901098e-10,0.0,0.0,0.0,0.05433221278100506
0x4cdf932bf58b4737391e9f536cf4f7fb905b2913,0.0,0.05421060564269189,0.0,0.0,0.0,0.0,0.0,0.05421060564269189
0xaa15b0e1d99a70684dbefa055d72bff3a2b91c1f,0.01513027290356378,0.0388674654186832,0.0,0.0,0.0,0.0,0.0,0.05399773832224698
0x5f3d5dae2aaab22450531029ead0813f0cc34971,0.0058077604053375165,0.04817564284618212,0.0,0.0,0.0,0.0,0.0,0.05398340325151964
0x75ada70e2792ec872b385540c710259c071dac7a,0.0,0.05395588127884671,0.0,0.0,0.0,0.0,0.0,0.05395588127884671
0x8838d88514dc65fcdc24b63eb608636d406020a5,0.0,0.053852322912035004,0.0,0.0,0.0,0.0,0.0,0.053852322912035004
0x169892320624cbff6e491eb4059037ff58f6b84a,0.0,0.049126620847511814,0.0045463226814605575,0.0,0.0,0.0,0.0,0.053672943528972374
0x78bd270fc8886494705eaa007899e994ba37e071,0.0,0.053577095061093025,0.0,0.0,0.0,0.0,0.0,0.053577095061093025
0xb3b556e9193a41da46be2920b1fa1603e3ea1cd3,0.002607535171406199,0.050944579353437894,0.0,0.0,0.0,0.0,0.0,0.05355211452484409
0xf588c35a420daa63f3dd3d700bfa8869393b49ef,0.0,0.05351525299867606,0.0,0.0,0.0,0.0,0.0,0.05351525299867606
0x1d342b1d80176526d3ab0f3bac2278432efc2ffd,0.0001070707105597725,0.0,0.0,0.0,0.05327854601043658,0.0,0.0,0.05338561672099635
0x315b7c22df449c0a139139bfc2854fd060ef033b,0.0,0.03371394710466251,0.01950468444520593,0.0,0.0,0.0,0.0,0.05321863154986844
0xb03684a755228113d175193e11dd46839cf7bd5f,0.0,0.0519946721646637,0.001196391437032875,0.0,0.0,0.0,0.0,0.05319106360169657
0xb7c68afffa311fe6fdd8a8d95bf9b419399f244c,0.009409681674196231,0.0,0.04368281238278147,0.0,0.0,0.0,0.0,0.0530924940569777
0x478c62cbdec6bf26ad86527a514a49a19a9fb011,0.012935651918583573,0.0401252258969777,0.0,0.0,0.0,0.0,0.0,0.05306087781556128
0x42d260986a18d1c29ed21deb5838656a79f577a4,0.0529893855706442,0.0,0.0,0.0,0.0,0.0,0.0,0.0529893855706442
0xe50983d7d9643a03934769b9e28f79cefe7f7ac5,0.0,0.05296644079743335,0.0,0.0,0.0,0.0,0.0,0.05296644079743335
0x1cad695af5639c5657bff199b875352adf682dbc,0.0,0.05286753076551078,0.0,0.0,0.0,0.0,0.0,0.05286753076551078
0xbde7a3027503d38bfa2bcf2ee15703028ff5cd0e,0.0,0.048723245663330535,0.003948582794093228,0.00011973893973102918,0.0,0.0,0.0,0.05279156739715479
0x3a8ace4886b8596e4e12727873b10e56afed1e8a,0.00592078297700941,0.046721213534830455,0.0,0.0,0.0,0.0,0.0,0.052641996511839866
0xde02d5bd6ec210e142451163d4718fe22894a4f6,0.005909530529380967,0.04660747714153216,0.0,0.0,0.0,0.0,0.0,0.05251700767091313
0x3e502da5724044019f76d079c9fec60290f3cd05,0.0,0.05242310154211196,0.0,0.0,0.0,0.0,0.0,0.05242310154211196
0xb25cd9449afed2fb8bd55657b7040ce15465e6fe,0.0,0.05232540285359062,0.0,0.0,0.0,0.0,0.0,0.05232540285359062
0xe66da5f04bd4a2fc354d1e9549f34f3be413f296,0.03993110219174576,0.0,0.01230808293664633,0.0,0.0,0.0,0.0,0.05223918512839209
0x5b72729ebed294936a8887ccfe78a4ff10039b80,0.0,0.05190145817487373,0.0,0.0,0.0,0.0,0.0,0.05190145817487373
0xcdcb9569a8d9c38403e6dc58e3a99760f840ecc4,0.0,0.0518973706002776,0.0,0.0,0.0,0.0,0.0,0.0518973706002776
0x7bcd363d25fea602997c89900dbf0aaad5a0b941,0.034586574115076305,0.017275866247613337,0.0,0.0,0.0,0.0,0.0,0.05186244036268964
0x477adf27a761167484aeccbe08b9d30aaa12863e,0.0399722528385761,0.0,0.01188562241960375,0.0,0.0,0.0,0.0,0.05185787525817985
0xcd6701225c827bd5b29fa724a4a2dbe38d606136,0.0,0.05179184112731969,0.0,0.0,0.0,0.0,0.0,0.05179184112731969
0x86ae120dff0967fdb20ada7629976a759a6fdedf,0.005881124638400355,0.045855649284065866,0.0,0.0,0.0,0.0,0.0,0.05173677392246622
0x362a9f191f546f03a47a66536576032a46138a34,0.029879768725404866,0.013044333421910642,0.00015883510618506364,0.0,0.0,0.0,0.008425566624404227,0.051508503877904795
0x1a2590532fb1df84a9ae6688fd3c2e8e9300de98,0.0,0.05139847362141194,0.0,0.0,0.0,0.0,0.0,0.05139847362141194
0x74581a35407c9a821bd2b68d595b6134d27e422d,0.004299548082680781,0.046299798617289195,0.0,0.0,0.0005945272056175583,0.0,0.0,0.05119387390558753
0x65d4a4b4b501478c3719453d28c9986094c5a444,0.0,0.04663527201615628,0.0,0.0,0.0,0.004458100372260471,0.0,0.051093372388416755
0xe8039d12bf6e1c60a379c4ffa7330311f5f15150,0.005170084761865145,0.045741319489182544,0.0,4.993937047980856e-07,0.0,0.0,0.0,0.05091190364475249
0x1b4dc70984f8bd79d2f96ca7ecf6d0ae9df44a6e,0.0,0.050633324045863445,0.0,0.0,0.0,0.0,0.0,0.050633324045863445
0x31927c087cb3f5a35c5be69621a3d00a932d4e9a,0.00823685367167757,0.042377403618277194,0.0,0.0,0.0,0.0,0.0,0.050614257289954764
0x4620a9b77e34abe3c19098024cf612f2f8011177,0.015334794623265043,0.03517147777159321,0.0,0.0,0.0,0.0,0.0,0.050506272394858255
0x016d13e3e6e5704cfd472266f790c6d534c28dd8,0.0,0.05042668235807625,0.0,0.0,0.0,0.0,0.0,0.05042668235807625
0x5cda40232353b6559d53207e9500e79d08cc7c73,0.005596605515413652,0.044767534903937124,0.0,0.0,0.0,0.0,0.0,0.05036414041935078
0xec133e1274574c91cce51a0c76122588563aa90d,0.0,0.05034178600218537,0.0,0.0,0.0,0.0,0.0,0.05034178600218537
0x99cdb33df8726f1952af7f60a02e70436241d499,0.0,0.05024717061798065,0.0,0.0,0.0,0.0,0.0,0.05024717061798065
0xbf0547bfdbe5cff40e4d3ab47e77bbc81d28dd3f,0.0,0.050218819518771954,0.0,0.0,0.0,0.0,0.0,0.050218819518771954
0x7a8f26ce1440bd89418dc8a8246a05fbd2be2fc5,0.0059595086827475,0.04420752233473017,0.0,0.0,0.0,0.0,0.0,0.05016703101747767
0x2177b6f5665987cb9794b43c0dfa9d3e953a1e70,0.0,0.0,0.05015827767259263,0.0,0.0,0.0,0.0,0.05015827767259263
0xde63ab558078fe7bc22c7fe2a497dae2ecd0268a,0.0,0.0500050077867591,0.0,0.0,0.0,0.0,0.0,0.0500050077867591
0x99b7a3a449849c31dd693c6e1cf22d1fd9eb1450,0.014104497667463366,0.019193569247645776,0.0,0.0,0.016649025966654265,0.0,0.0,0.04994709288176341
0x363ba9f5dce1e6b955c6d279c8bc62bf420c8c82,0.0,0.00285347363849885,0.0,0.0,0.046925676645263856,0.0,0.0,0.04977915028376271
0x539c44a05820f6b9e131f2e4078e22f6e90bf7fc,0.049727634632054867,0.0,0.0,0.0,0.0,0.0,0.0,0.049727634632054867
0x9c337c69196b22b6611f2f8b3f04ed5a2b45d673,0.03336707235145735,0.0,0.016289176268228872,0.0,0.0,0.0,0.0,0.04965624861968622
0x20e4438b762e9a39b7fef96847017188547eb987,0.0,0.04818415420567543,0.0014080061816511198,0.0,0.0,0.0,0.0,0.04959216038732655
0xaac075075d889aea4c87ad82eb0818eeaf706673,0.0,0.049438223441532134,0.0,0.0,0.0,0.0,0.0,0.049438223441532134
0x62016b340492521827fc3837571553227d54481d,0.0,0.04936336234365242,0.0,0.0,0.0,0.0,0.0,0.04936336234365242
0x2207f0e4338104c281e36a8db6338d0559ff71e7,0.007961715708427216,0.04003330972361039,0.0013474840869447222,0.0,0.0,0.0,0.0,0.04934250951898233
0x3984efb9f6c42b3e51c117165a0fc1bbd2391861,0.0,0.048921468252501155,0.0,0.0,0.0,0.0,0.0,0.048921468252501155
0xd04306f9a9e951822565f598bdebac98cc87072a,0.0,0.048856725381381486,0.0,5.117650270088459e-06,0.0,0.0,0.0,0.04886184303165157
0xa5141331d3931c1d3435663ee9ec5b6afe552e40,0.007068873946893325,0.04168700024392108,0.0,0.0,0.0,0.0,0.0,0.048755874190814404
0x1ef73e23d90d4c926996905cc103c6a5e63596c9,0.012035836247896104,0.03631618113651021,0.0,0.0,0.0,0.0,0.0,0.04835201738440631
0xcd7f23e12f0626e652d9207019fbaf17adb145e4,0.0,0.04800746837129791,0.0,4.778302076674824e-05,0.0,0.0,0.0,0.04805525139206465
0x9041538cf2d6dc9cdee8b60773ca36f6a12e7b6d,0.02345957888415655,0.024525895368910474,0.0,0.0,0.0,0.0,0.0,0.047985474253067026
0xe2e3a437480b3d0d333f2799f77d14a362f6ccae,0.0,0.04798316586944187,0.0,0.0,0.0,8.441897629659616e-10,0.0,0.04798316671363163
0x75de92a8bfc30bc4efed11808e84a14634bb9f16,0.00858598845460745,0.0388820597536335,0.0,0.0,0.0,0.0,0.0,0.04746804820824095
0x67cc642f32d724724765dbc40472a3d520b9e02a,0.012071445765580164,0.0,0.035392169580975436,0.0,0.0,0.0,0.0,0.0474636153465556
0xb99104be06a52d973d369056c11a9d958211e563,0.047200286524209135,0.0,0.0,0.0,0.0,0.0,0.0,0.047200286524209135
0xef9e79830d4e42c29918411a8afe4e229df7ade1,0.04714493422144226,0.0,0.0,0.0,0.0,0.0,0.0,0.04714493422144226
0xd77d0dcdc7f3ab5d8cf9588de88daf48f6579986,0.0,0.047079377392369406,0.0,0.0,0.0,0.0,0.0,0.047079377392369406
0x85ed1f02990eebe097154ef7e76dd43dd59d4a44,0.0,0.046552010651504154,0.0004935615182206966,0.0,0.0,0.0,0.0,0.04704557216972485
0x4461d605a73f4f0ea2d52b89c8b36ec78d7f56fd,0.0,0.0,0.0,0.04702710444348253,0.0,0.0,0.0,0.04702710444348253
0xd0fd16351fbd3fcbe2d340e20f3f17d3a0f25122,0.0,0.04664183788224571,0.0,4.1256973649207166e-07,0.00023474204784061498,0.0,0.0,0.04687699249982282
0xdaeffcf87360d1fd41dd3ba4bfad5f145d3866df,0.016407587284853545,0.023342759620771633,0.0,0.0,0.007031132438788921,0.0,0.0,0.046781479344414095
0x2babd229d4b35313112408a372e12cae4adc5498,0.0,0.04671160540938691,0.0,3.2724284728309784e-11,0.0,0.0,0.0,0.04671160544211119
0x7242d491ac4b1834710415fe8d69bcddd1a4ce48,0.0,0.0466880212859814,0.0,0.0,0.0,0.0,0.0,0.0466880212859814
0xee365454dd9b04fd56ea56a9bdbc824da3700de7,0.0,0.04668765103842469,0.0,0.0,0.0,0.0,0.0,0.04668765103842469
0x975406ad5c4fdd9dac4e5233523aa6e3c98afd7f,0.0,0.04668728049586957,0.0,0.0,0.0,0.0,0.0,0.04668728049586957
0xe9d7a6307bf8afb5595dda6c2f3f0bb3118d1f7b,0.0,0.04668254727961359,0.0,0.0,0.0,0.0,0.0,0.04668254727961359
0xae65c027aa4a6c5de38806e4168a576bca4da091,0.0,0.046674658141416,0.0,0.0,0.0,0.0,0.0,0.046674658141416
0x48ddf36514cd3fe018eb94e9fc13e9407ea2730a,0.0,0.0466709393964975,0.0,0.0,0.0,0.0,0.0,0.0466709393964975
0xd2033db9c5370ac76abd80823b5c5adc097e2fbf,0.0,0.0,0.0,0.0,0.04663600799600059,0.0,0.0,0.04663600799600059
0x579f30fdf3359e339cc5106006c9a80ce1512b64,0.0,0.04657281539166703,0.0,0.0,0.0,0.0,0.0,0.04657281539166703
0xbfd62dd147bf4e253120a791ec4adfb6edca2256,0.0,0.046523126520856765,0.0,0.0,0.0,0.0,0.0,0.046523126520856765
0x38a21b96aaff4cc818cf36aeca81b5119711491b,0.0,0.04649121478614541,0.0,0.0,0.0,0.0,0.0,0.04649121478614541
0x40344fd93ab662ad448a9bddddc0e982666741c8,0.0,0.04648253287744161,0.0,0.0,0.0,0.0,0.0,0.04648253287744161
0x15a105b6eca967a438a6930f6859b7e5dbc134a7,0.0,0.04644799220866313,0.0,0.0,5.662744776531553e-09,0.0,0.0,0.0464479978714079
0xe3af998ba2c3825c8d03cf564baf349494d8088b,0.0,0.046407536027030474,2.267636987030193e-06,0.0,0.0,0.0,0.0,0.04640980366401751
0x5d143fe88655244ccf33d595fabb28e52f9fab8e,0.0,0.04638781522200205,0.0,0.0,0.0,0.0,0.0,0.04638781522200205
0xfeecb93271f256ce4ae743ac175fe96595cc0278,0.0,0.04638168202983697,0.0,0.0,0.0,0.0,0.0,0.04638168202983697
0x08fb04b0bf8b7a3413a337dee6f11a7860148131,0.0,0.04636519412624611,0.0,0.0,0.0,0.0,0.0,0.04636519412624611
0xf6c219047bd23accd27d0e894c7b2ac0a6c813ec,0.0,0.04635151319128199,0.0,0.0,0.0,0.0,0.0,0.04635151319128199
0x53405a69d7c1a3cdfeace605fa30839568f6b0b1,0.0,0.046335784538362894,0.0,0.0,0.0,0.0,0.0,0.046335784538362894
0x3d9b0a7ef1cceada457001a6d51f28ff61e39904,0.0,0.04633066590185177,0.0,0.0,0.0,0.0,0.0,0.04633066590185177
0x637fed24d31822d36a74fd9e35fa5b9f05820ef0,0.0,0.046328700131076664,0.0,0.0,0.0,0.0,0.0,0.046328700131076664
0x85cf38d5d13c82f6009ec68926693f09f9b3163e,0.01182162864206405,0.034502947562055915,0.0,0.0,0.0,0.0,0.0,0.04632457620411996
0x6b00ea6fc7a9b699ce17bd7825bc16d45d2b3455,0.0,0.0463164472775966,0.0,0.0,0.0,0.0,0.0,0.0463164472775966
0x33d730566fb2aeb4d93db15fcca7fd980cc53bad,0.0,0.046294721907857814,0.0,0.0,0.0,0.0,0.0,0.046294721907857814
0xb1e2194f43c3c0319b3b6fa560d47bc57632cc56,1.4112582185717254e-05,0.04627890890155022,0.0,0.0,0.0,0.0,0.0,0.04629302148373594
0xdb5ef57f6e83aee98e8bfc5054b05f5f8462f782,0.0,0.04627310147895432,0.0,0.0,0.0,0.0,0.0,0.04627310147895432
0x6d81fbdba7cc3afb7926f80c734965746b297668,0.0,0.04622279847354996,0.0,1.0304622233034972e-06,0.0,0.0,0.0,0.04622382893577326
0x588489f416e90039f74195c2e0ae0ce87c4d2cc8,0.0,0.046198026210035145,0.0,0.0,0.0,0.0,0.0,0.046198026210035145
0xaa312eb19552f924dfc47bfefe47f35a902fc595,0.0,0.04522995750959796,0.0005300514522850232,2.436150893928742e-12,0.0,0.0,0.0,0.045760008964319136
0x1567f144ec7a20a620491f96082d1d0c79b5e941,0.0457567812952431,0.0,0.0,1.302871812332512e-07,0.0,0.0,0.0,0.04575691158242433
0x57c19293a34570808d54854889360ca10a8b78b5,0.04570134377752896,0.0,0.0,0.0,0.0,0.0,0.0,0.04570134377752896
0x099e4638e85f34087ede6121ce7b67f61e4fa27f,0.0,0.04565914340173978,0.0,0.0,0.0,0.0,0.0,0.04565914340173978
0x396a6d7a33655c45044143cb8a812227bf279578,0.0,0.0,0.04559719442001141,0.0,0.0,5.35488192044815e-07,0.0,0.04559772990820345
0xc4c8d1f292ea3731e01fcf24717cfeb1e56b180a,0.0,0.0454691038240455,0.0,0.0,0.0,0.0,0.0,0.0454691038240455
0xa150da57fe14e1964164fd52b55759c2649c5e9a,0.0,0.0,0.0,0.0,0.045426208898906306,0.0,0.0,0.045426208898906306
0x555f53d67699fe0959513ac637f1a6eb5d3b5e55,0.045397680805268584,0.0,0.0,0.0,0.0,0.0,0.0,0.045397680805268584
0x8de78b26d1dc704fc3b981a09bfce93ccfe0c3d1,0.0,0.04524151438533611,0.0,0.0,0.0,0.0,0.0,0.04524151438533611
0x9ff10612af2b7ab14dcdaeb2f8e41ab6f54d020d,0.0,0.0,0.007743579928322142,0.0,0.0,0.03747276909615466,0.0,0.0452163490244768
0x67efa17cd1c6118b32764a9384cf341d9fabd887,0.0,0.04496432684496663,0.0,0.0,0.0,0.0,0.0,0.04496432684496663
0xe9ad82bf205b79d34d13cfeecad6aefcd9ae0e6d,0.04477400794681799,0.0,0.0,0.0,0.0,0.0,0.0,0.04477400794681799
0x12d470977e46ed0531988dd58347e1e40714372d,0.04465683164406479,5.802745573099708e-06,0.0,0.0,0.0,0.0,0.0,0.04466263438963789
0xb08e41f75d23495746c9a823b6180f9fe59fb0a3,0.0,0.0,0.044417776225882166,0.0,0.0,0.0,0.0,0.044417776225882166
0x538f8763282a1a6dfcfc4c9024631d5e79f869ad,0.03674748953745943,0.007575323650054738,0.0,0.0,0.0,0.0,0.0,0.04432281318751417
0x2437558eddd4521b669da669dd8aeddc1d89d4dc,0.0,0.0,0.044182971956705695,0.0,0.0,0.0,0.0,0.044182971956705695
0xe7ab68392b3ae1733313ccc379e244de4aebad49,0.04408498712981386,0.0,0.0,0.0,0.0,0.0,0.0,0.04408498712981386
0x50662ef0f6883c967f92b982e9d2da1402c13ac1,1.411893368280761e-05,0.04403181541520799,0.0,0.0,0.0,0.0,0.0,0.04404593434889079
0x20416e8fabe5472947eb7c0ab010e304375d635a,0.0,0.04404298726694691,0.0,0.0,0.0,0.0,0.0,0.04404298726694691
0xbbe4322772bff17ecd5a4ebecd256d48da059cd6,0.0,0.04404139243068465,0.0,0.0,0.0,0.0,0.0,0.04404139243068465
0xad0681963497382e74a6624d10694f47bc7e062e,0.00377510094948367,0.00473182543219482,0.03527055707130919,2.407528566645091e-05,9.504744853412515e-05,1.4058666475761252e-05,0.0,0.04391066485366402
0xc04bc1996320f27c0a6018cb370c9469a9dd3a4c,8.575869348168378e-05,0.04379957780562092,0.0,0.0,0.0,0.0,0.0,0.04388533649910261
0x20eb3d845a6a07883c8405b53400a70218f1fde3,0.0,0.038413342189241,7.978493515816404e-06,0.0,0.005448781768456799,0.0,0.0,0.043870102451213616
0x8fb8db7e9248e5795fc5212d333d34db086405c6,0.0,0.04386360763254225,0.0,1.672132664984144e-11,0.0,0.0,0.0,0.04386360764926357
0x985320228942525d6f751342b71ade61a6f511d3,0.0,0.04382192101188061,0.0,0.0,0.0,0.0,0.0,0.04382192101188061
0xdb432d0aa38ddd4ecc0d9e2b41433a284ba1d14b,0.006531846570881706,0.037222969907471565,0.0,0.0,0.0,0.0,0.0,0.04375481647835327
0x98a2ab9b27c114f12d523e46c0f745dcc70818b9,0.0,0.04370146645475748,0.0,0.0,0.0,0.0,0.0,0.04370146645475748
0x9c77d05f945ae4127905f55a0ff8341a203de331,0.0,0.0436519415595539,5.401799668230692e-07,0.0,0.0,0.0,0.0,0.04365248173952073
0x5856f3f02eadc69f2403b0a074ce0ec0be1f12e9,0.011932556393743157,0.0315860410629475,0.0,0.0,0.0,0.0,0.0,0.04351859745669065
0x2ba6d6fd69420ee85bf21f2ac7ab0c6037bef633,0.0021229631010069878,0.009909433200008687,0.001730945715522746,1.886416673785473e-06,0.029253062487095582,0.0,0.0003536376158115069,0.0433719285361193
0x001005306685021a4edaf9de69c9b5b2a34c4caa,0.03991526660629633,0.0025419842668484415,0.0008803375134807822,0.0,0.0,0.0,0.0,0.043337588386625554
0x650b9aeff8032fa1706d253f9e682e5b81891725,0.0105989519425736,0.03270685436214807,0.0,0.0,0.0,0.0,0.0,0.04330580630472167
0x53856c7e3d31416366d30d65e80640590fd789c6,0.0,0.0,0.0,4.305481946078482e-11,0.0,0.0,0.043184199085819934,0.04318419912887475
0x4058c5cf11e9f23328f58fedb7fd3a932ab90deb,0.0,0.0374873254567275,0.005684027178988751,0.0,0.0,0.0,0.0,0.04317135263571625
0xfc6bef73e3b9f5a52f5cb124716e9d7ec77b9569,0.007053264615061162,0.03597261104570217,0.0,0.0,0.0,0.0,0.0,0.04302587566076334
0x3ca496da9079d3d41e945abc17c931cea2444e9b,0.0060666327299441995,0.036887129452679364,0.0,0.0,0.0,0.0,0.0,0.04295376218262356
0xe63952fbed992521bf7ec22d274564265d4ad388,0.018611020920511222,0.02417780638292414,0.0,0.0,0.0,0.0,0.0,0.04278882730343536
0xaf1f2758a0f5bb3a09a841f5acb4919150c8f97f,0.0252756875016022,0.016544935259505126,0.0009218167794588304,0.0,0.0,0.0,0.0,0.042742439540566154
0xd0d0c983ddd2fc008bdfd9a88e99d067d671a3e6,0.004716358454457342,0.03799731378199786,0.0,0.0,0.0,0.0,0.0,0.042713672236455204
0x6c8b2d8fd6f8b43e7001e858904f8683bd17bae0,0.003130760310024352,0.0395588821209013,0.0,0.0,0.0,0.0,0.0,0.04268964243092565
0x9e1669410b3b76b0b0a6ad0b6d7a7ddf8f804b0b,0.0,0.0,0.04268129850710538,2.3974992574620874e-12,0.0,0.0,0.0,0.04268129850950288
0x3178fc052c3cbfcd2bd2008bc9787edfd12cd6dc,0.0046281433595194415,0.03788866585761444,0.0,0.0,0.0,0.0,0.0,0.04251680921713388
0x9e55b0e43b7f7f3909af841d326b2dadfda9392e,0.0,0.04236296648601762,0.0,0.0,0.0,0.0,0.0,0.04236296648601762
0xbee848cc5d66df611a3bce41bcd12233a784fa69,0.0,0.0,0.0,0.0,0.0,0.042170956468456165,0.0,0.042170956468456165
0x9c1c9a65b57a2c2c53518a5cae3ad64b62fc9848,0.0,0.041945413237534215,0.0,0.0,0.0,0.0,0.0,0.041945413237534215
0x8ffc4a522f63be28569ebae93ac1579c83535ea3,0.0,0.0,0.04176413321772144,0.0,0.0,0.0,0.0,0.04176413321772144
0xefa230d7d57ac3d606428df81c643c868eaaa408,0.0,0.04173488866086378,0.0,0.0,0.0,0.0,0.0,0.04173488866086378
0x3564f98a4cc0afc69b9b5984dbe9ab5b21ad2878,0.002941150461016482,0.03872847947625177,0.0,0.0,0.0,0.0,0.0,0.04166962993726825
0x705f95654ab855abebb5aca678887c3333fb99c4,0.041422667921079556,0.0,0.0,0.0,0.0,0.0,0.0,0.041422667921079556
0xecf2bd90e8635e8c6fe45098a61515a7ad95a64e,0.0,0.041224192013525875,0.0,0.0,0.0,0.0,0.0,0.041224192013525875
0xdad79b9361c0727d07c9366621507c896f7bd97e,0.040902206866064966,0.00027783373907778184,1.6697390440382068e-05,1.2096281393451807e-08,3.27282292915932e-06,5.5866578138244015e-06,0.0,0.041205609572607514
0x9ee19889d7447a54319bb5c74a32585a3d228631,0.0,0.037284515330412694,0.003895081264618832,0.0,0.0,0.0,0.0,0.04117959659503152
0x37635849f9877c6eae416697abf15d78cbbe9bb4,0.04115383848314364,0.0,0.0,0.0,0.0,0.0,0.0,0.04115383848314364
0xd2becca57d6d480dee3e920b5fa1aae1a230e229,0.00447099566657506,0.03595451958200021,0.0005987704311893418,0.0,0.0,0.0,0.0,0.041024285679764606
0x809761daaa978d9d5e36fdc58eaa3e09f485fdb4,0.0,0.04098482330090003,0.0,0.0,0.0,0.0,0.0,0.04098482330090003
0x21d84d5cbc69528f1bf799807a7c3a70b805be66,0.04097516690405228,0.0,0.0,0.0,0.0,0.0,0.0,0.04097516690405228
0xa18c1f3380b3ba2e54ec2bedfc09cfce79cfafb4,0.004704770313532325,0.03622861509076564,0.0,0.0,0.0,0.0,0.0,0.04093338540429796
0xb9a30b38dd82661398ddd4338c922f3eb173180c,0.0,0.040781987007395354,0.0,0.0,0.0,0.0,0.0,0.040781987007395354
0x9e0c163c5d07ae90c8f805165864d583bbae6b17,0.0019241761639397174,0.027104739975613013,0.0017429259445955855,0.0,0.0,0.0,0.009974825328932827,0.040746667413081146
0x44737f964c725d682ca5c533ac1caf1f94e2a5ea,0.0037083898378899773,0.03329657756827191,0.0015781661287735996,0.0,0.0021199201454987697,0.0,0.0,0.04070305368043426
0xb70ecbab0e839f614879100886cf3dd0bb794d71,0.04001664808378786,0.0,0.0,0.0005585996787040932,0.0,0.0,0.0,0.04057524776249195
0x44a13660be2eb8ce9581d3d59c824eb0743bc94a,0.00887108849415328,0.03165541872190981,0.0,0.0,0.0,0.0,0.0,0.04052650721606309
0x28c8730e75a899b1eb31994b2b0719c34844b427,0.0,0.040449795161423704,0.0,0.0,0.0,0.0,0.0,0.040449795161423704
0x3bc4920a1ee76c2ca8ccaa3e883cb3722aade02f,0.0,0.04042801459428362,0.0,0.0,0.0,0.0,0.0,0.04042801459428362
0x9d3d2c3e81e49edd114903db8f87c68e9666359a,0.04034481794088533,0.0,0.0,0.0,0.0,0.0,0.0,0.04034481794088533
0x7926637093bc71dccf43ee8e0efa1d018f4dedf2,0.01647434713130621,0.023322977553042606,0.0,0.00044446590279622006,0.0,0.0,0.0,0.040241790587145033
0x1aae1bc09e1785c8cb00650db0c6015bd73b0c7e,0.0,0.04020101393463669,8.721552601056344e-07,0.0,6.22630760589879e-09,7.607455828354153e-10,0.0,0.040201893076949984
0xfb635bd4e3269b92d165308010fc545e211ba9f4,0.0,0.04013371935686412,0.0,0.0,0.0,0.0,0.0,0.04013371935686412
0x3b1e3d1ed70d2a17c8eaf7da1a6be9f805a130e2,0.0,0.0,0.040070491321942486,0.0,0.0,0.0,0.0,0.040070491321942486
0x5a407865411253e5a991d3e49e8bc7a1fdbe82b0,0.04000990632021229,0.0,0.0,0.0,0.0,0.0,0.0,0.04000990632021229
0x9859a4583763a5ca30cb3dc676b41eae3b628e4a,0.0,0.03981672075473355,0.0,0.0,0.0,0.0,0.0,0.03981672075473355
0x9b15bf47707d86ed21a1b659dfefc32d4cebe0ec,0.010017999279677248,0.029616043163851045,0.0,0.0,0.0,0.0,0.0,0.03963404244352829
0xf9a3be118450e345a3a5f135ada1305a9384c5a4,0.01063990070121414,0.028810417207631348,0.0,0.0,0.0,0.0,0.0,0.039450317908845484
0x77a3e747f34043d68864acaf95156e2174f893c6,0.007063891329135637,0.03225491148457041,0.0,0.0,0.0,0.0,0.0,0.03931880281370605
0x789b89e6d58d7f6b08212bda6a7d8e62b39ff866,0.015122336962477525,0.024045169070126188,0.0,0.0,0.0,0.0,0.0,0.039167506032603716
0xcd9869d32d6c405a704fb0e9714c239f8f80c0c6,0.0,0.039006722311174545,0.0,0.0,0.0,0.0,0.0,0.039006722311174545
0xc125fa384407c574522a18c17440d437d6767bba,0.03899623102348024,0.0,0.0,0.0,0.0,0.0,0.0,0.03899623102348024
0x49b5fffed83583562537a1a77ca0419ab0e8f31e,0.0,0.0,0.03898051356604819,0.0,0.0,0.0,0.0,0.03898051356604819
0x8fb9afdcc074599d86327b731f47ffa5375823a9,0.0,0.0,0.03880214117151688,0.0,0.0,0.0,0.0,0.03880214117151688
0x941d795f9c3a947c67e2402450eab0b6cd92d422,0.0,0.03266881278412081,0.0,0.0,0.0,0.0048085244762021175,0.0012696398097360344,0.03874697707005896
0x9371b66c542cd897c5f1a7d00b38f069e546df2e,0.01893478862322892,0.01973328460855084,0.0,0.0,0.0,0.0,0.0,0.03866807323177976
0xa92241f7a96ad236fc5d658c53a25235acbafe98,0.0,0.03851835285522696,0.0,0.0,0.0,0.0,0.0,0.03851835285522696
0x7247ba3e232b901feb61a364e79e777c0ba2dcca,0.0,0.03830401615802995,0.0,0.0,0.0,0.0,0.0,0.03830401615802995
0x7e58d735b4e7fac5b6105ddd998f51208157d2ad,0.0016414207791933299,0.03660815396335263,0.0,0.0,0.0,0.0,0.0,0.038249574742545964
0xc591c6592a797886650c43cd12aaaae05aafa50a,0.0,0.03824812383511883,0.0,0.0,0.0,0.0,0.0,0.03824812383511883
0x5f3928096d53fd00696f5eee18a3618693a91fd7,0.0,0.03820099341688308,0.0,0.0,0.0,0.0,0.0,0.03820099341688308
0xd3e4e7571b30d77b506335eac42a89d07ec38a5a,0.03796784585292059,0.0,0.0,0.0,0.0,0.0,0.0,0.03796784585292059
0x79072f96b6a5e8d69a66e0eaaef49674ef0dd8d3,0.0,0.03794041689337352,0.0,0.0,0.0,0.0,0.0,0.03794041689337352
0x853ca50ad25f26fe7abaac444d476ccdd81986da,1.0582425206454658e-12,0.037851629495876976,0.0,0.0,0.0,0.0,0.0,0.03785162949693522
0x9831fa7df4746a03c344be1332c397911258d22e,0.03780205839528921,0.0,0.0,0.0,0.0,0.0,0.0,0.03780205839528921
0x5f3ae95d6af9648ddab5f5e3ca450cde1f18be58,0.0,0.036624306059072895,0.0009111604586296766,0.0,0.0002611847358222546,0.0,0.0,0.03779665125352483
0xbde2bfe17794f1fa3bdb7ba46c6a135878a15d11,0.004343650962833679,0.033359657827522204,0.0,0.0,0.0,0.0,0.0,0.03770330879035588
0xe82c205a527a064e5067c536f04f526c73faa788,0.0,0.03755626810183838,0.0,0.0,0.0,0.0,0.0,0.03755626810183838
0xbe806725024be97ef0dfd27f51e44134ad1c6b74,0.024032901727808427,0.013501998090427663,0.0,0.0,7.905272676285014e-13,0.0,0.0,0.037534899819026614
0x2157f54f7a745c772e686aa691fa590b49171ec9,0.03735178749745463,0.0,0.0,0.0,0.0,0.0,0.0,0.03735178749745463
0x083cf4249610cffda029be60e9ad9299319ed661,0.0,0.037257642252615304,0.0,0.0,0.0,0.0,0.0,0.037257642252615304
0x9fb42daaae8f1589d4c7ce940019cd8608239e4d,0.0,0.03714521204247687,0.0,0.0,0.0,0.0,0.0,0.03714521204247687
0x2bfcbe091371aa94616ce475a8d57ad0bc9d478e,0.0,0.00904448791676127,0.0,0.02804838992580982,0.0,0.0,0.0,0.03709287784257109
0x2f8aa6943f04bd1d7eab4d358fc507d010630785,0.0,0.03708984764245145,0.0,0.0,0.0,0.0,0.0,0.03708984764245145
0x0128eaa9ef7c743409bd9052054a5e0a7dd88fac,0.0035284804562594955,0.033556666297034646,0.0,0.0,0.0,0.0,0.0,0.03708514675329414
0x3f9d71a1c67964b3f587812044ca89ede93ef979,0.0,0.03707318922729058,0.0,0.0,0.0,0.0,0.0,0.03707318922729058
0xaf450f154305d52bb428513c38e4999cd98565b1,0.0,0.03703912193081993,0.0,0.0,0.0,0.0,0.0,0.03703912193081993
0xf75054b507895d902c738efe059751487195d981,0.0,0.03702271581217814,0.0,0.0,0.0,0.0,0.0,0.03702271581217814
0x21c9ce0611541099583e4249bfb583606715a796,0.0,0.03692034831894533,0.0,0.0,0.0,0.0,0.0,0.03692034831894533
0xef64444ba0ec0e38ca4d78e0c7996c8ab0f7c031,0.03451563800007225,0.0022975666661392263,0.0,0.0,0.0,0.0,0.0,0.03681320466621148
0x27d9c7da567aff94d3c858916082e3a7e68601cf,0.00011772835418642854,0.0,0.03396936571506508,0.002707418175913874,0.0,0.0,0.0,0.03679451224516538
0xf01874b954e8a9b9f65f2489087bc49efa479b07,0.03674448555462215,0.0,0.0,0.0,0.0,0.0,0.0,0.03674448555462215
0xf41cc2670184c0039ef2663e8b08d7d8d4e6f8d8,0.004230328458977805,0.032493523592795046,0.0,0.0,0.0,0.0,0.0,0.03672385205177285
0xac28fba3657c368a4d3ecf27ccecab91d8d8edd5,0.014092295271991519,0.022619327796844935,0.0,0.0,0.0,0.0,0.0,0.036711623068836456
0x4e99b2991ab8306833fe403468dc44515694f638,0.0,0.036696194629598534,0.0,0.0,0.0,0.0,0.0,0.036696194629598534
0x3cf3fd7587902a47974db66df866afb28eaab250,0.004063215541116629,0.03260559179045666,0.0,0.0,0.0,0.0,0.0,0.036668807331573294
0xbe67bcd696cdde001b9dad3773d9fb2fa5e9e30b,0.0002352449511861082,0.033776530893633444,0.0,6.961556654573302e-05,0.00254725477565354,0.0,0.0,0.03662864618701883
0xc4694dfd31208fadff6a71526a7c10449317f527,0.03661403083949519,0.0,0.0,0.0,0.0,0.0,0.0,0.03661403083949519
0x8fdf76978f05f1572f5e833ded22f05828fd64d9,0.0,0.03658965024370535,0.0,0.0,0.0,0.0,0.0,0.03658965024370535
0xacea4c5f2ca5d6dc2776d71e1fd6ec508a98c0ae,0.0,0.03652631100964931,0.0,0.0,0.0,0.0,0.0,0.03652631100964931
0x31a8071fcf09ecef126f4cf08571496ab407d6f8,0.014578519028894496,0.02189868703409611,0.0,0.0,0.0,0.0,0.0,0.03647720606299061
0x66b6c9462a811fd4f8f393752810c376ba309d0f,0.024097802129945917,0.01227349116887842,0.0,5.687554182530048e-11,1.5847710285748696e-08,0.0,0.0,0.03637130920341016
0x328283d917f5d61ac73953bbf3810960eefc399d,0.0,0.03631122259426078,0.0,8.352467326117848e-12,0.0,0.0,0.0,0.03631122260261324
0xd7388daa2ffaf067c6f82c1fce9240a620486fb8,0.0,0.03630799829757116,0.0,0.0,0.0,0.0,0.0,0.03630799829757116
0x2cbbdc07de366d5964b47f0c178b5114781a6be9,0.0,0.036257452057586896,0.0,0.0,0.0,0.0,0.0,0.036257452057586896
0xb83a7f07369874f41d66237f4fd051e84f07964f,0.0,0.036248674257125454,0.0,0.0,0.0,0.0,0.0,0.036248674257125454
0xe8aed4baa3506f3c8dd1e6d40a37fb28886bcbd2,0.0,0.03619034518279552,0.0,0.0,0.0,0.0,0.0,0.03619034518279552
0x000a9eb85bdca2ad7e086b047cf4884ef84065bc,0.03616681344054026,0.0,0.0,0.0,0.0,0.0,0.0,0.03616681344054026
0x7fa9236ae6ba315be83e66178fff9662fa7b02ab,0.0,0.03611133115375015,0.0,0.0,0.0,0.0,0.0,0.03611133115375015
0x8616b293c18f03ec7edf99933333b35d15dd0ea5,0.0,0.036052998014877075,0.0,0.0,0.0,0.0,0.0,0.036052998014877075
0xbee4e9d2f3e38b3a1a86ba628673dce82e617727,4.704899757675237e-13,0.0,0.03596377724758598,6.835035130293038e-05,0.0,0.0,0.0,0.036032127599359406
0x5d69ca43df164220ad5e00b0cecd9ff105b34ec0,0.0,0.0360090430611127,0.0,0.0,0.0,0.0,0.0,0.0360090430611127
0x0cae22314cfcfdc987bf94d9421dbda2a7af3288,0.03599741151412704,0.0,0.0,0.0,0.0,0.0,0.0,0.03599741151412704
0x833649f0034cae9afd43bdd5b5e1f5a835a7a753,0.001291809580132538,0.03462511060051728,1.4063243238450416e-06,0.0,0.0,0.0,0.0,0.03591832650497367
0x8b018c9057dc64deb6b707527a31ecfb35fc1a26,0.001296718363192608,0.03450279678594847,0.0,0.0,0.0,0.0,0.0,0.03579951514914108
0x70866cb38f265b955018d6380374de3b2c750e74,0.03293206897322423,0.0028427785117294364,0.0,0.0,0.0,0.0,0.0,0.035774847484953666
0xfae45247e6b1550f0f626fe9176c1d8d09030b74,0.0,0.0,0.0,0.0,0.03576986044289596,0.0,0.0,0.03576986044289596
0xb397720e04bdde5a0582f4fc423c1873f56b6252,0.03317624925107923,0.0025813003580717887,0.0,0.0,0.0,0.0,0.0,0.03575754960915102
0x2ab920d2f690ecd71bccb6978e2ae86f0ec6b427,0.007057253600216504,0.028637224473055146,0.0,1.56385125885091e-11,0.0,0.0,0.0,0.035694478088910166
0xc7fbed04fb522e3014858c98ff1fb390a6f45871,0.0003530439158017924,0.034274921770931034,0.000987975751416734,8.867163164304088e-06,0.0,0.0,0.0,0.03562480860131387
0x0c5db96100873da86a2c4e764d490532198a274c,0.009574909414988,0.025990236390646033,0.0,0.0,0.0,0.0,0.0,0.03556514580563403
0x0a14c4fc8b19fa38eef181a11bf2a9488c704da5,0.03531850625592834,0.0,0.0,0.0,0.0,0.0,0.0,0.03531850625592834
0x9050caf80b6fd85e0c03df2e43d079e4e812b90e,0.0,0.0352556378781259,0.0,0.0,0.0,0.0,0.0,0.0352556378781259
0x3547325936551a0870b1895c44a1129c937dba29,0.03522640784317191,0.0,0.0,0.0,0.0,0.0,0.0,0.03522640784317191
0x05d9615f6621af83f8bff08a5b72bfbc370ee156,0.003951591889296366,0.031219283851673364,0.0,0.0,0.0,0.0,0.0,0.03517087574096973
0x442b499e3bae58cd5344e5b5029e05a0a3acea43,0.00670419628756536,0.024297253271453947,0.004101483272820927,0.0,0.0,0.0,0.0,0.03510293283184023
0xbd45ccec259a8c8f906a1f8dfcbdfe4d1cb459c0,0.03504505053535785,0.0,0.0,0.0,0.0,0.0,0.0,0.03504505053535785
0x4fce17a0bd5fa1f0697a8479391305b7c2da34a8,0.03498305230731957,0.0,0.0,0.0,0.0,0.0,0.0,0.03498305230731957
0xf06243f4435d0c67c392be53dee4319a355cdc0e,0.0,0.03488308165910716,0.0,0.0,0.0,0.0,0.0,0.03488308165910716
0xd7454dc7b77145a8c6eacb630555d50651dcd8af,0.0,0.0,0.03487254727497937,0.0,0.0,0.0,0.0,0.03487254727497937
0x5fdf3d022b0dec6420263634ed0655d24d12b03a,0.0,0.03484925904886297,0.0,0.0,0.0,0.0,0.0,0.03484925904886297
0xa5195faab221d5facfe9f02877392d62ffe63c49,0.026363591942147612,0.008437132913598168,0.0,0.0,0.0,0.0,0.0,0.03480072485574578
0x14ad258e6d6eddf019180112017025f9a2f5c417,0.01064825958561984,0.0,0.0240710549939979,0.0,0.0,0.0,0.0,0.03471931457961774
0xcf6ad31cec5e3b3f9f5e0c37a5b676dd043451d8,0.03471603563862208,0.0,0.0,0.0,0.0,0.0,0.0,0.03471603563862208
0x467f2cc0ac559e256793754a1f52c94a5b6b97b4,0.008243748824148385,0.02644805673148852,0.0,0.0,0.0,0.0,0.0,0.034691805555636904
0x6a64167f066117eae736226b3b132fa925169a35,0.034631621768388826,0.0,0.0,0.0,0.0,0.0,0.0,0.034631621768388826
0x70a20d6f11846cefafc752e6cdc81666be7d746d,0.0,0.03459671398092907,0.0,0.0,0.0,0.0,0.0,0.03459671398092907
0xa61c0940c81ced5467eec99ada2c0ebf08eecbd7,0.016428799914678233,0.018020247378748425,0.0,0.0,0.0,0.00013502548738113728,0.0,0.034584072780807794
0x2239ff85f256b0ad09502e6b757ad4c0a747a899,0.0,0.0,0.034434642250379226,0.0,0.0,0.0,0.0,0.034434642250379226
0x00248603cff883eb815f27e48fd67de8d65e33d1,0.0,0.034405646370261084,0.0,0.0,0.0,0.0,0.0,0.034405646370261084
0x35b99536d33cbed9ab38ad072e3dc764e6b3dd77,0.02097166547688321,0.0,0.013374696304675448,0.0,0.0,0.0,0.0,0.03434636178155866
0x9c40ccc1cf42bf5d8bf529e4ad3c48455e70f8b1,0.034267843462059105,0.0,1.1662183634440029e-05,0.0,0.0,0.0,0.0,0.03427950564569354
0xbffe0abba8a766eb75a2f47cc7aa2555201e9670,0.0,0.03425094411394377,0.0,0.0,0.0,0.0,0.0,0.03425094411394377
0x30a26c2837e9ad41ea5955949f00402dbf86f124,0.0,0.012084304837701256,0.0,0.0,0.022151040865993905,0.0,0.0,0.03423534570369516
0xdefa2e9a66721e855571f4c7082832186405632f,0.00834564982015416,0.0230163369148001,0.0028156681644191835,0.0,0.0,0.0,0.0,0.03417765489937344
0x8ada3d85342c3d17c768992a56d39aa733b5b38c,0.027612770864192532,0.0050062932280247755,0.0,0.0,0.0011431759853686987,3.869007105474486e-06,0.0,0.03376610908469148
0x903f6483376a3e125fc93aaa3200dfbf490618c6,0.0,0.03366649318976422,0.0,0.0,0.0,0.0,0.0,0.03366649318976422
0xd352e31c330f1d3d94f38f650888d8b12cbeffd3,0.01420360097282448,0.019430604017932326,0.0,0.0,0.0,0.0,0.0,0.033634204990756804
0x929c4cb144c0ced5c28435c75c6284fd93d230e3,0.015882637464525638,0.01769617238483815,0.0,3.72944898680732e-12,0.0,0.0,0.0,0.033578809853093236
0xe71f597ea9a14c5a5b0261444c1a88f331955e2f,0.033543689316223216,0.0,0.0,0.0,0.0,0.0,0.0,0.033543689316223216
0x7af6023089aac9c4a8adee1e0f82ada3b528df9d,0.0,0.023968680805424313,0.009522514099431088,0.0,0.0,0.0,0.0,0.0334911949048554
0x5bfe87274c671b4cf6a1af554916819f6141eaa1,0.0,0.0,0.0,5.744232145869491e-05,0.0,0.0,0.033420221680297985,0.03347766400175668
0xb980a1503fe2ef49fa0d7b04ede8bfcb4acf92d4,0.0,0.033256676626839315,0.0,1.0098053792170456e-07,0.0,4.6776497773873194e-05,0.0,0.033303554105151116
0xc21ae2ad096a747b7ba9a60f02aab00fa60234ba,0.001962560115204413,0.03127174851595868,1.6891609064724965e-06,0.0,0.0,0.0,0.0,0.033235997792069566
0x4cdbe1d98715970b61ad3deee1ce7abb4998b6c7,0.0,0.033152058366374144,0.0,0.0,0.0,0.0,0.0,0.033152058366374144
0x47319ab57d6a61de2c7055823ab661f9b2eb5f74,0.019484335461549845,0.0,0.01366055916985215,0.0,0.0,0.0,0.0,0.033144894631401994
0xabbebbc8b3f95d969b951758c43a65f6988d4648,0.0,0.03311597094840455,0.0,3.8392646294089205e-12,0.0,0.0,0.0,0.03311597095224381
0xc724e609d9a3968013ef8ce0bf2cb48971a9b01d,0.0,0.03302181142660972,0.0,0.0,0.0,0.0,0.0,0.03302181142660972
0xeed2a5fd7b8b2142f8a0fab770f7ed1de3f2ed64,0.032932594033302225,0.0,0.0,0.0,0.0,0.0,0.0,0.032932594033302225
0x800949e55f51ab7ed905ce2b8cc50f205332c04f,0.0,0.03292188165347215,0.0,0.0,0.0,0.0,0.0,0.03292188165347215
0x1dd8aa97c02db71fb1d7b408542d7dd2b90d5501,0.0,0.032899181097642144,3.047340425168955e-06,0.0,0.0,0.0,0.0,0.03290222843806731
0x87b2a7853b502414ec42791acff7dd200d7f1fa6,0.0,0.03286372873671781,0.0,0.0,1.626521382481147e-08,0.0,0.0,0.03286374500193163
0xd52dc3de65efa3aaa936ed80cac1bd2c76aab027,0.0,0.03283251191518659,0.0,0.0,0.0,0.0,0.0,0.03283251191518659
0xf0507e57bbee6ef7fd40b3ee66a9bbe9ee230f4f,0.01686530512512047,0.015928573609395147,0.0,0.0,0.0,0.0,0.0,0.032793878734515614
0x1a4b4fef9480134661678143d1c7b759cbee8ed7,0.023514243217346523,0.00925614094025894,0.0,2.798921815505512e-12,0.0,0.0,0.0,0.032770384160404384
0x47add9a56df66b524d5e2c1993a43cde53b6ed85,0.01000966079055571,0.02274524452974487,0.0,0.0,0.0,0.0,0.0,0.03275490532030058
0xa88c374096e5d19b6f76bd2d211508790e548e4d,0.011257568909882195,0.021473630081704855,0.0,0.0,0.0,0.0,0.0,0.03273119899158705
0xafa0ba85493aa462c0de5fe1b09a3e4daee63fe9,0.0,0.03266204785182063,0.0,0.0,0.0,0.0,0.0,0.03266204785182063
0x1609f039a96ce10756f5c6d403a80400dc081a02,0.03258428991796813,0.0,0.0,0.0,0.0,0.0,0.0,0.03258428991796813
0x6309dac268ff8f19a1a073e24f4126b44ef5b76c,0.0,0.03252486404469908,0.0,0.0,0.0,0.0,0.0,0.03252486404469908
0x7a26ccf076f95aa667efc853cbd9d9a31e035d3d,0.0,0.032504697028498716,0.0,0.0,0.0,0.0,0.0,0.032504697028498716
0xf8926a177273202755f9fa930c96285e612375ac,0.0,0.03248202309648858,0.0,0.0,0.0,0.0,0.0,0.03248202309648858
0xd1b3d2a6f4810219c0d449d333c54b072f9732a5,0.0,0.0,0.03236122388360372,9.766881963805678e-05,0.0,0.0,0.0,0.03245889270324177
0x1267a61729027011a96913770469260016b06681,0.01063370276444642,0.0,0.0,0.0,0.0,0.0,0.02181910096969163,0.03245280373413805
0x4f4bad5b9b88fd9adccdfd4c6f5918c51fa3d47b,0.0,0.03242360820325003,0.0,0.0,0.0,0.0,0.0,0.03242360820325003
0x016700997d3b1cd7cfd8faef9b2d7cdd3a8b2d3f,0.0,0.03240067432589004,0.0,0.0,0.0,0.0,0.0,0.03240067432589004
0x54e0644ac92fb4df4e684b95321f7a60897b167b,0.0029481061904643225,0.029426811587160016,0.0,0.0,0.0,0.0,0.0,0.032374917777624336
0xb281a3931f605a907420f078a3e091f51d514bff,0.0,0.03234153120634877,0.0,0.0,0.0,0.0,0.0,0.03234153120634877
0xf25df7d017e0a7b721e7901556538d172b468fbc,0.0,0.03229847553157471,0.0,0.0,0.0,0.0,0.0,0.03229847553157471
0xbc4af22c7760d26ae4f07d2dcdc3e8f56693f3bb,0.017938579745615517,0.014278902689639121,0.0,0.0,0.0,0.0,0.0,0.03221748243525464
0x94b64976492c364e20ff6b14187b9b813ca99081,0.0,0.0,0.0,0.032130269761947855,0.0,0.0,0.0,0.032130269761947855
0x9a88e2bab054c7cf0319959103e6f893c11bc5de,0.008977038719675349,0.0230345559137229,0.0,0.0,0.0,0.0,0.0,0.03201159463339825
0xf28553d35c532e673bb2fcc0832388397b3b4e00,0.015229237520113846,0.016779951791134937,0.0,0.0,0.0,0.0,0.0,0.032009189311248784
0x51a3067f71e0897b0bb37fa22face6146ed78bbd,0.0,0.031913006712860875,0.0,0.0,0.0,0.0,0.0,0.031913006712860875
0xfe3fd57379b65ba4b0fe1e481e07e969153acae1,0.0,0.02833442371623566,0.0,0.0,0.0,0.0,0.003545910356063041,0.0318803340722987
0xdd0fa61baff56c7fc72dd7fa1edad340908d2470,0.0,0.03166324874518757,0.0,6.86774375735029e-05,0.0,0.0,0.0,0.03173192618276107
0x30912b97c37d427715c0b2e0e2e96bcc8c4eec7b,0.0027259305345263777,0.028988164037286723,0.0,0.0,0.0,0.0,0.0,0.0317140945718131
0x7179bacfd773749cd8464f5efe8bf722acd737c8,0.0,0.031663737707720456,0.0,0.0,0.0,0.0,0.0,0.031663737707720456
0x523d0cd051e272856a2c925c08a5fba8425c4944,0.008995511331995495,0.02258800220118039,0.0,0.0,0.0,0.0,0.0,0.031583513533175886
0xd4ea6f865d5d2750ee63f1bf8b4274d5ab3279d8,0.0,0.03153461459663005,0.0,0.0,0.0,0.0,0.0,0.03153461459663005
0x949fffd77db2bf108f71057b53d42b759f4d5bf3,0.0038384555187802112,0.0,0.027670567890730458,0.0,0.0,0.0,0.0,0.03150902340951067
0xc0cdbcd0b24361df8a888e18d2a3cedd4cec948e,0.0,0.03150386523731008,0.0,0.0,0.0,0.0,0.0,0.03150386523731008
0x468fb194f44259ec10c016eb8eeaccef1d35ffbe,0.012224985721872243,0.019261222452848222,0.0,0.0,0.0,0.0,0.0,0.03148620817472046
0xe5d484f90ef24eb9158c4e64431a0eea575decf8,0.0,0.03139698654105038,0.0,0.0,0.0,0.0,0.0,0.03139698654105038
0xfa83821214892f9e63b24f563f806c01be009f52,0.026012632187461904,0.005365883379025596,0.0,0.0,0.0,0.0,0.0,0.0313785155664875
0x1caf10a739fc66734f733b672750f6342802c6c0,0.0,0.031289066674471316,0.0,0.0,0.0,0.0,0.0,0.031289066674471316
0x61d93abebf959dab5720001d2c7b5e3ac8f4573f,0.03119298057422729,0.0,0.0,0.0,0.0,0.0,0.0,0.03119298057422729
0x48b287a8d3431bf919d9112a067a27dfb808e28e,0.0,0.0,0.031166539977036653,0.0,0.0,0.0,0.0,0.031166539977036653
0xe8acaa7f60426b21a895c48f09b6e596887a3756,0.008241152443801348,0.020047057894992237,0.002785718672978834,0.0,0.0,0.0,0.0,0.03107392901177242
0x920ee58bc2cd9edc95445d03d7f61bb97fe1b3ce,0.0,0.0,0.03092185589138679,0.0,0.0,0.0,0.0,0.03092185589138679
0xb33c24cd053e7cb89c61563c4034ccb774b30c42,0.004196991137902182,0.026714337852983293,0.0,0.0,0.0,0.0,0.0,0.030911328990885473
0x1dbabb67db54dc6c343d820d2bd27c8780068083,0.015781748878892804,0.015080911093717947,0.0,0.0,0.0,0.0,0.0,0.03086265997261075
0x91d60d7d25189ea721096e33776ca18abe838e04,0.03076577217096263,0.0,0.0,0.0,0.0,0.0,0.0,0.03076577217096263
0x379135dd4c4152c50359798db5c0d81b9428a30b,0.0,0.02818473048142649,0.00253884040147213,0.0,0.0,0.0,0.0,0.03072357088289862
0xa3b7226dea54ab25133e1e80fbf22adefa917ade,0.0,0.0307059805461628,0.0,0.0,0.0,0.0,0.0,0.0307059805461628
0xaf1dfdd58edbb7fdf18315db5bfcfd2c8a261e22,0.0068932639447501194,0.0,0.023796072335314698,0.0,0.0,0.0,0.0,0.030689336280064816
0x2b23e4e377f2494955089040c1d56a116cf55956,0.0,0.030646606504920258,0.0,6.566634140987448e-12,4.8225757976956725e-09,2.1900967294184844e-09,0.0,0.030646613524159417
0x07bb98c1c3dbbddbe0bef1a8043f705ecc3d4273,0.0024727100933423013,0.024650857727960898,0.0034658509622364675,0.0,0.0,0.0,0.0,0.030589418783539667
0xad77adb339736e72d42ec3e9684989036d655120,0.0,0.0,0.030511250485179647,0.0,0.0,0.0,0.0,0.030511250485179647
0xbe2fae6e1a7490ec3ac28ff2a51ff99d354de0ee,0.005529969258657361,0.024885279238756972,0.0,0.0,0.0,0.0,0.0,0.030415248497414334
0x51c77dc16f5823dca26b33055e87035e32a443b6,0.008235009528601725,0.022055390553196306,0.0,0.0,1.1656182888834678e-13,0.0,0.0,0.030290400081914592
0x60d389e8f5a944d3b2a7d820190e698256335637,0.002634823756179222,0.027644647218452115,0.0,0.0,0.0,0.0,0.0,0.030279470974631337
0xd8447d55e1c6b56ddd2ae7a283fe8f33b4d77ddf,0.030259857166484317,0.0,0.0,0.0,0.0,0.0,0.0,0.030259857166484317
0xc912e66398873640bca7c0c2a8bfa3e74dc7a6da,0.02803744929100437,0.0020268225184753184,0.00019318509611505175,1.746886034338607e-08,1.6158207368317282e-06,0.0,0.0,0.030259090195191917
0xd189954d29e245d6bc29331d302de0e6585df70c,0.029930946516939835,0.0,0.0,0.0,0.0,0.0,0.0,0.029930946516939835
0x0308794cbd50174be3401e08e352960b2e39b9d0,0.008639219842434057,0.021288827608221473,0.0,0.0,0.0,0.0,0.0,0.02992804745065553
0xff2c7c7e10bbdd5024f924a2278ed6999b53c26e,0.015188037321897083,0.0,0.01467467980441836,0.0,0.0,0.0,0.0,0.02986271712631544
0x3332cfabc165e10776a5b5d2963a245a3938ece1,0.02986014383124008,0.0,0.0,0.0,0.0,0.0,0.0,0.02986014383124008
0x78aca636247c0bb9f9838da423168c2dc4d59a40,0.02319827098027895,0.004177781378070706,0.002460609479893946,0.0,0.0,0.0,0.0,0.0298366618382436
0x9cc7fcbd09ec42c41c5655a6a11c0f5a27f34ae1,0.0,0.029836310153367865,0.0,0.0,0.0,0.0,0.0,0.029836310153367865
0x70cc711c52d00d7229b89271e885b1716903c649,0.0,0.029773924313097774,0.0,0.0,0.0,0.0,0.0,0.029773924313097774
0x7b4d92ba4e14bae7a5e2c92117ed86e40c0dfaad,0.029699977334522294,0.0,0.0,0.0,0.0,0.0,0.0,0.029699977334522294
0x48975cdd4eb386dede78bf07c6acdd625502de67,0.0,0.029654066348158797,0.0,0.0,0.0,0.0,0.0,0.029654066348158797
0x5697ce38fce437fb0510839047cbe00174923bb2,0.029634282678411773,0.0,0.0,0.0,0.0,0.0,0.0,0.029634282678411773
0x0fc579371814c46ff1beb563a7d8af6053ebe094,0.019155325214755582,0.0,0.010464583126729947,0.0,0.0,0.0,0.0,0.029619908341485528
0xc56c3bc08e372ad3a71017c191ca0148184e672b,0.0,0.0046558635387138935,0.024952419965423765,0.0,0.0,0.0,0.0,0.029608283504137658
0x51ebf5723c2cf262f3d1b40b1d90eb416f9b4867,0.029499069072438364,0.0,0.0,0.0,0.0,0.0,0.0,0.029499069072438364
0x0e3f5bb797e3953fed2a319544d0e821b4a11e1c,0.02941674752815059,0.0,0.0,0.0,0.0,0.0,0.0,0.02941674752815059
0xb0c6e6cd53528a8de96e460b539d1ac3c59ace7d,0.029406199812401234,0.0,0.0,0.0,0.0,0.0,0.0,0.029406199812401234
0xc24b7c99e4ea9754961799ff0c437d391c23a44d,0.029391195605250414,0.0,0.0,0.0,0.0,0.0,0.0,0.029391195605250414
0x562d13d19bcd70d02f103c13840fdf2ace4cf711,0.0,0.02937570103284999,0.0,0.0,0.0,0.0,0.0,0.02937570103284999
0xa8e8412d596258928ce0c0a162fd3c2e2f9834d5,0.0,0.02936461360121696,0.0,0.0,0.0,0.0,0.0,0.02936461360121696
0x360653370df333619551df7bdaed0ce067b363ea,4.1214921877235055e-09,0.024951989407168765,0.0044048004095539215,0.0,0.0,0.0,0.0,0.029356793938214876
0x5871833221262f861e614b01571438e2d9a7e9dd,0.0,0.029344474097157618,0.0,0.0,0.0,0.0,0.0,0.029344474097157618
0x3e6e83e1db2d2eafdfc138afc6887bd14e7cc276,0.024407623669273373,0.004913503774325211,0.0,0.0,0.0,0.0,0.0,0.029321127443598584
0xe684dc05c16851c65edb5d9fc3b11bce4f427eb2,0.029232373984720873,0.0,0.0,0.0,0.0,0.0,0.0,0.029232373984720873
0xa231ca06b8c49ca8dea7bfcabbd730e4b13cc454,0.0,0.027784162144011786,0.0,7.5786255105822896e-06,0.0012840872517809136,0.0,0.0,0.029075828021303284
0xdd5d1cd14f923e962220d625d19059eadd6fd647,0.0,0.0,0.029052385815560848,0.0,0.0,0.0,0.0,0.029052385815560848
0xcfd126577cdf70582885bfe35a75cd7e5678ec62,0.02354373353492605,0.005484096977371027,0.0,0.0,0.0,0.0,0.0,0.029027830512297077
0xd76d0a9230f0b8ab33da742dd4703738754bb84c,0.008356468446736737,0.02066703551818414,0.0,0.0,0.0,0.0,0.0,0.02902350396492088
0xff33c82337dce4a11af0bc4b7cd6d281738a5a37,0.0014268261179677505,0.027569291167470956,0.0,0.0,0.0,0.0,0.0,0.028996117285438706
0x4459d20bc1904ab9d4a35d9baa9e63ea77b04882,0.0,0.028954250109807744,0.0,0.0,0.0,0.0,0.0,0.028954250109807744
0xd69bb3402f7fb5ee221c72424c415d337fb8942e,0.0005904649198233827,0.028278178167091838,0.0,0.0,0.0,0.0,0.0,0.02886864308691522
0x443341ce6cb98331304851591e53640ad4512954,0.0,0.02872516597983974,0.0,0.0,0.0,0.0,0.0,0.02872516597983974
0x7009ce22339cd1d404e4946ec3a09fb09facd50f,0.0,0.028684544347149458,0.0,0.0,0.0,0.0,0.0,0.028684544347149458
0xf91178e92be194096a08c10e9abe672ff84af3b2,0.0,0.028641145687669303,0.0,0.0,0.0,0.0,0.0,0.028641145687669303
0xf07ddfa67b636e52c59b46e31b02fc114ba82ba6,0.02267086207133341,0.0,0.0,0.00594332724470226,0.0,0.0,0.0,0.02861418931603567
0xdf6cb51ca00ef1645f7e04a5b5d5f6cad3a55e02,0.0,0.028609251627533982,0.0,0.0,0.0,0.0,0.0,0.028609251627533982
0x222a227a5dc77c643e836556e573cb266998a870,0.017956421405119324,0.010632097353672779,0.0,0.0,0.0,0.0,0.0,0.028588518758792102
0xb77575cae3f0ce449ea7731cd6974db2734416bb,0.0,0.028533073316908585,0.0,0.0,0.0,0.0,0.0,0.028533073316908585
0x1c0a83d97fbb94b1119d3409f388ee2fc2f5fa90,0.02850298025391539,0.0,0.0,0.0,0.0,0.0,0.0,0.02850298025391539
0x70439e55a846136ffcc86312a84dd4638de3bfc6,0.0031287099742488118,0.025352550957802308,0.0,0.0,0.0,0.0,0.0,0.028481260932051118
0xd29bdffed8aa908491cf17aaba83d0b2a47ba116,0.0029966233557257916,0.016133454692846935,0.008667683687323121,0.0,0.0,0.0,0.0006659249897628633,0.028463686725658712
0xe475947928c61003940bc0f28cf44bb80202ede9,0.0,0.028458834727270173,0.0,0.0,0.0,0.0,0.0,0.028458834727270173
0xeb80e76443c1bfa85df46075f52a43ae1572003a,0.003321996508684731,0.0,0.0,0.00011263504454098733,0.02499526926153618,0.0,0.0,0.028429900814761898
0xbb1ff00e5af0f3b81e2f464a329ae4ee7c1dfba5,0.0,0.028381017653529537,0.0,0.0,0.0,0.0,0.0,0.028381017653529537
0xe7af3966a2303cbaab0d824b7acbe6518ebfba1a,0.0,0.02837583651082325,0.0,0.0,0.0,0.0,0.0,0.02837583651082325
0x0dc9dc050975f3136a7142a056d8332931745dec,0.02833619747726486,0.0,0.0,0.0,0.0,0.0,0.0,0.02833619747726486
0xd4408dc67e85b229af48da4ce56d8892e76ded2e,0.0,0.022169709312847345,0.0,0.0,0.0,0.004867653077815394,0.0012973177156221235,0.028334680106284864
0xb014bb9f65fe610abe18f8f8562af3c361b2a3ae,0.0,0.028318106518077264,0.0,0.0,0.0,0.0,0.0,0.028318106518077264
0x42c5b08cd943660dee54b7091e2c451e79cf4955,0.028316297221705766,0.0,0.0,0.0,0.0,4.67200644336206e-10,0.0,0.02831629768890641
0x2c2f7035ff9c5d16da8ae8171d0f2d79a6e75acd,0.003257257522546638,0.02501329813889103,0.0,0.0,0.0,0.0,0.0,0.028270555661437668
0x461bed1c0962cbcc4484be93030a0ea54be6d733,0.0,0.022176622356744686,0.0,0.0,0.0,0.00480732154310216,0.0012694192974885418,0.028253363197335388
0x7a38ece48849b2ca453400ee54d33c5cfe3441b8,0.02824198415290288,0.0,0.0,0.0,0.0,0.0,0.0,0.02824198415290288
0xe430434e1e9a95e57e83db1cd135cb68cf2c45b0,0.007571618973135219,0.020657205486491508,0.0,0.0,0.0,0.0,0.0,0.028228824459626725
0x3cce09b497ed7ff5ee6fe2cb12f83d3aa9169459,0.0,0.0,0.02821563793475051,0.0,0.0,0.0,0.0,0.02821563793475051
0x8460c4b782acc844da07e169e06e9a4fb19da0f5,0.0012444478650419821,0.026970274263260353,0.0,0.0,0.0,0.0,0.0,0.028214722128302335
0x06cacb51bd1a0c97fb2c754ff8f9de45419c2eaf,0.0,0.027993021680066846,0.0,0.0,2.3227536119222271e-10,0.0,0.0,0.02799302191234221
0x82da1287b3388cc1fa377ae55717e8a3573599f2,0.0,0.02791996337179421,0.0,0.0,0.0,0.0,0.0,0.02791996337179421
0x69c8c0e90681c91dbaa5625a7a7890c18b743dac,0.0,0.027848391995964963,0.0,0.0,0.0,0.0,0.0,0.027848391995964963
0x8e641328da95f2f8d87f653a3385dcd6b3db8edf,0.0,0.0278459895652884,0.0,0.0,0.0,0.0,0.0,0.0278459895652884
0x9517347dbf4e3f0b72c68f0a9933f0f857a40ab6,0.0,0.02783787959561149,0.0,0.0,0.0,0.0,0.0,0.02783787959561149
0xbb001ec2d6e4fd80ee0384cad8d4392938e844dc,0.0,0.027835096655773883,0.0,0.0,0.0,0.0,0.0,0.027835096655773883
0x10643a47553b626377861f58279c82a32fb86ebe,0.0,0.02782365466582168,0.0,0.0,0.0,0.0,0.0,0.02782365466582168
0xcaca849cbea6e9bcf70da75e786994b76ab8f8f5,0.0,0.02781471508331491,0.0,0.0,0.0,0.0,0.0,0.02781471508331491
0x05a4f9e0338cc841863343fce439af6bdfefa2db,0.0,0.027807582809047163,0.0,0.0,0.0,0.0,0.0,0.027807582809047163
0x246fdee8bcd65db79fc1f4a1104f041fa6c94c84,0.0,0.027787433095834674,0.0,0.0,0.0,0.0,0.0,0.027787433095834674
0x21b3ca06d377457b4002a73dfb2a530867dceef5,0.0,0.027782759450555247,0.0,0.0,0.0,0.0,0.0,0.027782759450555247
0x2e5f8689d077458d8c8740cdcbb780d3814585c1,0.0,0.027779494521985502,0.0,0.0,0.0,0.0,0.0,0.027779494521985502
0x8620a3c0c3ecf0f381e987965cf4ecbff35ea738,0.0,0.027767525748686156,0.0,0.0,0.0,0.0,0.0,0.027767525748686156
0xc3f01f6e61c0cedba21b6e22ea5a005e7b5ece03,0.0,0.02773903994151391,0.0,0.0,0.0,0.0,0.0,0.02773903994151391
0xa0771999ab6b20f50248504f89c0cf2627a3ccb3,0.009079072998433807,0.01865644684782666,0.0,0.0,0.0,0.0,0.0,0.027735519846260465
0x204ffe54d2bef8bf3db8aa49a01009c3f93699bf,0.0,0.027514517144247477,0.0,0.0,0.0,0.0,0.0,0.027514517144247477
0xea28eea1b9294df855f31cb1a7d4b47cf48fc9e4,0.0,0.027401599799477264,0.0,0.0,0.0,0.0,0.0,0.027401599799477264
0xafd1d8d74f81196d575661d4a5ede9c603f47a1a,0.0011766954293945613,0.024662753082934884,0.0014226210953499048,0.0,0.0,0.0,0.0,0.027262069607679348
0x443bae9fd74780b2fff546d9c8db257529bb97c1,0.0,0.02720053827292193,0.0,0.0,0.0,0.0,0.0,0.02720053827292193
0x95fe5c20aa310a7fb955d33fea16912784fecad5,0.0,0.027143563334103064,0.0,0.0,0.0,0.0,0.0,0.027143563334103064
0x76fe28b803eeba445c34afc2f914e6bcb71112fd,0.002949734212618528,0.024109335161250876,0.0,0.0,0.0,0.0,0.0,0.027059069373869406
0xfbea872f9f5adc532f0c7ed3aaff1974da043b82,0.017696972634582416,0.009344023013617626,0.0,0.0,0.0,0.0,0.0,0.02704099564820004
0xb00b18b3bf6ecc43e6235ee69424d4a220437a4d,0.0,0.026975214371727566,3.9224678036814936e-05,3.759375869744464e-08,0.0,0.0,0.0,0.027014476643523078
0xb2ba45cb4b94dc2b02d815010e7f5ab6faedb5e0,0.0,0.02700354617130375,0.0,0.0,0.0,0.0,0.0,0.02700354617130375
0xc4558874093dc4a2fd8b1c3a96c9cc9cc6458941,0.026980871839352157,0.0,0.0,0.0,0.0,0.0,0.0,0.026980871839352157
0x97675d5d3ffd22401b78ba4c0a34faadd2039250,0.0,0.026970172687432573,0.0,0.0,0.0,0.0,0.0,0.026970172687432573
0x47930c76790c865217472f2ddb4d14c640ee450a,0.008582029581826234,0.01835421099465591,8.048111634946711e-07,1.1431509497876241e-11,2.452411249464114e-09,5.446325821389077e-09,0.0,0.026937053297814217
0x0a286ce2b626ec222ccc73fd71b1a2d365006892,0.0,0.0,0.02686563593590777,0.0,0.0,0.0,0.0,0.02686563593590777
0x04fb62160d0dcbeb0b52a0e644fc22d6cd2c58ab,0.0,0.0267646521929252,0.0,0.0,0.0,0.0,0.0,0.0267646521929252
0x0ef3d85a9fcefa3a700db5250d6c051057f066b1,0.0,0.026705136276240875,0.0,0.0,0.0,0.0,0.0,0.026705136276240875
0x0b9b90bcf3fa83a933668e072611af7805fe84ad,0.026696612793199858,0.0,0.0,0.0,0.0,0.0,0.0,0.026696612793199858
0x56063c205244aec9e420367d831cea8a310851f4,0.026651111340691435,0.0,0.0,0.0,0.0,0.0,0.0,0.026651111340691435
0x1196cd2e4ed4b7847de3c3b57b7cc4bb62528371,0.0,0.0,0.026648112290863855,0.0,7.382145547841345e-09,0.0,0.0,0.026648119673009403
0x45d8948fbcd078c1cd03f9e238b4a0673c380754,0.0,0.0,0.02660905544331281,0.0,0.0,0.0,0.0,0.02660905544331281
0xd01c1617033f9e3e834842dd5fe9069fc635b065,0.022227429444718335,0.004309175114597702,0.0,3.36613566979416e-05,0.0,0.0,0.0,0.02657026591601398
0x515c07dd7cd01496d4000e4998b4fd5acd2c09e1,0.0,0.026566821297432215,0.0,0.0,0.0,0.0,0.0,0.026566821297432215
0x829056931183ac082ba19287c43adc13126a10bd,0.0,0.026453767032246847,0.0,0.0,2.642932264889221e-09,0.0,0.0,0.026453769675179113
0xf9f05acbd403473075e722708dc46b0301154176,0.006319669957343848,0.020097601989101422,0.0,0.0,0.0,0.0,0.0,0.02641727194644527
0x80c42380a1ba560e0fffd40a883c8f6ba6457534,0.005082815724247312,0.02131471926384114,0.0,0.0,0.0,0.0,0.0,0.02639753498808845
0x67d0e4d1957de64dbec2a815871bc36579615790,0.026390191629585072,0.0,0.0,0.0,0.0,0.0,0.0,0.026390191629585072
0x80622c49403af3fd4cbd80c0bb508b12167fb193,0.025983050809830432,0.00034611783693085725,1.4851254025046512e-05,0.0,0.0,0.0,0.0,0.026344019900786338
0x0aa0c3ac0151c42537fdb3cb6a2f37b9251a6c6c,0.002958573836347773,0.023337934423401995,0.0,3.3582652577852027e-07,2.9364396381919294e-05,0.0,0.0,0.026326208482657466
0xc638471a547e44d0f9588aa0e469cf3cd3a3d478,0.0,0.026261857386742665,0.0,0.0,0.0,0.0,0.0,0.026261857386742665
0x549de4f045f71d962fff89e8c023b52b9db89c2c,0.014094458764862556,0.0,0.012074154445864687,0.0,0.0,0.0,0.0,0.02616861321072724
0xc2351b9632d97987fb956c96ca6682c942c61e99,0.02117475410268948,0.004944357445134846,0.0,0.0,0.0,0.0,0.0,0.026119111547824325
0xc8f20b76e532a534d4849bdb8a27b96d7ada41ce,0.0,0.02242545333737621,0.0035975694396783576,0.0,0.0,0.0,0.0,0.026023022777054566
0xb383d044751e061936a8653b70e2fbe0a8ea2c79,0.0,0.02599937157099348,0.0,0.0,0.0,0.0,0.0,0.02599937157099348
0x01bac8aef1adcaf091626bb977c89e8f2192b443,0.007665839360532444,0.01820682599842526,0.0,0.0,0.0,0.0,0.0,0.025872665358957703
0xa4f7000a20e1b7e1244f27b70ccc971cc519d85d,0.0,0.025791859116982827,0.0,0.0,0.0,0.0,0.0,0.025791859116982827
0xac206dfe89faf2f394af56df6407ebb9053db240,0.0,0.01964160501918411,0.0,0.0,0.0,0.004823743851543559,0.001272488206810629,0.025737837077538298
0xce5abfa37e36e93de24a20864ce4a3ce470e1804,0.006530738478084962,0.01902428932645392,0.0,0.0,0.0,0.0,0.0,0.02555502780453888
0x3f5d68bcbce2629357d2e0622f8b113612519daf,0.0,0.025549869968652383,0.0,0.0,0.0,0.0,0.0,0.025549869968652383
0xf54c8663db08a9aaae95eefffe8d6fbccd119901,0.02554257647771571,0.0,0.0,0.0,0.0,0.0,0.0,0.02554257647771571
0x895daff2fbe528aa544b66e23c7af9a99af586ad,0.0,0.025516960513653104,0.0,0.0,0.0,0.0,0.0,0.025516960513653104
0x5556ce1e98ed7d01342a05505f0ac6a14d7a9365,0.0,0.025478169758686105,5.056404566927441e-07,0.0,0.0,0.0,0.0,0.025478675399142798
0x2fb9eaff512059cdde4e899ae0e4d6fa64dbf521,0.0029465061862642807,0.02249360931262033,0.0,0.0,1.8043482491853664e-05,0.0,0.0,0.025458158981376464
0x54a5dffa3a4031bd23baa1965af4b8811915caff,0.013166101315650098,0.012254542951131429,0.0,0.0,0.0,0.0,0.0,0.025420644266781527
0x9e24f415df66b07e842bc925f6c0b204ed17853f,0.010794269212812733,0.0,0.0055689442531331014,0.009005130402347261,0.0,0.0,0.0,0.0253683438682931
0xec15c7ddc4a06f7a33c29a80023a6ee6eb9c3f48,0.0,0.02535221801967773,0.0,0.0,0.0,0.0,0.0,0.02535221801967773
0x21ae49c55c7542b5a2ed20e766d5d01114dda356,0.02532780941096308,0.0,0.0,0.0,0.0,0.0,0.0,0.02532780941096308
0x9813011960ab1b9b265f14d7565501e3490996c1,0.0,0.02528999342647273,0.0,0.0,0.0,0.0,0.0,0.02528999342647273
0x38ea4df06ea1fc874aef5fe0a2a8e77510ae041d,0.0,0.025108058505922112,0.0,0.0,0.0,0.0,0.0,0.025108058505922112
0x642c76d07a8a4d0a23deb09a24e9aed5f02d0f11,0.0,0.025045002111436798,0.0,0.0,0.0,0.0,0.0,0.025045002111436798
0x400d7004932cbbf9cecdf4adc879f41d6d21446d,0.0,0.007939379923303408,0.017056599030084843,0.0,0.0,0.0,0.0,0.024995978953388252
0xe30aca85509b2eff23f381fc4dbba43b73067869,0.0,0.0,0.024874854833168245,0.0,0.0,0.0,0.0,0.024874854833168245
0xd5e30668e3abc8ca5f677d7a25aa6d448f7ea9e0,0.01978014100512954,0.004817705950953527,0.0,3.1938460886336907e-07,0.00027450817485281053,0.0,0.0,0.02487267451554474
0x22cb4e4da785120319d602c2fa2b73961bd47e36,0.0,0.0,0.02468335998554597,0.0,0.0,0.0,0.0,0.02468335998554597
0xdd7ee7e92ff7675965d08385ec7279448f17e80b,0.024667416540012022,0.0,0.0,0.0,0.0,0.0,0.0,0.024667416540012022
0x2dfcd2d5479b3854206735a199e6b49111fce5c8,0.0,0.024654668162085485,0.0,0.0,0.0,0.0,0.0,0.024654668162085485
0xd353ecd864966601b456f0b498d6866cb0986a60,0.015257478715204813,0.009260912897761629,0.0,0.0,0.0,0.0,0.0,0.024518391612966442
0x0e2f2f8c4ded12af8ee282aa58e73935f1f95a07,0.00509189716532211,0.019334742560705796,0.0,0.0,0.0,0.0,0.0,0.024426639726027904
0x2d2e13eeda4cc6263eab5af2fbebb6e9d341dfd0,0.0,0.0241854916872283,0.0,0.0,0.00022270143855720187,0.0,0.0,0.0244081931257855
0xdcef59ccd7e6fbf1474f44d4ce98846f47eae330,0.0,0.02440735727423136,0.0,0.0,0.0,0.0,0.0,0.02440735727423136
0x2b0c06be831a935b66c95f3d99e6fdebb2660df3,0.001175342770714049,0.023188484761365032,0.0,0.0,0.0,0.0,0.0,0.02436382753207908
0x77b90c77c5e647b6ad208dff364cdd42d44de124,0.0006700057454971453,0.02360478353140865,0.0,0.0,0.0,0.0,0.0,0.024274789276905795
0x233d4a97ad77f19f2bfb2f3db62f2fa9c3d2b016,0.0,0.024267690197893176,0.0,0.0,0.0,0.0,0.0,0.024267690197893176
0x06ca6fe39474fcd569ca0023188a25f1756179a7,0.0,0.012426273293234117,0.0,0.0,0.0,0.011813078362356464,0.0,0.02423935165559058
0x20ee4ce99b1435b1bc25306f263e03fac352b565,0.0,0.0,0.024193086832366085,0.0,0.0,0.0,0.0,0.024193086832366085
0x4371ebaaefeb8e56ea8448787508efefa2291d74,0.02418505567840004,0.0,1.9469684788867125e-08,0.0,0.0,0.0,0.0,0.02418507514808483
0x95f7cc05e5aa06c8547f1a866d89104f74671c44,0.023629185721605314,0.0,0.0,0.0004929123486388345,0.0,0.0,0.0,0.02412209807024415
0x8f27fd6533ca194ceea7c8c22eac214280e192c5,0.0,0.0,0.024074729798687803,0.0,0.0,0.0,0.0,0.024074729798687803
0x64e243cb1a1b11f87152a64442c68451b9c50a57,0.005816547377515412,0.01822927741148762,0.0,0.0,0.0,0.0,0.0,0.024045824789003033
0x6d40b9be13ef1c4970df10068893371b86bd2e22,0.0,0.02402712439522709,0.0,0.0,0.0,0.0,0.0,0.02402712439522709
0xabd263d64781a01fe3d9b17f12fc95f6fccb2943,0.00529405906758057,0.01857185292565489,0.0,0.0,0.0,0.0,0.0,0.02386591199323546
0x989cae3d77853e73957fa8be58a360f3c00fe4e8,0.0,0.023751871882328614,0.0,0.0,0.0,0.0,0.0,0.023751871882328614
0xb0149a11b2bbfb96e8b5c3ad2431796819203bac,0.0008174846432780383,0.02292147978135289,0.0,0.0,0.0,0.0,0.0,0.02373896442463093
0x893a83f5521001559883cb9682b15439c023e54f,0.0,0.02373384195770361,0.0,0.0,0.0,0.0,0.0,0.02373384195770361
0xda1efdfd64d24c5061bae4a3456fa1b2a4e957df,0.0,0.023722633292021636,0.0,0.0,1.0300587972716121e-08,0.0,0.0,0.02372264359260961
0x980263ee82685d190861ff7915584f563c3b1e8f,0.0,0.023709408473394235,0.0,0.0,0.0,0.0,0.0,0.023709408473394235
0xdffc9401192bceb26c7418fbc722bc6673ea457b,0.02357918486169279,0.0,0.0,0.0,0.0,0.0,0.0,0.02357918486169279
0xa4beb4fbe651b00bc16d472e2e1aa1c26b3d90aa,0.0,0.02354019818076902,0.0,0.0,0.0,0.0,0.0,0.02354019818076902
0xb0fb2e75dd12f1e88f031e9c7530076228272445,0.023107984272729757,0.0,0.00042566398223313115,0.0,0.0,0.0,0.0,0.02353364825496289
0xcc879ab4de63fc7be6aaca522285d6f5d816278e,0.02353075593360543,0.0,0.0,0.0,0.0,0.0,0.0,0.02353075593360543
0x580809c0dfe56287e933f99e347cd5385a645ee3,0.02353044720137309,0.0,0.0,0.0,0.0,0.0,0.0,0.02353044720137309
0xad40d6544f9f39229420c5716987d15f274245b4,0.02352962867951043,0.0,0.0,0.0,0.0,0.0,0.0,0.02352962867951043
0xf1497513e304a93f995c2ad5f1a2def2eb18d8f5,0.020385685669057286,0.0,0.0031286934017474284,0.0,0.0,0.0,0.0,0.023514379070804715
0xfae1f396c7e09f9d401bc4a0fc0251932b696dbb,0.004908256084760867,0.018510341999038945,0.0,1.5273643338028901e-06,0.0,0.0,0.0,0.023420125448133617
0x3d6e4a3857edb49d0704e1940cacf5b8512d121b,0.0,0.023366483210451098,0.0,0.0,0.0,0.0,0.0,0.023366483210451098
0xd0ac22ef04c2ff0026fb3d20586e8c76952ef92d,0.0,0.023269661580104132,0.0,0.0,0.0,0.0,0.0,0.023269661580104132
0x775c4b0f9f13fc32548b060ab4bf5eff44b08348,0.0,0.023240980647788248,0.0,0.0,0.0,0.0,0.0,0.023240980647788248
0xd014bc108caab152b81cdb3ad0569c28bb1014d8,0.0,0.0232150143390681,0.0,0.0,0.0,0.0,0.0,0.0232150143390681
0x603121410742328b0af3b0e4a066b29a9018fb1b,0.0,0.023197332128106738,0.0,0.0,0.0,0.0,0.0,0.023197332128106738
0x49af885ed4605d00a41949473fbe722d909d2bdc,0.0,0.023185716506624505,0.0,0.0,0.0,0.0,0.0,0.023185716506624505
0xd56ee5ba5a52e15f309108bdd6247c69b4f624c2,0.0,0.023178962329034714,0.0,0.0,0.0,0.0,0.0,0.023178962329034714
0xa89556e84d72ba68845900602e2d922af77e6eb9,0.0,0.023155357557527175,0.0,0.0,0.0,0.0,0.0,0.023155357557527175
0x4c948d5ea1bcbf51f6f2f09e860055c341c3f5c1,0.0,0.023149415154269045,0.0,0.0,0.0,0.0,0.0,0.023149415154269045
0x9e8c646220613d68eaf2b947f46c2b4f52bf3f45,0.0,0.02311955380930429,0.0,1.62353921915686e-11,8.254680053995597e-09,0.0,0.0,0.023119562080219737
0xe87600f29e4f4df4a1f1195870b182ca611ff13a,0.0009007124635554691,0.0,0.022113576452060867,0.0,0.0,0.0,0.0,0.023014288915616337
0xca7cd4c133338df50398d576c8cae48be76399a2,0.011827129461833086,0.009479255644303141,0.0,0.0016992026385173648,0.0,0.0,0.0,0.023005587744653593
0x2bce5f371e5b85f7a31fe9853251b572c1a473f1,0.009381963321508934,0.00948345849876928,0.004109031862896082,0.0,0.0,0.0,0.0,0.022974453683174294
0xdf200488ed5bea13c738543f5d49a168c1bec543,0.0,0.022921186991713128,0.0,0.0,0.0,0.0,0.0,0.022921186991713128
0x3a306b33a1da8a0412983b8c4939f8a9cd568f40,0.022874788665096,0.0,0.0,0.0,0.0,0.0,0.0,0.022874788665096
0xd67738e899ca3ed93f00723b23aaf8b176803eaa,0.0,0.02282246239179413,0.0,0.0,0.0,0.0,0.0,0.02282246239179413
0xeeb74dc156ee912b7a70b8910f4dfc8850a46a3a,0.0,0.022800269253723048,0.0,0.0,0.0,0.0,0.0,0.022800269253723048
0x980d5d61caeeb68805b13ad4bcbfd7937c4b098b,0.022675803138068797,0.0,0.0,0.0,0.0,0.0,0.0,0.022675803138068797
0xabf4b0504dec9171256d39ad9f737465f7300a4e,0.0,0.022660346530311445,0.0,4.732423533211224e-12,0.0,0.0,0.0,0.022660346535043868
0xe457134db87f4246865882a7e3835aa84c4b8d6e,0.0,0.02257943223399377,0.0,0.0,0.0,0.0,0.0,0.02257943223399377
0xbd3e5876cc7924be16c2534b1b990a808041469c,0.011765974219399624,0.0,0.0,0.0,0.01079511770524219,0.0,0.0,0.022561091924641813
0xd6b1cf43d7d2f7497070529444e2d0839732df98,0.0,0.0,0.02250997278646461,0.0,0.0,0.0,0.0,0.02250997278646461
0x77d4d1d555533652815c2f12171ae7f45b6332b2,0.0,0.022477629714887447,0.0,0.0,0.0,0.0,0.0,0.022477629714887447
0x4806301e3565d4e364c22732529d457bc5cf278d,0.0,0.022472382387881473,0.0,0.0,0.0,0.0,0.0,0.022472382387881473
0xfa0bd4e927a5c2f04f387633e108a2a104c993c1,0.0,0.022469944903137383,0.0,0.0,0.0,0.0,0.0,0.022469944903137383
0xbbd7543ab24453fd157b063e02a83ffd2f3dc834,0.0,0.022464056207862407,0.0,0.0,0.0,0.0,0.0,0.022464056207862407
0xb36ec4ac75abe319b667b1119b4ff06e8af2d808,0.02246325772443221,0.0,0.0,0.0,0.0,0.0,0.0,0.02246325772443221
0x476868fdfa090d19e37f68d69da1ef1e40fc2045,0.0017656643138927565,0.020376770015441817,2.3727387839979877e-05,4.562493859555863e-07,2.1312494489390887e-05,0.00023052201202488143,0.0,0.02241845247307478
0xa567027c7a7a5f3b2e2e58de823cef0c3d5e1e1f,0.0,0.0,0.022416736450781922,0.0,0.0,0.0,0.0,0.022416736450781922
0xe435a521e2884b0c1c8030c8906bd81a25689a6e,0.0,0.0,0.02239332408810895,0.0,0.0,0.0,0.0,0.02239332408810895
0xf8dfd2f88f5b56f897e745a7ef05ad48fbb3e94a,0.0,0.020535486122989166,0.0018432492991837135,0.0,0.0,0.0,0.0,0.02237873542217288
0xbc12663768a54d675ce5c87defce708a86a039bd,0.02234463086382614,0.0,0.0,0.0,0.0,0.0,0.0,0.02234463086382614
0x1cf98210f34cb989be9694de2091ca35dba9d928,0.0,0.01998435967879323,0.0,0.0,0.0,0.0,0.0023174166226438736,0.022301776301437103
0xefb564f5623978f68ff3546b0769ed564a9058ec,0.0,0.022267640199313047,0.0,0.0,0.0,0.0,0.0,0.022267640199313047
0xcb0fb50b2abd64cfb518c987307196635a48c997,0.002627108767248407,0.01963677628703928,0.0,0.0,0.0,0.0,0.0,0.022263885054287686
0x254c489383994ce62c012ffa2d9ab858c416d55f,0.0,0.022263455736495096,0.0,0.0,0.0,0.0,0.0,0.022263455736495096
0x1fa2e214f74b9034e01657447b4fab3290a405a5,0.0,0.0,0.02224247057992591,0.0,0.0,0.0,0.0,0.02224247057992591
0xd365670968fe006c225d3195f4d59723c5c1c170,0.022219808030973235,0.0,0.0,0.0,0.0,0.0,0.0,0.022219808030973235
0x9077354c6685e7a79538ef1cd59129c985019e28,0.0,0.0,0.0,0.022207573643182113,0.0,0.0,0.0,0.022207573643182113
0x160c7ae0469b5d1a7e857eecfd36ffb35097c580,0.0,0.022206923283161647,0.0,0.0,0.0,0.0,0.0,0.022206923283161647
0x6376e21fef600c53ea6e10cdc473e584c8382521,0.0,0.018607191770818134,0.0035983703098054383,0.0,0.0,0.0,0.0,0.022205562080623572
0x6363f3da9d28c1310c2eabdd8e57593269f03ff8,0.0,0.022197033866369797,0.0,0.0,0.0,0.0,0.0,0.022197033866369797
0xbd3c4255e00384d4b3d77605ab32007f80e59700,0.0,0.0,0.0,0.0,0.0,0.0,0.022090698676595074,0.022090698676595074
0xdb6aa396767c9bbf7b29f7446d88569dcbe4d213,0.0,0.0,0.007690681411065451,0.0,0.014394404379973701,0.0,0.0,0.02208508579103915
0xbd3e4a3d06984d1af43bf7bb0c4fa887af4b7e17,0.0,0.013456426739441996,0.0,0.0,0.00859774988452045,0.0,0.0,0.022054176623962446
0xf936bd8573744f9eea01cf3eafbe74766cfe913a,0.002670957421391512,0.019311245474511386,0.0,0.0,0.0,0.0,0.0,0.0219822028959029
0x3be3af294731754bcb5052c04008ac982d23b6e2,0.0,0.016405350859228115,0.0,0.0,0.005532415479993319,0.0,0.0,0.021937766339221433
0xb30d3f4ea0d2b586fde38dd71545765f2400e910,0.0,0.0,0.0,0.0,0.02188250138500986,0.0,0.0,0.02188250138500986
0xb9914547cf66e9607cc7607e10ed38c20e95270e,0.021836791624220035,0.0,0.0,0.0,0.0,0.0,0.0,0.021836791624220035
0x0481a35cfe7a5a4eda34969f3cdd0a604b08834d,1.5231808323214263e-05,0.021812593545264956,0.0,0.0,0.0,0.0,0.0,0.02182782535358817
0x5855c640b4f6c86bbfe13dbf91b238046e93739f,0.0,0.0,0.0,0.0,0.0,0.021826748216061547,0.0,0.021826748216061547
0x3cf7da5f050843fc868c4850b87b887f00e94ab7,0.0,0.021809576635912688,0.0,0.0,0.0,0.0,0.0,0.021809576635912688
0x4d6abb03613034e9ca9c36efe8eaceb9e767f4f7,0.0,0.0,0.0024559424227781727,0.0193483962550577,0.0,0.0,0.0,0.021804338677835874
0xe8928f9c63c8b27b7a62a204a486b3b1346bd998,0.0,0.021771868172776973,0.0,0.0,0.0,0.0,0.0,0.021771868172776973
0xd26bfbbc1581eac337b5d05b5383c551a99342ac,0.02175837294561938,0.0,0.0,0.0,0.0,0.0,0.0,0.02175837294561938
0x80154cf7462ec8c631fe731052d2590a2c3ce1d4,0.0011773980918881968,0.02057811591116395,0.0,0.0,0.0,0.0,0.0,0.02175551400305215
0x272cf26a5d356459de23486c7cbe6460fd806c88,0.0,0.0,0.02170989478594493,0.0,0.0,0.0,0.0,0.02170989478594493
0x821221842fd8c25f124165df51a684a1c433f36e,0.012122668035461288,0.009552949553615712,0.0,0.0,0.0,0.0,0.0,0.021675617589077
0x1c48475d94c1abaa5826008af56ebe7379a5468e,0.002423404441500993,0.019249236917264313,0.0,0.0,0.0,0.0,0.0,0.021672641358765305
0x77bfecac1d1eb046d8a75c1d4cdabe267180646c,0.0,0.01249014157195893,0.0012582880809337302,0.0,0.007900957242853716,0.0,0.0,0.021649386895746376
0xc6882f85fdf6e0dba6b6ba11145397c435a41116,0.0,0.02163098800465199,0.0,0.0,0.0,0.0,0.0,0.02163098800465199
0xd98f96cec51ae1a3ca0656a7e8ff8fb891e549c1,0.0,0.021621247327837278,0.0,0.0,0.0,0.0,0.0,0.021621247327837278
0x29872951205072bdee0c5361cd74893fd64e74af,0.0,0.019232456727914973,0.0,0.0,0.0023587202593721916,0.0,0.0,0.021591176987287165
0xefa4e89f8ccc7449252520d5e753e1a3bebfc707,0.021566820494338813,0.0,0.0,0.0,0.0,0.0,0.0,0.021566820494338813
0x2216456c29002b294b44b979fa3b0fbabe711198,0.018554998561232577,0.0029762511591223144,0.0,0.0,0.0,0.0,0.0,0.021531249720354893
0x3e5a9d54e41afdfe09c1ff3956a1b2111f6329fd,0.0,0.0215108879766608,0.0,0.0,0.0,0.0,0.0,0.0215108879766608
0x8a7e113a1e9167b3dc7634de7530effcf053c500,0.0,0.02151044239098888,0.0,0.0,0.0,0.0,0.0,0.02151044239098888
0x962321dbdaa21bea27b8b42356a9241c1877362e,0.0,0.021499498545473866,0.0,0.0,0.0,0.0,0.0,0.021499498545473866
0x470d235ca1caff614abee02d98ac3aa89a6758bd,0.016801087168661844,0.0,0.0,0.0,0.004602678481535163,0.0,0.0,0.021403765650197006
0x08d85e32cbeca0a474404b27ea8ef49fcb5bda00,0.002805676637708762,0.01857442788280401,0.0,0.0,0.0,0.0,0.0,0.021380104520512772
0xd7951d4c08b7ea026c213778163583f2f320b571,0.0,0.021300809051469912,0.0,0.0,0.0,0.0,0.0,0.021300809051469912
0xb92e53ccedbb5f04ac12eb36771deeb92013f4f9,0.0,0.0,0.02129476752462032,0.0,0.0,0.0,0.0,0.02129476752462032
0x1dd6d9e643eee309b957f5609ada7423267affc7,0.010584101807598811,0.008928431431632472,0.0017087539841546303,9.080677117150973e-09,0.0,0.0,0.0,0.02122129630406303
0x017ddfd4c44ee369ebced68db13358c015e9a42d,0.002367784756223537,0.01884112558779073,0.0,0.0,0.0,0.0,0.0,0.021208910344014266
0x0e4ab38e59736c49928ab20cb7e2f1437c2a8a0f,2.357354891582087e-05,0.015886161691762667,0.005298866686866609,0.0,0.0,0.0,0.0,0.021208601927545097
0x8619c8a6d9c3ff25137e4d774cc94457a7b88b03,0.021157555352723144,0.0,0.0,0.0,0.0,0.0,0.0,0.021157555352723144
0x554d347580d9b3d70644ae13c035805d36596aaa,0.0,0.0,0.021083061201502225,0.0,0.0,0.0,0.0,0.021083061201502225
0xcd37e17389023439fabbff43794da3feb5cda250,0.009405297682421002,0.011673361132903261,0.0,0.0,0.0,0.0,0.0,0.021078658815324263
0xad2390287cde1172d74f1d4984f2b256d88999f5,0.021070400601359385,0.0,0.0,0.0,0.0,0.0,0.0,0.021070400601359385
0x7daa8dd52ee1bfbf420ce740fc6e66665dfbdc1b,0.0,0.0,0.0,0.0,0.006284132507477644,0.0,0.014711500601242027,0.020995633108719672
0xccd11ed84b74c3ad17db9678b0894092fe6cd989,0.0,0.020962553599438813,0.0,0.0,0.0,0.0,0.0,0.020962553599438813
0x572b4de5be467f6e7210f77940d462b9b8ef3ea5,0.020938383252642998,0.0,0.0,0.0,0.0,0.0,0.0,0.020938383252642998
0x5458a306b6088d5c641e0dae2a234fcd6c592075,0.0023574030325169827,0.01853456554316064,0.0,0.0,0.0,0.0,0.0,0.020891968575677624
0xd3746a312ea0f8c41c0ae8ecb484c1216da4f0bc,0.020882644122310508,0.0,0.0,0.0,0.0,0.0,0.0,0.020882644122310508
0x1ed1ef8d920d678f571a9ba7c0d2ffc97b4f53d5,0.0,0.020855158673637124,0.0,0.0,0.0,0.0,0.0,0.020855158673637124
0x33e3a9df1f75ee02365acf196330b99dda3650cf,0.0,0.019768647933738264,0.0,0.0,0.001061870653470687,0.0,0.0,0.02083051858720895
0xa634845c3c848f5ac3abcd85bfc53502ece2a799,0.0,0.0,0.0,0.0027505391772860654,0.01804808678556368,0.0,0.0,0.020798625962849746
0xd8ef33bddc2716bf46df7142d7068a35eb832e94,0.0,0.0,0.01881996445431078,0.001924897915214154,0.0,0.0,0.0,0.020744862369524934
0x8c1cf3874b18e19f0c3620c0ed861c12283d0fee,0.020682349702348328,0.0,0.0,0.0,0.0,0.0,0.0,0.020682349702348328
0x2e36623b7ffb5829e6d61bc4d5f70aaca4c1c4a2,0.0,0.020673032018466,0.0,0.0,0.0,0.0,0.0,0.020673032018466
0xd2a11b7d27f29be5c18099006446788c5648a7bc,0.0,0.02066526237635495,0.0,0.0,0.0,0.0,0.0,0.02066526237635495
0x9f02cd48b13e68ba2a1b7a020fb72b0ff83e451b,0.0,0.02057423874360068,0.0,0.0,0.0,0.0,0.0,0.02057423874360068
0xecf5928bd9723aaaba807d162791bd457de52a88,0.0,0.0,0.020525110412392862,0.0,0.0,0.0,0.0,0.020525110412392862
0xd12dc8a101b1bc65a8ba022f8ac81d996d4f03e0,0.0,0.020515798097113108,0.0,0.0,0.0,0.0,0.0,0.020515798097113108
0x78e90b46ee542441e9fdcd1e072c3bc962fbd62d,0.0,0.018533084899334168,0.0,0.0,0.0,0.0,0.0019799434729429253,0.020513028372277094
0xfd719bbf85a8b8c0c6b16946ef1e3c8c93ac3b66,0.006505425109128867,0.013955028788033064,0.0,0.0,0.0,0.0,0.0,0.02046045389716193
0xd2f13a71f1844cc79db13665ba1870715bc794c0,0.010822091106987876,0.009359539925431336,0.0,0.00021880626471962097,0.0,0.0,0.0,0.02040043729713883
0x903598dc392f286b21d2d485349eb55dc5901833,0.020355283017093728,0.0,0.0,0.0,0.0,0.0,0.0,0.020355283017093728
0xd5c3eb81a2702e2e82dbce00b215d6d799be0c44,0.020355169847825868,0.0,0.0,0.0,0.0,0.0,0.0,0.020355169847825868
0xf0135043d4c41fe01a82c51c3c8b3a10348b1dd5,0.0,0.020336816962789807,0.0,0.0,0.0,0.0,0.0,0.020336816962789807
0xa0944ae4fc8eef4660e5bd9e5ae613cb981f9525,0.0,0.020320701090427225,0.0,0.0,0.0,0.0,0.0,0.020320701090427225
0xd073275d5ff8f83de887c1f62ffdc6556351398d,0.0009410857597907246,0.018966256173431794,0.0,0.00038620299221023236,0.0,0.0,0.0,0.02029354492543275
0xa96bb03241b4359aab743020a6a254210decb4bc,0.02017523939032387,0.0,0.0,0.0,0.0,0.0,0.0,0.02017523939032387
0xb21180422d326388d165472e6f1d8fc52e1783f8,0.0,0.020173345292996542,0.0,0.0,0.0,0.0,0.0,0.020173345292996542
0x50f85b9f3ad7fb0d857506302ce6deabf26b9131,0.0,0.0,0.020142465358618106,0.0,0.0,0.0,0.0,0.020142465358618106
0xe1918c2bfe5ce8e9bf561862f8e3a21119e7adfb,0.0,0.020142206156748617,0.0,0.0,0.0,0.0,0.0,0.020142206156748617
0x5180d3392c0ada67ce6e33a038d7399ebe0e1ffb,0.0007630878749710946,0.01935378332491362,0.0,0.0,0.0,0.0,0.0,0.020116871199884714
0x55c94752b98deac4afc283dc52116179d1c8d0c6,0.0,0.02003026662416447,0.0,0.0,0.0,0.0,0.0,0.02003026662416447
0x4a1f8d6b928269561ecee07023cb322cb72ed8c3,0.0,0.020020258951339485,0.0,0.0,0.0,0.0,0.0,0.020020258951339485
0x1fdb080a9012b3246357f96c9e5cc9eeee4c5b0e,0.019987303816923586,0.0,0.0,0.0,0.0,0.0,0.0,0.019987303816923586
0x0ce46ece1021fd29e885f94cc2f2ea009d9feaef,0.0,0.0,0.0,0.0,2.527873304026056e-10,0.0,0.019981836275053,0.01998183652784033
0x70381dba39c529ab86ada1c618a192e6089e795d,0.0033779583628850193,0.0,0.016525841202196495,0.0,0.0,0.0,0.0,0.019903799565081516
0x781021c72331a6ff6d68d62323e4c6e153d680c3,0.0,0.01986604514918198,0.0,1.2919327510876695e-12,0.0,0.0,0.0,0.019866045150473913
0x6d5593d3d15dd7d2b647c5699edc8b631a5210c0,0.0,0.0198115133359797,0.0,0.0,0.0,0.0,0.0,0.0198115133359797
0xbba58ea845a6b7013a19575720075a2e8ee78fdf,0.0,0.019805913187103362,0.0,0.0,0.0,0.0,0.0,0.019805913187103362
0x241f872b5668655c9843c61e1f28a3e3e6e74e44,0.0,0.019798555229404702,0.0,0.0,0.0,0.0,0.0,0.019798555229404702
0xc584395afcbf6729a963048c34c6c09e735b0beb,0.0022349399232118646,0.017562584355868903,0.0,0.0,0.0,0.0,0.0,0.01979752427908077
0x62898156796d73a26685b5a81775cb1a9f7c671b,0.0,0.014824243648172714,0.004968783541676046,0.0,0.0,0.0,0.0,0.01979302718984876
0xcb11673592cc6c4b9584f33bbba6c6cf07dde3f7,0.01978491741327408,0.0,0.0,0.0,0.0,0.0,0.0,0.01978491741327408
0x5b436e52ecb0e0056d5c79936697cc013bd944c8,0.01974463091556076,0.0,0.0,0.0,0.0,0.0,0.0,0.01974463091556076
0x470347771c0565778cd49c2148f29195e0fa891a,0.0,0.0,0.0,0.0,0.0,0.0,0.019721680752142437,0.019721680752142437
0xa80c148a4a39c963ccf3490e300c66b39cec237d,0.0,0.019690138080820343,0.0,0.0,0.0,0.0,0.0,0.019690138080820343
0x2f554cc12f7fc113288e3d0153891973651fee59,0.0,0.019678766556674873,0.0,0.0,0.0,0.0,0.0,0.019678766556674873
0x19a4e7de65f619224389c78c4fcfd1e7d9d13fbc,0.005199489571132952,0.014466215443180991,0.0,0.0,0.0,0.0,0.0,0.019665705014313944
0x819e1d123280dc3361819e0cf09bec96dd256100,0.002801659790371508,0.016444049983300985,0.00011681718855078966,0.0,0.0,0.0002929035484905599,0.0,0.019655430510713844
0xfb001e7c9a376a985b8e0cf96384cff64c220a3d,0.01961189052555793,0.0,0.0,0.0,0.0,0.0,0.0,0.01961189052555793
0xdd08fb1b04dd705b3f31834734d943c1e2629d03,0.001196088170021148,0.01789550676165877,0.0004617414768210173,0.0,0.0,0.0,0.0,0.019553336408500935
0xb001fbb24cdf3d47abef9fa5111921637c33c125,0.0,0.011709735892185458,0.0049451026256759146,0.0,0.0028753205455995883,0.0,0.0,0.01953015906346096
0xe8e60566875a2ba1955d15d044f882faed018075,0.0,0.0194884343499869,0.0,0.0,0.0,0.0,0.0,0.0194884343499869
0x8109e14d00900a5a628ae690ede09624f8ba080c,0.0,0.01948843256168382,0.0,0.0,0.0,0.0,0.0,0.01948843256168382
0xf8dbea942bd156db14f847824f6441baf4a5e69e,0.0,0.019452963571275357,0.0,0.0,0.0,0.0,0.0,0.019452963571275357
0x3243a99f4b11de2a155f0b87fdbcd04afb8b3346,0.0,0.019450277873643198,0.0,0.0,0.0,0.0,0.0,0.019450277873643198
0xc3e86be526e4d4247530e93869da749038fb4295,0.005376102309506326,0.014073702937654699,0.0,0.0,0.0,0.0,0.0,0.019449805247161025
0x32a1f6a79584ce2d39cd1e03320372d8e17fcbd2,0.0,0.019435052580283795,0.0,0.0,0.0,0.0,0.0,0.019435052580283795
0xdda6ee62fd4f7f38f6e62da1cda241c3749b4af6,0.01273056312919615,0.006695121244400364,0.0,0.0,0.0,0.0,0.0,0.019425684373596513
0x7daca00610c147f2becd13b7874badcb4d9db8be,0.0,0.019411666277059647,0.0,0.0,0.0,0.0,0.0,0.019411666277059647
0xc07be0f543ad5c51b8b7f2de68e9ac244b32e0a1,0.019407506345844,0.0,0.0,0.0,0.0,0.0,0.0,0.019407506345844
0x4bba504587d11f490c56ea02e53f77ee7af50783,0.019391421139160522,0.0,0.0,0.0,0.0,0.0,0.0,0.019391421139160522
0xf77506dac023a7483b8ec308b387abb161ac4fa0,0.0,0.019368505197399234,0.0,0.0,0.0,0.0,0.0,0.019368505197399234
0xa7e5a837382c4b2a484bd2afadc8b5a5f6d74e87,0.007741571821120268,0.011619065226596191,0.0,0.0,0.0,0.0,0.0,0.01936063704771646
0x5c68096da352b5adbb29ce12a7373d10335d537d,0.0,0.019324110696876038,0.0,0.0,0.0,0.0,0.0,0.019324110696876038
0xd39512cce249ca2e6e3fd5bae8d3405a71bee9b4,0.0,0.01929033889423499,0.0,1.969057796558536e-11,2.8263228505105316e-09,0.0,0.0,0.019290341740248417
0x97c05503973a5cbdc2c97da33dd7d107916713a4,0.005356333663248186,0.01392070639769285,0.0,0.0,0.0,0.0,0.0,0.019277040060941036
0xc767afb5bcd405a1866f20f8c090ea4bdb9e1cea,0.0,0.0186201144734394,0.0006047942374284687,0.0,0.0,0.0,0.0,0.019224908710867867
0x59968109dba6fda1c50cd4acdafa669490dab80d,0.001130786311759293,0.017793300404060103,0.00025495021655594493,0.0,0.0,0.0,0.0,0.01917903693237534
0xc7a4d962888ea92702a38ad1e3aebf05d56d561b,0.0,0.018999912449509507,6.9536240746704694e-06,0.0,0.00016053085868554575,0.0,0.0,0.019167396932269723
0x24a30823bd87e785b0c4b3803a2bffd91eb6876f,0.01914497819861185,0.0,0.0,0.0,0.0,0.0,0.0,0.01914497819861185
0x4df32b522ba8d9b2ecd6d4904bc5af79b7e6a280,0.0,0.019111344855464448,0.0,0.0,0.0,0.0,0.0,0.019111344855464448
0xecab3552289eebe7b9ba5286bca4ed0f1da0cdc3,0.0,0.019108977476814046,0.0,0.0,0.0,0.0,0.0,0.019108977476814046
0x562961a7cfa39e222d82d2d0c07ce8a3f5eb2cc4,0.0012252967815010584,0.01786167655510154,0.0,0.0,0.0,0.0,0.0,0.0190869733366026
0x96d8ad0c106ef5d79e6aacb0a83849667f204a1b,0.0,0.019086048102780966,0.0,0.0,0.0,0.0,0.0,0.019086048102780966
0xbdfa3a7ca0a3c6e803486ffa9c769ab4cb6b457e,0.0,0.019015102290576683,0.0,0.0,0.0,0.0,0.0,0.019015102290576683
0xee779321bdba95d0758d60e066bad2b25e77aec9,0.013313413749582175,0.005696249200786973,0.0,0.0,0.0,0.0,0.0,0.019009662950369148
0xdbc50b04023fd956f13d3f2625df7fbb022b996e,0.0,0.01899383572004853,0.0,0.0,0.0,0.0,0.0,0.01899383572004853
0xadddd321ac3dc9ce8d9b88f053a4efc093494a82,0.0,0.018971384677829054,0.0,0.0,0.0,0.0,0.0,0.018971384677829054
0xb6d40b9cf072a37a4c08fb040d511362accf3f17,0.0,0.01896281042774048,0.0,0.0,0.0,0.0,0.0,0.01896281042774048
0xdca81888531bd3a3219d978538bd951efb50dce0,0.00043400964238854753,0.018525702365678458,0.0,0.0,0.0,0.0,0.0,0.018959712008067005
0x0d5a7215ac0f52d486e7ca09e249fd4c5f023ccb,0.003976640540456684,0.01448135098779965,0.00043405757346082956,0.0,0.0,0.0,0.0,0.018892049101717164
0xcc33d826a33b47eeec6cea8ad5f4b8f69d4511da,0.0,0.018890386652365407,0.0,0.0,0.0,0.0,0.0,0.018890386652365407
0x35b115b395378d775e167f8a9a43898aa54a0ffb,0.0004014433004154117,0.0180961022826883,0.0003293022267001292,0.0,0.0,0.0,0.0,0.018826847809803843
0x4109266acac7bc28c754884920b059e016ddaf41,0.0,0.018808395372284976,0.0,0.0,0.0,0.0,0.0,0.018808395372284976
0x4e5ac8bc43cec91f4255e326cbb166b0b1eb4e0a,0.0009991267812106577,0.017779180313655916,0.0,0.0,0.0,0.0,0.0,0.018778307094866574
0x2d44d5c6e24440239353eb19f4b6b2c669db0147,0.0,0.018776049962073917,0.0,4.3373121377444854e-12,1.1631841627712433e-09,0.0,0.0,0.018776051129595392
0x989923d33be0612680064dc7223a9f292c89a538,0.002603786507590245,0.016131176738524326,0.0,0.0,0.0,0.0,0.0,0.01873496324611457
0x8d1aade42646b715470b20485e7abe43ee35c1b9,0.0,0.018723647681519205,0.0,0.0,0.0,0.0,0.0,0.018723647681519205
0x6dbd61c345cad500ba0f8866616dd8eee195b835,0.0,0.018723533088751382,0.0,0.0,0.0,0.0,0.0,0.018723533088751382
0x06439dc5e068b473c0f2fb1933af7962a42b31c1,0.018721570261230544,0.0,0.0,0.0,0.0,0.0,0.0,0.018721570261230544
0x25a0c9db3d86581922e590d638315e738d07dc2b,0.010764910271813028,0.0,0.0,0.007909901005214093,0.0,0.0,0.0,0.018674811277027123
0xd6792df4e2d5cccfb4962030ba3fce4628e5266f,0.0,0.01864047259631212,0.0,0.0,0.0,0.0,0.0,0.01864047259631212
0xaf3c2e9aa26ca420e781a072224ac4634209f4bc,0.0,0.018630716522187583,0.0,0.0,0.0,0.0,0.0,0.018630716522187583
0x48f15be32e417ef481fe4e6826dd90914408a1be,0.0006469237166801493,0.017978783384307286,0.0,9.61931275536517e-11,0.0,0.0,0.0,0.018625707197180562
0xcab6c01601302051c8a10aa05fe97ff2e895bbb3,0.0,0.01861535889962633,0.0,0.0,0.0,0.0,0.0,0.01861535889962633
0x5491b4cc6d65e9638a50f8be198708e419a58864,0.0,0.018570939955678017,0.0,0.0,0.0,0.0,0.0,0.018570939955678017
0xe4d7f0cf633ed65ef4100a149de04251d51ac1db,0.0,0.006114169487747968,0.012451940918119386,0.0,0.0,0.0,0.0,0.018566110405867354
0xcf4686447707267ebf47ebf6d66650124ec77c98,0.0,0.018555681339732465,0.0,0.0,0.0,0.0,0.0,0.018555681339732465
0x58081c6c806c629de1c8a05229771d791964751a,0.0,0.01853934842562249,0.0,0.0,0.0,0.0,0.0,0.01853934842562249
0xabff5479411da18d6249e9bde1b29f264f79ab77,0.0,0.018530632395560312,0.0,0.0,7.317425757767379e-10,0.0,0.0,0.018530633127302888
0xe55a1cf7af24346cf37dcebc1066c7b7542e8466,0.0021101910443492968,0.016418032420946884,0.0,0.0,0.0,0.0,0.0,0.01852822346529618
0x373ad6e0233569b2715b947d36af2b8226f695b2,0.0,0.01852775091342598,0.0,0.0,0.0,0.0,0.0,0.01852775091342598
0xb64490a731da4f15d532331cc4352613169427f7,0.0,0.018527359475717688,0.0,0.0,0.0,0.0,0.0,0.018527359475717688
0xa0199e46c1b5684b8ebffccc5badffeb03fca370,0.0,0.018526315835295525,0.0,0.0,0.0,0.0,0.0,0.018526315835295525
0xd062e09214b4d6c951a1302f63aee1c27a5f67cb,0.0,0.0185142397632461,0.0,0.0,0.0,0.0,0.0,0.0185142397632461
0xf0ec94f2222674569fb45cd5d3a5bc3625661042,0.0,0.018503746656049008,0.0,0.0,0.0,0.0,0.0,0.018503746656049008
0xc540109685a3b01669515bef7797b06603906118,0.0,0.018444683132073245,0.0,3.56672587198133e-05,0.0,0.0,0.0,0.018480350390793057
0x6ac8cb900d592c91c71c82368ad4da263f4d0166,0.0,0.018479168812818733,0.0,0.0,5.124116652611299e-09,0.0,0.0,0.018479173936935385
0xbc2599f049555bd8f0cdb0a4873ba3d6204c3cf6,0.0,0.018467973837712214,0.0,0.0,0.0,0.0,0.0,0.018467973837712214
0xedc6ec488ee6ad25a4657e14c3fc48fd0a81beea,0.0,0.01846442874080073,0.0,0.0,0.0,0.0,0.0,0.01846442874080073
0x53cfd45b8416322a72009bcf0f57f54d906d947b,0.0,0.018411507667965486,0.0,0.0,0.0,0.0,0.0,0.018411507667965486
0xb511433220abafdf8ef73311373ad115f6b18266,0.005135510698336447,0.013253886352511075,0.0,0.0,0.0,0.0,0.0,0.018389397050847522
0xccddcc9869456afbdee89d302e064d63e4132406,0.000995455419306173,0.016219588384674462,0.001139890516920737,0.0,0.0,2.8112981226190246e-05,0.0,0.018383047302127562
0x5ea7015dc6a99e18ed52dc8e844006735791b4be,7.766599160283121e-05,0.018290008336121617,0.0,3.0324722134687165e-08,0.0,0.0,0.0,0.018367704652446585
0x2df6f1ef094906b4c31c1db54b6d2be2452d79a5,0.00210761863429066,0.016251928687373372,0.0,0.0,0.0,0.0,0.0,0.018359547321664033
0x19d8563de9a009d36175a6241ed0e7d5a6f68ce9,0.004214458944913567,0.014129057879573753,0.0,5.5377360298590165e-14,0.0,0.0,0.0,0.018343516824542695
0x4899836f6a11948fa24cb0c9db97ed8c6b87b00c,0.0,0.018338774743508205,0.0,0.0,0.0,0.0,0.0,0.018338774743508205
0x6956eb714559b5719342b75013ab318c5e465b67,2.2954456097823085e-09,0.018336405337674812,0.0,0.0,0.0,0.0,0.0,0.018336407633120423
0x22348b5c6e0a9807a5a553b4a63f282fac483efe,0.0002357812461139162,0.0180804690329728,0.0,0.0,0.0,0.0,0.0,0.018316250279086715
0xfc512ee89a0ae5bcf6c5f38ef991fe844ef9d204,0.0,0.01830669919463596,0.0,0.0,0.0,0.0,0.0,0.01830669919463596
0x0e438d1dd918ff8abe2614fddf6039b6c8c072d2,0.0,0.018283921346172637,0.0,0.0,0.0,0.0,0.0,0.018283921346172637
0x6a818c09902769c1915239aaaed17a9f150f79ad,0.013374698179922796,0.004904271114833227,0.0,0.0,0.0,0.0,0.0,0.018278969294756024
0x33af6d17c9fdfd65a99f920f2847c4fb6c91fc4e,0.0,0.01825739175577975,0.0,0.0,0.0,0.0,0.0,0.01825739175577975
0x8b9d2de01f12faea7c038478baae4e104603e1a4,0.0,0.018232581780205887,0.0,0.0,0.0,0.0,0.0,0.018232581780205887
0x5facdf7d6ed457518f44fbcae414076af7f16587,0.0,0.0,0.018214218816602134,0.0,0.0,0.0,0.0,0.018214218816602134
0x35a968eba94996c8b6c5d9763b9d7087879540d0,0.0,0.01818665926421688,0.0,0.0,0.0,0.0,0.0,0.01818665926421688
0x844dc38bfa4882eec8c5b85dceb08fc66a7a4fbe,0.0,0.018185633324773947,0.0,0.0,0.0,0.0,0.0,0.018185633324773947
0xdd8a04411ac02ffa63a01fdf371472932d9031ac,0.0,0.018074641993730878,0.0,0.0,0.0,0.0,0.0,0.018074641993730878
0x7e999393c6b75b289e14cb40a93420e382792f11,0.0,0.018048317141586757,0.0,0.0,0.0,0.0,0.0,0.018048317141586757
0x323ec7395c251eff50fc459ed1c1589cd356c5fc,0.0,0.018048122205317964,0.0,0.0,0.0,0.0,0.0,0.018048122205317964
0x83702494a0247d9e20a1921b21916a7864d8e278,0.0,0.0,0.0,0.0,0.018018184090654556,0.0,0.0,0.018018184090654556
0x162dfd0a4ef3f72c33a6c98a3476a1eb7ef1c9b8,0.0,0.01798535207087977,0.0,0.0,0.0,0.0,0.0,0.01798535207087977
0xcafc58de1e6a071790efbb6b83b35397023e1544,0.0,0.017982588279582924,0.0,0.0,0.0,0.0,0.0,0.017982588279582924
0x4f31918342882088a2a0fa33c8cb833a2c04a29d,0.017875343558300952,0.0,0.0,0.0,0.0,0.0,0.0,0.017875343558300952
0x897356c141f8e113a4384fcf60dd19eebf10875a,0.0,0.017857983641697904,0.0,0.0,0.0,0.0,0.0,0.017857983641697904
0xbc9d74b7d46a0b48f3ca7ec0bfda4f8e099670b3,0.0,0.0,0.017855521395536207,0.0,0.0,0.0,0.0,0.017855521395536207
0x0d65ca083b13adf71a3ef307ae8afd1632ff50cb,0.0,0.0,0.0,0.0,0.0,0.0,0.017671269599520492,0.017671269599520492
0xfdda125cae5d774661b1c5f41f1308d11f39aa23,0.0,0.0157112880300184,0.0,0.0,0.0019525091914328143,0.0,0.0,0.017663797221451217
0x68e539042357f46bb57e7ef6e8c85cef9ee1bc36,0.01765799869229977,0.0,0.0,0.0,0.0,0.0,0.0,0.01765799869229977
0x3d64085660a5aae6f52626da28c35f2e54ee1c3f,0.017650497056038692,0.0,0.0,0.0,0.0,0.0,0.0,0.017650497056038692
0x806b897352a01a02d1e92e289efd21f3d6fa1a2e,0.0,0.01763638061230286,0.0,0.0,0.0,0.0,0.0,0.01763638061230286
0x783ac82211d12295c1dcbc0dc5e1b56e45aa6271,0.0,0.0,0.0176139442908075,0.0,0.0,0.0,0.0,0.0176139442908075
0xe9242fc1e861a2a3e12fb3972edcee732f49b37b,0.0,0.0,0.017611511378332372,0.0,0.0,0.0,0.0,0.017611511378332372
0xeba583928d1ddab3a9ce7e8803534b960a410b78,0.0,0.0176114311400996,0.0,0.0,0.0,0.0,0.0,0.0176114311400996
0x19e7df6e40741942cc59244f92b7ee29d77cd70f,0.0,0.017581629091995923,0.0,0.0,0.0,0.0,0.0,0.017581629091995923
0x987fca50cbcbd30689691da1d7b89409f965d02b,0.0,0.017554808657528585,0.0,0.0,0.0,0.0,0.0,0.017554808657528585
0x2265f60c2c2be44f0ae4cb6768701f3e62afb0bd,4.7532426026853476e-09,0.017523456582984466,0.0,0.0,0.0,0.0,0.0,0.017523461336227068
0x07925188ef080046778d33f029cc1f229653f75f,0.017499059644204406,0.0,0.0,4.438704912957375e-12,1.6259166358764187e-09,0.0,0.0,0.01749906127455975
0x2ca9fa3f3985010ce2df49702160739d38aa4043,0.0,0.017489737511700732,0.0,0.0,0.0,0.0,0.0,0.017489737511700732
0xc449f090d07d8e46af08c72f296dff4bb2231de6,0.007103679770440256,0.010294232400512991,0.0,0.0,0.0,0.0,0.0,0.017397912170953246
0x58e23ab56d57fe80a4bc7988ace1f244c6e1981d,0.0,0.0,0.017381153390774454,0.0,0.0,0.0,0.0,0.017381153390774454
0x0087188d27ac73b715ad38dff9b99554861a2b55,0.016811336302180572,0.0,0.0,0.0,0.0005668506119826107,0.0,0.0,0.017378186914163183
0xfce2d9151861f0b0ea0f68631659ffc48f613219,0.00013792100728504317,0.0,0.01721881304404359,0.0,0.0,0.0,0.0,0.017356734051328634
0x6ccb8c9f0889686ab2596d902a82ca42ca63725e,8.95371589559195e-05,0.0,0.01720785671019972,0.0,0.0,0.0,0.0,0.017297393869155638
0x747ccf6d082c7db449aa9db49e6001089627c27c,0.0,0.017292160797010594,0.0,0.0,0.0,0.0,0.0,0.017292160797010594
0x7f7b32c998083d66de56602d75bc820b768c721b,0.017288819557198642,0.0,0.0,0.0,0.0,0.0,0.0,0.017288819557198642
0x2839f01fd59574b0d985b990999c6d27f7f72595,0.0012008857941787955,0.006044436267267762,0.0,0.0,0.009999963631841762,0.0,0.0,0.017245285693288318
0xbcdb902df25778c0a47f9bbc2f2e5c06468dfe24,0.0,0.0,0.01722092150918917,0.0,0.0,0.0,0.0,0.01722092150918917
0xa254495e1d1c4af8320565f16ea04953fcb64fd1,0.0015320574493063897,0.015616558306259682,0.0,0.0,0.0,0.0,0.0,0.01714861575556607
0xa23b2e1a64111a2ef8e6db1eb8a7fd7a66cf7bf5,0.0,0.017125705165917108,0.0,0.0,0.0,0.0,0.0,0.017125705165917108
0x30ee1f53c0e9489fdeb7047d005684d641bafb37,0.0,0.0,0.0,2.293661058179244e-05,0.017100414503421157,0.0,0.0,0.017123351114002948
0xba9af5d84004b3c2fe143595e06a548b205e7639,0.001330018420168451,0.015724937066916644,0.0,0.0,0.0,0.0,0.0,0.017054955487085095
0x59769e86789a86c55c6a8d0cdb87948fc4442472,0.0,0.012644385868119178,0.0,0.0,0.0043909887826062335,0.0,0.0,0.01703537465072541
0x50c1c9f36cca165d159126c05eaa4fcd242049d6,0.0,0.01700328677657224,0.0,0.0,0.0,0.0,0.0,0.01700328677657224
0x5f44fe1c8b5d0802eda2a9b638c6163ad52d633b,0.0,0.0,0.0,0.0,0.016932465863336243,0.0,0.0,0.016932465863336243
0x6d7c2fa17e3fdd5e9eb0a99436932d6712b67d05,0.0,0.016929449460208676,0.0,0.0,0.0,0.0,0.0,0.016929449460208676
0xb510b40048d5118370bc0cae4b4523c6c9272806,0.004598821302229063,0.012314206701316112,0.0,0.0,0.0,0.0,0.0,0.016913028003545175
0xf0b2dbd3629bc3b5dc7cc03dfebe50ba13606624,0.016728607222810353,0.0,0.0,1.4189204576890495e-12,1.1413737058384657e-09,0.0,0.0,0.01672860836560298
0x871d272f2e26504f0f662fdf5678f0e2741f039b,0.0032131325134858203,0.013512392748631552,0.0,0.0,0.0,0.0,0.0,0.016725525262117374
0x292ae77a9287b6341aaaede3c9d6c402b3095a6e,0.0,0.016683240215560557,0.0,0.0,0.0,0.0,0.0,0.016683240215560557
0xe871bc4d06e9337fd5611c28812e7e29478e9145,0.0007053539098205844,0.015939878821155856,0.0,0.0,3.505832463439188e-10,0.0,0.0,0.01664523308155969
0xd05d87b4df641e1cd99d127318d36d6a56599c21,0.0,0.016624089919738915,0.0,0.0,0.0,0.0,0.0,0.016624089919738915
0x5b91d8975cd743a4e345ca99776a33c5432ea163,0.0,0.014697436253934007,0.0,1.7452555078295755e-05,0.0018666737710397183,0.0,0.0,0.01658156258005202
0x543dea2479bb8527c71bf4e52802b017212589e6,0.0,0.016514793110144664,0.0,0.0,0.0,0.0,0.0,0.016514793110144664
0x364cd3e45c97a2f785ba4d994360339f6663f367,0.0,0.015739508070867346,0.0007714174259747479,0.0,0.0,0.0,0.0,0.016510925496842094
0x5b4e99209cc6827a9fd96e1cb34e12a2644f2446,0.0,0.0164199232257106,0.0,0.0,0.0,0.0,0.0,0.0164199232257106
0x32750d13376e452aa3a923dd55ac32ceb574f155,0.0,0.01638099935037062,0.0,0.0,0.0,0.0,0.0,0.01638099935037062
0xf3a8057b16c03f558298167d1edae57737c8a040,0.0,0.01633715077593015,0.0,0.0,0.0,0.0,0.0,0.01633715077593015
0x65939e5a594d8cbddcfe799ace79218e505104e3,0.0,0.00018537597106492898,0.016006800782007398,9.480816706555044e-05,0.0,0.0,0.0,0.016286984920137876
0x186b4d8a41e2d22c4645f61a644331d8c4839378,0.0,0.016285111372212877,0.0,0.0,0.0,0.0,0.0,0.016285111372212877
0x4c57012bcdaf15921f72a637c7dc1af8a456d9b4,0.0,0.014934849644968719,0.0013395284148536362,0.0,0.0,0.0,0.0,0.016274378059822354
0x1633090139689acf26bc44c7dc9c5f2d4e320526,0.0,0.016214842063769497,0.0,0.0,0.0,0.0,0.0,0.016214842063769497
0xc9d8679818d2d27d236c2a9a7704cc11c6e83da4,0.0,0.01620025301002186,0.0,0.0,0.0,0.0,0.0,0.01620025301002186
0xb1169c6daac76bacaf0d8f87641fc38fbabe569f,0.016178939976349508,0.0,0.0,0.0,0.0,0.0,0.0,0.016178939976349508
0x78569a10ec9663fd7a8a7982816cd80bcc2d9749,0.0,0.003897419693085152,0.0,0.0,0.012278541844206745,0.0,0.0,0.016175961537291898
0x7d56e162a044a6b327332d3e6ce4f68470440373,0.0,0.004615845382132313,0.0,1.2894369008598154e-06,0.0,7.106061848654352e-05,0.011480202726448842,0.016168398163968558
0x9db6c9bcfbab43c4bdaf075d1b1d2651122467eb,0.0,0.015375985957801121,0.0,0.0,0.0007781558201275935,0.0,0.0,0.016154141777928715
0x528eaffc3b7654ea5912a88866080691f3767080,0.016146731552215073,0.0,0.0,0.0,0.0,0.0,0.0,0.016146731552215073
0x95388a9c868c8a68fe81dee7c2a9b556ec6fa5a8,0.0,0.01610505759394497,0.0,0.0,0.0,0.0,0.0,0.01610505759394497
0x8085081c55c12fd4579ed775f3375e9cec655409,0.0,0.009508274220236115,0.006583489800602202,0.0,0.0,0.0,0.0,0.01609176402083832
0xadce21bdc15c6f39888c9b0a3ec41c9637932495,0.0006971810125710233,0.0019189723857518646,0.013465545031506033,0.0,0.0,0.0,0.0,0.01608169842982892
0x376d69ca6d1d8130d68d12f2692655796241eac0,0.0,0.016058966579020693,0.0,0.0,0.0,0.0,0.0,0.016058966579020693
0xf781beee13e209325cea11eaab352aa31289f634,0.014195329879700205,0.00186155272696647,0.0,0.0,0.0,0.0,0.0,0.016056882606666673
0x0e64cbca254788df4a8d29e3721d077d91d0d92a,0.0,0.0,0.004857083974013713,0.0,0.01119753841403796,0.0,0.0,0.01605462238805167
0x47b3cf892aaf8eb7736f463f6b246b6f1bfcd108,9.409799515350472e-13,0.016053067275020216,0.0,0.0,0.0,0.0,0.0,0.016053067275961196
0x28f4a9a2e747ec2cb1b4e235a55dff5be2ef48d6,0.0018059494145467691,0.014219329014949093,0.0,0.0,0.0,0.0,0.0,0.016025278429495863
0xcd4f09d3dd1b7350bfe1c4bde727d3b52c057ac1,0.0,0.0,0.01602134722606932,0.0,0.0,0.0,0.0,0.01602134722606932
0x2b7dd66f1c31f7d3c785bd6414512b70bf923a73,0.005440273799591527,0.010523352174354916,0.0,0.0,0.0,0.0,0.0,0.015963625973946443
0x8667cbf8af0241940f1de5c6f010199025f9eec4,0.015854526760512265,7.418934493406718e-05,0.0,0.0,0.0,0.0,0.0,0.01592871610544633
0x223918d28b4abb145167a7c5cfde19cf7174ff84,0.003541999470997073,0.0,0.012367630568529984,0.0,0.0,0.0,0.0,0.015909630039527056
0x090197aade9266008141e9e32c144526a0004cc6,0.0,0.015873345017070405,0.0,0.0,0.0,0.0,0.0,0.015873345017070405
0x9660f151ffe595afc65e64d38a55285ed8fd2021,0.0,0.009644009121998191,0.006199774380003202,0.0,0.0,0.0,0.0,0.015843783502001392
0x6f346c42bad9cea98a896fc2f0a4416824d37637,0.008635611642955227,0.007195232514335697,0.0,2.7844781129296504e-12,0.0,0.0,0.0,0.0158308441600754
0xef6ecebf334fe51cca3c6ce8d3eb1f4aeda71278,0.003445374525232264,0.012383263205300287,0.0,0.0,0.0,0.0,0.0,0.01582863773053255
0x6c626c0ef6dc5e827edc9973284593b6ff154455,0.0,0.015744086980421935,0.0,0.0,0.0,0.0,0.0,0.015744086980421935
0x871af56097d3a74cec6540e1e7e93bb57a162486,0.0,0.015744047176335037,0.0,0.0,0.0,0.0,0.0,0.015744047176335037
0xac236ea8ed1c73a83b5a10d17988028fec528f59,0.0,0.015736787926044472,0.0,1.7876159145369136e-12,0.0,0.0,0.0,0.015736787927832088
0xd4499dcd69294979aaf36e675bcec862f2c493f2,0.015701904003681107,0.0,0.0,0.0,0.0,0.0,0.0,0.015701904003681107
0xe6b01245b503fd8e3353e1a2996d539b3ae13f30,0.0,0.015676277896666143,0.0,0.0,0.0,0.0,0.0,0.015676277896666143
0x75895dee1c1a5bb7e91c18af2625d343b52e9235,0.0,0.007497561412366316,0.008171222924329603,4.04003277177355e-08,1.9373898036335062e-09,0.0,0.0,0.015668826674413442
0x74b2cd65126c3c460e8e6b5e943357fa30860887,0.007170245440936857,0.008427726188302334,3.7648958546286775e-07,0.0,0.0,0.0,0.0,0.015598348118824653
0xfccef683a52630d4c2f8de1402dc1255d7e27d2b,0.00031680163477447215,0.015217858383112362,0.0,0.0,0.0,0.0,0.0,0.015534660017886835
0xa3b1ae895b114ee3004c2b9ed54574791b07097a,0.01142735740016212,0.0,0.0,0.0,0.004076753597988506,0.0,0.0,0.015504110998150626
0x35bf05bb388e763978ed041903d74c2081ec5d00,0.015500558697073768,0.0,0.0,0.0,0.0,0.0,0.0,0.015500558697073768
0x84a509b05be8ee756007de7f57c496d4665a8fad,0.0,0.015426307182857089,0.0,0.0,0.0,0.0,0.0,0.015426307182857089
0x936b0b8a4dc3a666fe5948bee42e1746c04bf49e,0.0,0.012652635164689794,0.002720123233647443,0.0,0.0,0.0,0.0,0.015372758398337237
0xd633a77483c57066c2f88e84cb2edb5178bd8077,0.0012232690348426072,0.014125151669809868,0.0,2.0373720325022693e-06,0.0,0.0,0.0,0.015350458076684977
0x5d8b9623620ce837a2df94562d2b6bc2b5170733,0.0017990251824037008,0.013550522683312359,0.0,0.0,0.0,0.0,0.0,0.01534954786571606
0x1b4c289c4f6e0565f1e432654254485c490679e9,0.0016410748577902678,0.01367643737610527,4.0873212032184785e-07,0.0,0.0,0.0,0.0,0.015317920966015858
0xab624febf2ff93df1565e57c94846d060ee87695,0.0,0.015313900994793406,0.0,0.0,0.0,0.0,0.0,0.015313900994793406
0xf8df284e6c37090dc81f01e261dc553c07b60520,0.003678207872304529,0.01116767762667067,0.0004536818385001537,0.0,0.0,0.0,0.0,0.015299567337475352
0xbb9227f9380f110631ac9f736e2e71cb4d17b5dd,0.0,0.015278841023301213,0.0,0.0,0.0,0.0,0.0,0.015278841023301213
0x36627adb29d4c7f02e54343334e2c0e0e06d731f,0.01527667601492945,0.0,0.0,0.0,0.0,0.0,0.0,0.01527667601492945
0x4a0b172b1f5bb70746c01583abcf2cb915e6e13a,0.0,0.015227045723621829,0.0,0.0,0.0,0.0,0.0,0.015227045723621829
0xf15b1511616671469a533635a1966a5a81343015,0.0,0.0,0.01521144521454901,0.0,0.0,0.0,0.0,0.01521144521454901
0x79503f9d1d342e0b07f7844214f0b5f351f38247,0.0009433299534545032,0.01426789451084111,0.0,0.0,0.0,0.0,0.0,0.015211224464295613
0x873946b31bf2baa6b5af87bb2414c747a75949b4,0.0,0.005153435863843093,0.009245446279996477,0.0,0.0007389508687906685,0.0,0.0,0.015137833012630239
0x1a51d0abb33d2a06c93b448528349e4c7fc6fba5,0.0,0.015076712810924075,0.0,0.0,0.0,0.0,0.0,0.015076712810924075
0x109cbdcf9e4f6cb9ea56c810bc26f06f8b1f399f,0.0,0.01505818827741606,0.0,0.0,0.0,0.0,0.0,0.01505818827741606
0x42b1cd0b12370e7294abeffea287899207ea37d5,0.0,0.0,0.0149717569202287,0.0,0.0,0.0,0.0,0.0149717569202287
0x945d836e8058e8a64f4b0066a54fd72238400fe3,0.005878620580064783,0.008980105918913753,0.0,0.0,0.0,0.0,0.0,0.014858726498978535
0xcab90bb2b3a2f57f40326093de037c655c7fa8ae,0.0,0.014827384101005292,0.0,0.0,0.0,0.0,0.0,0.014827384101005292
0xb962bc2116b8b0dd61b9fc1152d3f0fa45a27f7c,0.0,0.014769041608895665,0.0,0.0,0.0,0.0,0.0,0.014769041608895665
0xd0fece13f6672820712adefb9f6b295b38655df4,0.0,0.014755878652738346,0.0,0.0,0.0,0.0,0.0,0.014755878652738346
0xe0a5996cebbc85d5188d8f1e85ccff8c64f2dba3,0.0,0.014730236576321935,1.4544000053483155e-06,1.1137912535171891e-11,5.765223304559355e-09,0.0,0.0,0.014731696752688499
0x0dd281272822ceadc33b88931a55b8bbcc5af3fc,0.0,0.0,0.014717674081926042,0.0,0.0,0.0,0.0,0.014717674081926042
0x5554087bc849098f047699868f63291e2de79611,0.014707243966851387,0.0,0.0,0.0,0.0,0.0,0.0,0.014707243966851387
0x21aded2a66953188009a1529d91803f2f31587b6,0.005279371916350762,0.009388646774023485,0.0,0.0,9.695989902048921e-10,2.5688110289474843e-11,0.0,0.014668019685661346
0x7f6298354047471df070b5c14894c411bd90b342,0.004110893770797457,0.01055348848350079,0.0,0.0,0.0,0.0,0.0,0.014664382254298246
0xc71a142617bd6e362141f002053bbe11a7c0495b,0.00803190462702653,0.006598850901329654,0.0,1.7764699172424456e-05,0.0,0.0,0.0,0.014648520227528609
0xbd674408da6308bac256a14547e558a30524cb56,0.0,0.0,0.014630895828287954,0.0,0.0,0.0,0.0,0.014630895828287954
0x5e153794655ae20c3305ba5b53f8db8d7fbd5f41,0.014592057584500552,0.0,0.0,0.0,0.0,0.0,0.0,0.014592057584500552
0x51de2e0f11baeef0424212d54be00651f9f97281,0.014586556687680672,0.0,0.0,0.0,0.0,0.0,0.0,0.014586556687680672
0x01306d94e5459186ad6ae6a81c9f23caf587deb4,0.0016586591568075676,0.01282718583842576,0.0,0.0,0.0,0.0,0.0,0.014485844995233327
0x67cbd1aee9576c14049e720bb35bc18b3386322d,0.014485603682045102,0.0,0.0,0.0,0.0,0.0,0.0,0.014485603682045102
0xcbb4833c7dd35d991c1bcf410c635bdf61ccb409,0.009836469163013858,0.004627979937116499,0.0,0.0,0.0,0.0,0.0,0.014464449100130356
0x1158b4657e7eddcaecc264094be1f33725fb6bfc,0.014418053390886516,0.0,0.0,0.0,0.0,0.0,0.0,0.014418053390886516
0xcd92b68b5513936870b12a9ad3f6b15254c2d6d5,0.0,0.014379678972690832,0.0,0.0,0.0,0.0,0.0,0.014379678972690832
0xe4a4cf5b295b54dd1c791258af741b41329ad3cb,0.0,0.014354881400280881,0.0,0.0,0.0,0.0,0.0,0.014354881400280881
0x3e7794fade79741551608cd8e5cc948e35b627fe,0.0,0.014337620512352931,0.0,0.0,0.0,0.0,0.0,0.014337620512352931
0x234f6182322fa50c2ddeef245f060b9965651b2c,0.0,0.014165080220516511,0.0,0.0,0.00015792279190923015,0.0,0.0,0.014323003012425742
0x5f2c263aa195ddad2886fc5a6b7d4f33d1a72983,0.014307802883106084,0.0,0.0,0.0,0.0,0.0,0.0,0.014307802883106084
0x3937bd4e979195ad811aebcd8cc7ff2fafbc211c,0.007313122834709659,0.0,0.0069924791474557,0.0,0.0,0.0,0.0,0.014305601982165359
0xc4af595300465e8b895230f9c6091dac8283660a,0.0,0.0008158389561385117,0.013458379105139513,0.0,0.0,0.0,0.0,0.014274218061278024
0xeed77c55fe03f7895cd374776adc72adf6f737cf,0.0,0.014267266163829966,0.0,0.0,0.0,0.0,0.0,0.014267266163829966
0xe0885934cbb05770546e34f9338bbd45ca791945,0.0,0.0,0.014261394489596655,0.0,0.0,0.0,0.0,0.014261394489596655
0xa76bda01601ebdd50512c2103a329db572d7a77a,0.0,0.014257334693567802,0.0,7.125067970564482e-07,0.0,0.0,0.0,0.014258047200364858
0xadf0edbc1c85b92ecc81f50724bea7110cbe856a,0.0,0.009321037619760197,0.0049313473820455575,0.0,0.0,0.0,0.0,0.014252385001805755
0x0d9dc2a1516122943d14eab4e68af608ea697c92,0.0023525793839086237,0.011880595763378837,0.0,1.2312512681500724e-05,0.0,0.0,0.0,0.01424548765996896
0xaafef07786550421620e5298939493b714875703,0.000689909963918786,0.013468074636600087,0.0,0.0,0.0,0.0,0.0,0.014157984600518873
0xdb8e7897ca3fbe0aa08421462e0f262d58915da6,0.01412728448237985,0.0,0.0,0.0,0.0,0.0,0.0,0.01412728448237985
0x102ca858268a4261404122355aa60c139d3d224c,0.0,0.014123159633663252,0.0,0.0,0.0,0.0,0.0,0.014123159633663252
0x10f02822485fd2d8dc7aba28922a5304369b77bd,0.002808245363359825,0.011277363443172587,0.0,0.0,0.0,0.0,0.0,0.014085608806532413
0x48abdf3d56b2dff28704406eae3cc7e6d97f518b,0.0,0.01404558646788557,0.0,0.0,0.0,0.0,0.0,0.01404558646788557
0xca9f779560803bcd8001bcb38d0884b3657eb5de,0.014038585208458985,0.0,0.0,0.0,0.0,0.0,0.0,0.014038585208458985
0x0d481b1446e9cccc87ac12ad52fc34ad22e5498c,0.0,0.014029929244164172,0.0,0.0,0.0,0.0,0.0,0.014029929244164172
0x19a12302e00db63e25030570ba6f4b4bf6aa1483,0.0030446960267381733,0.008574827229701697,0.0024036886408946813,0.0,0.0,0.0,0.0,0.014023211897334551
0x60bf0a3a5ffe8be1b82e970922137a621512d5f2,0.0,0.0,0.014013584271777568,0.0,0.0,0.0,0.0,0.014013584271777568
0xcc5017b1af8213e79f9770dca28fd55de3f4fe48,0.0,0.0,0.013988199161807859,0.0,0.0,0.0,0.0,0.013988199161807859
0xdc7aa3e91ce97b8dd998ad593c52f1c300d3f9de,0.0,0.0,0.01398578464821533,0.0,0.0,0.0,0.0,0.01398578464821533
0xb872e90d96cfa33ef31ff744f8beb9cfd92388b2,0.013969643828321039,0.0,0.0,0.0,0.0,0.0,0.0,0.013969643828321039
0x7bba124e9c2d6d9ee6249142e3ef163d9d512652,0.0,0.013929788327158741,0.0,0.0,0.0,0.0,0.0,0.013929788327158741
0x4e76a8885b9b21a846e4a1a73fe6f6a0d432df7b,0.013923473028989872,0.0,0.0,0.0,0.0,0.0,0.0,0.013923473028989872
0x9a16687dc2fdb302a43a59b1b5ca98d4c9a1b9ce,0.0,0.0,0.0,0.0,0.013922319032956588,0.0,0.0,0.013922319032956588
0x33a924165e1f2be5142fd19d1b2f091cb23bfd3f,0.0,0.013920115221826275,0.0,0.0,0.0,0.0,0.0,0.013920115221826275
0x5d89173ab06eca5cf3adf208f5f08fc56e239288,0.0,0.013918732437708912,0.0,0.0,0.0,0.0,0.0,0.013918732437708912
0x9a1500b41519868039b1f95c447ba50b76d837e6,0.0,0.013907545795109742,0.0,0.0,2.0343379540995663e-08,0.0,0.0,0.013907566138489284
0xacceb561b95586aeeb3ef74fe875caf60104fb3a,8.233574575931662e-13,0.013891420859124426,0.0,0.0,0.0,0.0,0.0,0.013891420859947783
0xd10218408815125ce7dcad1e330dc225bcb05058,0.0,0.013888625602425129,8.547448403797003e-09,1.2989877662216717e-13,3.516539236556366e-11,0.0,0.0,0.013888634185168825
0xa0282c9ddca04dae4b4533c78020ef8071588190,1.0586024454769277e-12,0.01388394262189279,0.0,0.0,0.0,0.0,0.0,0.013883942622951393
0xdfcdbd6ea18a1fac82736d1206a76fe972e45d56,0.0,0.013882593623139592,0.0,0.0,0.0,0.0,0.0,0.013882593623139592
0x44e3eb19a03383db6328a6fed2e24430b30d24ad,0.00042460544088054165,0.013408206074267593,0.0,0.0,0.0,0.0,0.0,0.013832811515148135
0xd8c7b64c5f45ae3609177ee18bcd714b6dcbd591,0.0015568457249078669,0.012275236506967572,0.0,0.0,1.2388842646188673e-09,0.0,0.0,0.013832083470759704
0x1979af0491ee207bad1b8bf133bc2c982bbe7ccc,0.0,0.0,0.0,0.0,0.0,0.0005106407546029991,0.013307693104112972,0.013818333858715972
0xb9a935950e2408e0750bdb82265daba693030599,0.008525406766679525,0.0,0.005281913540371814,0.0,0.0,0.0,0.0,0.013807320307051339
0xd175c436b84d51a85345a75055be4a2228550ec2,0.013196931778040816,0.0,0.0005651528613211113,0.0,4.521765742254294e-06,0.0,0.0,0.013766606405104182
0x5e97915fc10c6328d902456df2ff6d399c10b128,0.013644898755486978,0.0,0.0,0.0,0.0,0.0,0.0,0.013644898755486978
0x2d04adb7e5a6b34bf1af44ab2a2d9eb90a96253d,0.0,0.0,0.009195925407753072,0.00027385045135655826,0.004174880166146398,0.0,0.0,0.013644656025256028
0xfad36a7d3ef6aa7e9f7ba744e0b476aad504ace5,0.004259703233141145,0.009366371455333651,0.0,0.0,0.0,0.0,0.0,0.013626074688474796
0x6b7418f1d2cc880ffff4e36406473352034d6367,0.0,0.013618621493986745,0.0,0.0,0.0,0.0,0.0,0.013618621493986745
0xb6d4ecd8c962be2e76beb9ef67e072f725dc0bea,0.0,0.013604462555991912,0.0,0.0,0.0,0.0,0.0,0.013604462555991912
0xadc889deee1f3f8b256cb8d09cb8c7cacfca2632,0.005946414785534057,0.007655268525826114,0.0,0.0,0.0,0.0,0.0,0.01360168331136017
0x36631bfd32aae66d0f1960fb3eed28fff4fde854,0.0,0.013583363404857446,0.0,3.367140808366476e-07,0.0,0.0,0.0,0.013583700118938282
0x2a078d74b6a553ae50388f0c33e8040de520c612,0.0,0.004628085682449406,0.008930937081030528,0.0,0.0,0.0,0.0,0.013559022763479932
0xd98e36a13a3479e6289b1b7c9337daaba3961a11,0.0,0.00987115114065843,0.0,0.0,0.0,0.0,0.0036512759340213163,0.013522427074679745
0xf64361c05ba4b7eda16da0deccf06f207e3a898a,0.00014466825356749884,0.0,0.013356238323572715,6.472598903635121e-07,0.0,0.0,0.0,0.013501553837030578
0x2256fac6db57f5b68ecd2c809411910bd71d946b,0.0,0.013493273629078711,0.0,0.0,0.0,0.0,0.0,0.013493273629078711
0xcc6a141d85872fde54e527b3438aa1ddb478ed1f,0.0,0.013488596315408084,0.0,0.0,0.0,0.0,0.0,0.013488596315408084
0xdb5ebb25e3b7d8c4dbca295f6b333cd47ed6c8e5,0.0,0.01348688921976847,0.0,0.0,0.0,0.0,0.0,0.01348688921976847
0xe4cc7b3b7460538875bb8e3a6bf3c698c2cac7c4,0.0,0.013417993123548333,0.0,9.317343336919106e-06,0.0,0.0,0.0,0.013427310466885252
0xa827800782036a464c4e20dd2b9ed14279c30aac,0.0,0.013416544229866352,3.4344221720752864e-07,0.0,1.7597650136655304e-09,0.0,0.0,0.013416889431848574
0x362429059f7f6d1b0aa74324cf28939d19708023,0.0,0.0,0.0,0.0,0.0,0.0,0.013405493240499985,0.013405493240499985
0xe0eaf9bfd4f5ae70f0ded34c30a044e6bb2425f2,0.0,0.0,0.0,0.0,0.0,0.0,0.013320146610720132,0.013320146610720132
0x15e36420e0c8a75264916ea341642f4acd4db83e,0.0020517644065075015,0.011241919842217663,7.92600521014363e-07,0.0,0.0,0.0,0.0,0.01329447684924618
0xd331e21a78e3664f60dbe0819776d9d3a1aaaeee,0.010345572975294768,0.0,0.002938543358955629,0.0,0.0,0.0,0.0,0.013284116334250397
0xb21a900f478e495a7b27cd9aa68e1a1e8752b33c,0.0,0.01318209295282386,0.0,0.0,0.0,0.0,0.0,0.01318209295282386
0x7e2cdffbd341e2a69d5ac3a1d39273937275d5d2,0.003614305617152752,0.009525250690378753,0.0,0.0,0.0,0.0,0.0,0.013139556307531506
0xb5e06953c6f0ef228ecf55051e43d14f87b3a0df,0.003674935400685566,0.009443202451294453,0.0,0.0,0.0,0.0,0.0,0.01311813785198002
0x6658e8e8c4d2c4f8ef181e46704dc825c60bae2d,0.01173233841036226,0.0,0.0013512788294948496,0.0,0.0,0.0,0.0,0.013083617239857109
0xd9b78302d8076bb91a39a5cee50d00a03b1fb004,0.0034718362051927897,0.009015038774972029,0.000572663954740304,0.0,0.0,0.0,0.0,0.013059538934905123
0x4f8e12809e3d22bc54d5bcd0d51c67bdb35ee84b,0.0015055796850580224,0.011502970385074253,0.0,0.0,2.839570392419928e-09,0.0,0.0,0.013008552909702669
0xc15dd30c03d83dd56a5ffb901eb1c8b6f99eec4a,0.0,0.013002507784456213,0.0,0.0,0.0,0.0,0.0,0.013002507784456213
0x0fc59c9c998537c940a9dfc7dacde533a9c496fe,0.0,0.0,0.0,0.0,0.0,0.0,0.012985824235442018,0.012985824235442018
0x613048116505fd34aef3b485bd95484276550b05,0.0,0.012964936113379202,0.0,0.0,0.0,0.0,0.0,0.012964936113379202
0x935baa32b5f40eb019ed9ac7cba2f181a61c9821,0.0,0.0,0.012944493496539387,0.0,0.0,0.0,0.0,0.012944493496539387
0x70cc6272ae3cbc0abb638fcfa9ba29efce1e80fd,0.011617925655258378,0.0010993941170541325,0.00019992639138933238,3.8499455033647194e-06,0.0,0.0,0.0,0.012921096109205207
0x1105651b56bba4325dcdee943ad3adfe8f658acd,0.0011757483990756238,0.01168094104717209,0.0,0.0,0.0,0.0,0.0,0.012856689446247713
0xb5eeec91f2b64b02e9addc6ce3c836c0507ec415,0.011769720102084692,0.001044250136321333,0.0,0.0,0.0,0.0,0.0,0.012813970238406025
0x8ecebfacf5af8fa1edb8819859e5810bc790da8c,0.003547523277142109,0.009249953512524431,0.0,0.0,0.0,0.0,0.0,0.012797476789666539
0x2535a632c176aeed2cae776aeae6e746ee579c8b,0.00717915760704434,0.0007333341875213499,0.0044477602129686005,4.386646039736365e-06,0.00041568902859381325,2.4154719636525506e-10,0.0,0.012780327923715038
0x73cb97542f267f034410daf6933696f7a3566787,0.0035522199294456885,0.009222113325136661,0.0,0.0,0.0,0.0,0.0,0.01277433325458235
0xcf3fe53a837b780369e4ac191cbdc42d05b39bc8,0.0,0.01273003786359573,0.0,0.0,0.0,0.0,0.0,0.01273003786359573
0xd197cf787a790178bcd566202946bbb04457c7a8,0.005243773405666171,0.004640081738045045,0.0028194315233676594,0.0,0.0,0.0,0.0,0.012703286667078876
0xa7b37fe11318a99e79c0c78e6458615f29555891,0.012703228837946617,0.0,0.0,0.0,0.0,0.0,0.0,0.012703228837946617
0xa6862dabc8bf188da69f80a13f267d4f905be22b,0.0,0.012701751188334132,0.0,0.0,0.0,0.0,0.0,0.012701751188334132
0x6c66bcbf95207e24991240a7c1cb67ccca75c96f,0.0,0.01268715998415853,0.0,0.0,0.0,0.0,0.0,0.01268715998415853
0x248ec6b2b8dee033fde14a8c19b094249912d690,0.0,0.0,0.012591398967725131,0.0,0.0,0.0,0.0,0.012591398967725131
0x435a675c73c7bafe1f28ce128205cf4387972c92,0.0,0.012586241998316997,0.0,0.0,0.0,0.0,0.0,0.012586241998316997
0x6c4803d61799377874519a206a2427ae11c7d9f6,0.0,0.011195808590751746,0.0013681148837345928,0.0,0.0,0.0,0.0,0.012563923474486339
0x289d8e2578d821aaad1aaaf4d26c21d8d339eff4,0.012545959881150894,0.0,0.0,0.0,0.0,0.0,0.0,0.012545959881150894
0xab9cde6b97fc31278fe1e496bcc96c157692c17f,0.012362462680469343,0.0,0.00014283299520454696,0.0,0.0,0.0,0.0,0.01250529567567389
0x8d0d28266c59f8ce9eae499adfe52ba3b4d716f2,0.01248427600823128,0.0,0.0,0.0,0.0,0.0,0.0,0.01248427600823128
0xcd5cd1a4d4981a05381667b3a3c2739cdaef53c4,0.00352867481825639,0.008951131120339427,0.0,0.0,0.0,0.0,0.0,0.012479805938595817
0xa1473037646bda8943b24447c26355bc8b6b90ab,0.007056996769030794,0.0,0.005382187108110488,0.0,0.0,0.0,0.0,0.012439183877141283
0x1605d2893df5a34a7cc8ca0b2345a98283d82e14,0.012400353276132781,0.0,0.0,0.0,0.0,0.0,0.0,0.012400353276132781
0x8b3d4ee133bb2aa868129484c62cc0b2c78be560,0.0,0.01239670500174,0.0,0.0,0.0,0.0,0.0,0.01239670500174
0x979ab8219c47c373b07c3c9ea56fe3f3e23da2e6,0.011647136469076171,0.0007100735245083282,0.0,0.0,2.1085443026716365e-05,0.0,0.0,0.012378295436611215
0x14d1eeee79428eda74fb10d943479468d419a3ee,0.0022515043679893374,0.01006022778266823,4.1490782695466135e-05,0.0,0.0,0.0,0.0,0.012353222933353034
0x83a6338c71f54722fbde71ce73ede394fd7ce9ef,0.0,0.009494136794403188,0.0028104654786428067,0.0,0.0,0.0,0.0,0.012304602273045993
0xfd3247586295ccbeece2e4b2c18e6d79139511e9,0.001171783913113287,0.01112974545784402,0.0,0.0,0.0,0.0,0.0,0.012301529370957307
0x277effae0451d72aa4cdde895426f44f12c13fb0,0.011393280176072279,0.0,0.0,0.0009056662639336066,0.0,0.0,0.0,0.012298946440005886
0xabbdf48af1b287dcd0c322439af94ad2aed911c1,0.0015068000278427012,0.010739357880631214,0.0,0.0,0.0,0.0,0.0,0.012246157908473915
0x6ac948f9c3171b5ac371a54f8fe405b9fff2426b,0.002351115834487964,0.009882828521758383,0.0,0.0,0.0,0.0,0.0,0.012233944356246347
0x44818b5219c2fcc37e49a94c0407d89df4389b55,0.0,0.0,0.012222785616620704,0.0,0.0,0.0,0.0,0.012222785616620704
0x36da3fc59c6b9b67888bb9c750ad7162d3ba2456,0.0016104346516713735,0.00699817788807835,0.0035984308520078767,0.0,0.0,0.0,0.0,0.012207043391757601
0x1236eb4358bc7a952861292f783d0013d7b9c2d0,0.0022539931343395535,0.009921519431855532,0.0,0.0,0.0,0.0,0.0,0.012175512566195087
0xc7a4aab103031a7c547d20d657b63b0f179f133f,0.0,0.012168188705440277,0.0,0.0,0.0,0.0,0.0,0.012168188705440277
0xff0c998d921394d89c5649712422622e3172480c,0.0,0.0,0.012160895681669122,0.0,0.0,0.0,0.0,0.012160895681669122
0x6227263ccff1d9f664125d5ae0afccb0f3959856,0.0,0.012144867319187475,0.0,0.0,0.0,0.0,0.0,0.012144867319187475
0xd487c4353dbd606a6c58b21d0191e33dccae7ff2,0.0121367108693902,0.0,0.0,0.0,0.0,0.0,0.0,0.0121367108693902
0x30c842b5091bca284e6ce48f3a07d6957f17b225,0.012127637958575915,0.0,0.0,0.0,0.0,0.0,0.0,0.012127637958575915
0x52f3c566c547296e534ad8972820f8b26d94be43,0.012092327326440404,0.0,0.0,0.0,0.0,0.0,0.0,0.012092327326440404
0x55e667b884e7abe779194cc69f1092288be45a81,0.0013783340459108972,0.010700336869743166,0.0,0.0,0.0,0.0,0.0,0.012078670915654063
0x3e720af984e73a9fddf1508d3b20592a42456caf,0.0,0.012052758785569424,0.0,0.0,0.0,0.0,0.0,0.012052758785569424
0x54b75dc72b855a3a1480be1f5c2e2b6ee498b69d,0.0,0.0,0.0,7.506847314600417e-05,0.011968432745691673,0.0,0.0,0.012043501218837677
0x300f2986335f44ec1575f29ff8a2b2fd998cd271,0.0,0.012036660274327789,0.0,0.0,0.0,0.0,0.0,0.012036660274327789
0x4439f1b2000c3baa207432387ba635ef6ca56ae0,0.0,0.012028347427465438,0.0,0.0,0.0,0.0,0.0,0.012028347427465438
0x2d50868c0b1d5688d99ddb825c8b70d3feea1c28,0.0,0.0,0.0,0.0,0.011995846074608798,0.0,0.0,0.011995846074608798
0x2fd1d8eaa6ed1b424c2d03ce5eadde9f301c3235,0.0,0.00899284427499114,0.002976932893939896,0.0,0.0,0.0,0.0,0.011969777168931037
0xbd9173f0388ecc5b34eec741effb8cb35bd5d6cc,0.0,0.011962261853862725,0.0,0.0,0.0,0.0,0.0,0.011962261853862725
0x079e7b4bd6ebdac4d60214e0d1340c8a19cf9343,0.0,0.010215415855371272,0.0,0.0,0.0017347210469982135,0.0,0.0,0.011950136902369487
0x5204028e689a4bd2fa9447b6195c42c4c81c104d,0.0,0.011940231656181936,0.0,0.0,0.0,0.0,0.0,0.011940231656181936
0xc2a16805c137fa13fe9c02a86d83ec4cc2bcc897,0.011884729697129568,0.0,0.0,0.0,0.0,0.0,0.0,0.011884729697129568
0xd938c03b7146b3902d97e355478d5c8e3ba84160,0.0,0.01186049503962723,0.0,0.0,0.0,0.0,0.0,0.01186049503962723
0x3d784b0067ad72f0b271e9d0bd4c69ea7d40ae12,0.0,0.011816431814585223,0.0,3.8449735559812025e-06,0.0,0.0,0.0,0.011820276788141204
0xc0d55d297beb81f85a2b0cdb2500d9014e500d72,0.0,0.01179684332247872,0.0,0.0,0.0,0.0,0.0,0.01179684332247872
0x6a4168dc36127656f7798c1138254ce4a90df956,0.0027463914981777976,0.00903504445571792,0.0,0.0,0.0,0.0,0.0,0.01178143595389572
0x7b72d9d0d0b09130f260a5e1e0b06585ff4f0273,0.0024849512855080664,0.009295244748307485,0.0,0.0,0.0,0.0,0.0,0.01178019603381555
0xb6d1da5382bc2aa23e1b8bdef4608815daf3a991,0.0,0.011777493335119673,0.0,0.0,0.0,0.0,0.0,0.011777493335119673
0xb356e5977ae1be0e47f7f44557acf0170e8d0512,0.011766595550043881,0.0,0.0,0.0,0.0,0.0,0.0,0.011766595550043881
0x3fbc2b43731f510fa2f980d991ac4ae080cbe081,0.011762671903596002,0.0,0.0,0.0,0.0,0.0,0.0,0.011762671903596002
0xf9f02def55e1cceedf017e0353c14ba6f7f4d3df,0.011762251872140979,0.0,0.0,0.0,0.0,0.0,0.0,0.011762251872140979
0xb5eb64111174782f64e94ea3d5171d5574128ed2,0.011758371264753613,0.0,0.0,1.7831090992849936e-11,0.0,0.0,0.0,0.011758371282584704
0x7b4c9b6a8ff71f08824dd36c9cd3f9adfdd0e7c4,0.0,0.011741920267106664,0.0,0.0,0.0,0.0,0.0,0.011741920267106664
0x1dc53bfe56d041f92f5a7000efddf817f581ca62,0.0,0.0,0.0,0.011659326703641178,0.0,0.0,0.0,0.011659326703641178
0x41e522bfe7c6e0b2a4fb31751f8c96490790a269,0.0,0.011648944489572363,0.0,0.0,0.0,0.0,0.0,0.011648944489572363
0x8325aff2ccc014468cdf20f2538d8534db7a100f,0.00624699202952356,0.004872160942754628,0.0005204828870464791,0.0,0.0,0.0,0.0,0.011639635859324668
0xb0609ebefd3282f74bc87e2a53eefbc5bc915216,0.0,0.011626345096103758,0.0,0.0,0.0,0.0,0.0,0.011626345096103758
0x2f51a48de3d446677c2a58ffc7cab82117decbbc,0.011593266583067195,0.0,0.0,0.0,0.0,0.0,0.0,0.011593266583067195
0x71d08de33f8f82d3bbcb304bfb262e4161bd7ae7,0.01158580981190679,0.0,0.0,0.0,0.0,0.0,0.0,0.01158580981190679
0x04aecac5a8077202d7255415028e1f6280087b70,0.0,0.0,0.011571080888321688,0.0,0.0,0.0,0.0,0.011571080888321688
0xc5f1c489cfca582c0d47fa2c036f84833e8ab700,0.011562686390014619,0.0,0.0,0.0,0.0,0.0,0.0,0.011562686390014619
0xbf2943916bd719b6605d36bfd0167b02a80cf709,0.007467132107152401,0.0040947075377556486,0.0,0.0,0.0,0.0,0.0,0.01156183964490805
0xb15e6ccc1ca878f4a8627bf4fb69c9a8ccd6df35,0.011558127318201052,0.0,0.0,0.0,0.0,0.0,0.0,0.011558127318201052
0x4621b863b3f1ed79d85adc28ba9348da511197bc,0.00391820885892133,0.007608558524493849,0.0,0.0,0.0,0.0,0.0,0.011526767383415178
0xba7fd2b3913691b77c2a5bc413efa306b5a77fb9,0.0,0.011491193094696624,0.0,0.0,0.0,0.0,0.0,0.011491193094696624
0xb92aa2f5d3595d24c05e6e8d0763546cc1129da7,0.0,0.003487990605110423,0.007987560469129695,0.0,0.0,0.0,0.0,0.011475551074240118
0xcf4473866090c1e739548022f354a0ab2c4b6322,0.0,0.011219583914069747,0.0,0.0,0.0002385831984345654,0.0,0.0,0.011458167112504313
0x81b24791bc6c6713adf55c4f135f13639e92e5ae,0.0,0.011456272382110578,0.0,0.0,0.0,0.0,0.0,0.011456272382110578
0xefd9340a33fe5d60ceafa73ccdd1a13b803b792d,0.01136895367242557,0.0,0.0,0.0,0.0,0.0,0.0,0.01136895367242557
0x9571738fb9888c4d0f5ea84beb8477ebb026f739,0.0,0.011367271861182325,0.0,0.0,0.0,0.0,0.0,0.011367271861182325
0xfc51c423c55cffb687202caf59b715af6d6f59ec,0.0,0.001147073497931988,0.010181889521342503,0.0,0.0,0.0,0.0,0.011328963019274491
0xe2ee064d82653b87959935d9d3b88f06936f113b,0.011327382543644975,0.0,0.0,0.0,0.0,0.0,0.0,0.011327382543644975
0x1680e78d4628e0305df475fd830a981eeef38087,0.0,0.011322019471614025,1.2660937338593502e-07,0.0,0.0,1.8573805321103308e-06,0.0,0.011324003461519521
0x525bc893ff00a010f7786def482f4440f3b4567a,0.0013439946274027908,0.009929542145892823,0.0,0.0,0.0,0.0,0.0,0.011273536773295614
0xbe29568b816a1904df1a2ad4a1a900eafdeb8d01,0.0,0.009268845489316883,0.0019832599288433354,0.0,0.0,0.0,0.0,0.011252105418160218
0xb5141f7ab4ae677b993e333997a287840bd4ffae,0.011245135315871265,0.0,0.0,0.0,0.0,0.0,0.0,0.011245135315871265
0x01676c9d76fe3794ac94b8c44309c466e622e135,0.003829716449668948,0.007397355417886652,0.0,0.0,0.0,0.0,0.0,0.0112270718675556
0xa863eb34ec473cae2ab017c804e03318a2a82e9b,0.0,0.011192419084141845,0.0,0.0,0.0,0.0,0.0,0.011192419084141845
0x16ccd441b9f107014ed7aef067939a1e0a086712,0.01118424607775146,0.0,0.0,0.0,0.0,0.0,0.0,0.01118424607775146
0xc2fd83cfb5607fb9c8ed60eea6b7e65b430e3af5,0.000490479990362495,0.010669044259542135,0.0,0.0,0.0,0.0,0.0,0.01115952424990463
0xa8a3e7966eefbea2d651580e7dea3a12ca821357,0.0018670642586581558,0.00928668226631381,0.0,0.0,0.0,0.0,0.0,0.011153746524971966
0x745d8100b531a3b7c66890519de16ba806097b9f,0.0021172048909538343,0.009029490295948918,0.0,0.0,1.2421639873632724e-09,0.0,0.0,0.01114669642906674
0x70d60ba4deec2f1e4c426702c619e3f332adacbf,0.0,0.011141528602608537,0.0,0.0,0.0,0.0,0.0,0.011141528602608537
0xb29c1b7ecb01e704ec2ab560d4ecefab0d0bfed9,0.0013111140580164143,0.009825559977501471,0.0,0.0,0.0,0.0,0.0,0.011136674035517886
0x52f0831ab0814435007fda2e8180fbc864ab8b87,0.0,0.011055941089262854,0.0,0.0,7.864340349525086e-05,0.0,0.0,0.011134584492758105
0x8605cf36085697fcda20be5488df08f407f73430,0.0,0.01113291514654348,0.0,0.0,8.772430287841074e-10,0.0,0.0,0.011132916023786509
0xcf45644e3e52d3d86af1b78b97661963648b451f,0.0,0.011126427065148835,0.0,0.0,0.0,0.0,0.0,0.011126427065148835
0xb5f7220949635edcb7a0c149df197a748e3d2983,0.0,0.01112554169071247,0.0,0.0,0.0,0.0,0.0,0.01112554169071247
0x887cd07eb75d28c856ead2aaa707248227c19d11,0.0,0.011124440478020208,0.0,0.0,0.0,0.0,0.0,0.011124440478020208
0x34b18ab4f44ddb7a71f778f73c2551ea8e8ecf42,0.0,0.011122337853238533,0.0,0.0,0.0,0.0,0.0,0.011122337853238533
0xc89f91c59e0cf469cb05c376145366837f17f644,0.008302312938097937,0.0,0.002816684825819103,0.0,0.0,0.0,0.0,0.01111899776391704
0x3238fabf40ea3add618832a34e824b93b115e3ca,0.0,0.011115521890424373,0.0,0.0,0.0,0.0,0.0,0.011115521890424373
0xe8b6613d54e6fd793f7dcf0e599b39ddbea7001c,0.0,0.011091073616193046,0.0,0.0,0.0,0.0,0.0,0.011091073616193046
0x444416783df37d1d10a556fb5f0e82f6dfddd15d,0.011084787903407502,0.0,0.0,0.0,0.0,0.0,0.0,0.011084787903407502
0x601f4f954c15380c4cc903a4f615430784d9943b,0.0,0.011077919112658874,0.0,0.0,0.0,0.0,0.0,0.011077919112658874
0xe3b72489968f11c15282514f33df24634440393f,0.0,0.011070446585447404,0.0,0.0,0.0,0.0,0.0,0.011070446585447404
0x0421455364debc21846a2e75e438b6251b201b96,0.0,0.011061253291404026,0.0,0.0,0.0,0.0,0.0,0.011061253291404026
0xdf788e641646298384531bce6761daa9f5d3f471,0.0,0.011023785078064167,0.0,4.134543532919166e-06,0.0,0.0,0.0,0.011027919621597087
0x156362ed8dad31f9226350fa747f6eea9fdd0cd8,0.011014219748044647,0.0,0.0,0.0,0.0,0.0,0.0,0.011014219748044647
0xa80142c35e2aa0cc1400762d5454c5ea0fe55f3f,0.0,0.011000344374319683,0.0,0.0,0.0,0.0,0.0,0.011000344374319683
0x0d47587908015f1e69ed8c35326b9699f033929a,0.0,0.01100024917249724,0.0,0.0,0.0,0.0,0.0,0.01100024917249724
0xd2e4b01567bc09f551eee6139797cc341f456d8a,0.001705654136959399,0.009251518255130957,0.0,1.2043575673726751e-05,0.0,0.0,0.0,0.010969215967764083
0x684c4f10a8ddfdad14c3d6c33830d3a6ffa715a7,0.0,0.0,0.01090154680299518,0.0,0.0,0.0,0.0,0.01090154680299518
0x3e08b42bf491a25800e5d696f0cb548480318922,0.0,0.0,0.0,0.0,0.0,0.0,0.010895566301336796,0.010895566301336796
0xa89b7df5086af472abe66ac78cbbfa9e6ed53bfa,0.0,0.010892205143281463,0.0,0.0,0.0,0.0,0.0,0.010892205143281463
0x0531fea6d198171c7a1dbe559307b051222c8ca0,0.0,0.010884337198818065,0.0,0.0,0.0,0.0,0.0,0.010884337198818065
0x3d323eb67ec5aa573ad32699d64a95c1facb09ad,0.002026763548478334,0.008777459045172444,4.313910515793941e-05,0.0,0.0,0.0,0.0,0.010847361698808716
0xb4ff197c59044d4579991668c071762bc66f997e,0.0,0.0046233506861986864,0.0038758771480491326,0.0,0.002339530799817381,0.0,0.0,0.0108387586340652
0xcf0214540cee0bb4b10e7df66ce94074032a2ac4,0.0,0.010093556763508718,0.0007333740798368334,0.0,0.0,0.0,0.0,0.010826930843345552
0xc22b9aac77d506b20a7e7d6885afc6d26474f1df,0.010825217655382233,0.0,0.0,0.0,0.0,0.0,0.0,0.010825217655382233
0x0e8bb213b61b740a4ce5f8b59bcbbdc05aecd615,0.010810320660481041,0.0,0.0,0.0,0.0,0.0,0.0,0.010810320660481041
0xaf5735cc5d392e54e92a54be30c3aacfa16a0096,0.007441082859943874,0.0033203079940566497,0.0,0.0,0.0,0.0,0.0,0.010761390854000524
0x6d88506b45cd8af98c51ccaf047e619c6789ab7e,0.001190602133794278,0.009565814648593032,0.0,0.0,0.0,0.0,0.0,0.01075641678238731
0x2de6fea3625d66fa79acdbba18e9c02c14e72294,0.0,0.010751303035743674,0.0,0.0,0.0,0.0,0.0,0.010751303035743674
0x09647ef3d0e86910a99f28e82092cddd0e83eb38,0.0,0.010741011547671635,0.0,0.0,0.0,0.0,0.0,0.010741011547671635
0x5cb52d943b7fd0e3771807fb84a7ea270a30af4c,0.0011839993581222346,0.009541418300557663,0.0,0.0,0.0,0.0,0.0,0.010725417658679898
0x2c1861481a47baf9298a18a093e936d681d1af27,0.0,0.010714973286668253,0.0,0.0,0.0,0.0,0.0,0.010714973286668253
0xfde48d411ba20cc7ea48824b66b2568e11708116,0.010687259015721137,0.0,0.0,0.0,0.0,0.0,0.0,0.010687259015721137
0xd68dd3b26c0c33386f284f43eb8e131697d514e5,0.0,0.0,0.005062809112009049,0.0,0.0,0.0,0.005623733088952099,0.010686542200961147
0x27d531b1db770e1387301620952c825b5d4c4960,0.010678927500749566,0.0,0.0,0.0,0.0,0.0,0.0,0.010678927500749566
0xf60fd90fc72e1eb4d2054a24f5dcf7658f166eda,0.0,0.009298213237161795,0.0,0.0013805919012995136,0.0,0.0,0.0,0.010678805138461308
0x7eed290aa3686bb521d27e22dfe02de479e06e4f,0.0,0.010056478043787412,0.0,0.0,0.0006141431820699562,0.0,0.0,0.010670621225857367
0xd16100767feadd1726486ea82c98581e6efc3bbe,0.0,0.01067030975837413,0.0,0.0,0.0,0.0,0.0,0.01067030975837413
0xf41e8785b4c58f7dc0a407196e3c2d8648ea9595,0.0,0.010667707475395178,0.0,0.0,0.0,0.0,0.0,0.010667707475395178
0x90d7403ac8a82ac5ba76956078684ad08b243fb9,0.0,0.010667096110295555,0.0,2.7817197036206635e-12,0.0,0.0,0.0,0.010667096113077274
0xab72213f719db88f0cc07e0b5d870f83b1933b39,0.0,0.010651547162361745,0.0,0.0,3.862276468970454e-10,0.0,0.0,0.010651547548589392
0x0335b95aabd40f8e8794d79bfb6115757b60a294,0.001177978027412526,0.00946506260061191,0.0,0.0,0.0,0.0,0.0,0.010643040628024437
0x14d2df7b31e6180202eb02f63c14d58aec8f0b61,0.0011779589906141864,0.009457548389590141,0.0,0.0,0.0,0.0,0.0,0.010635507380204327
0x83f3abec2a772009e286e8ccbedf850f08a926d9,0.010590086980673737,0.0,0.0,0.0,0.0,0.0,0.0,0.010590086980673737
0x5618563898f5f9581268f461ae37d6658c0ae8e5,0.010585666647613026,0.0,0.0,0.0,0.0,0.0,0.0,0.010585666647613026
0x028269c1a9f8f0b8881e89d91fc64322e50a2f9a,0.010584235734569694,0.0,0.0,0.0,0.0,0.0,0.0,0.010584235734569694
0x2a8e0176f5293f5f5e621ecc10d0465468b0b4a7,0.010579209686696425,0.0,0.0,0.0,0.0,0.0,0.0,0.010579209686696425
0x5f7a8fb8cc29e795ba19191dd74d69a90cdadb88,0.01056862040669588,0.0,0.0,0.0,0.0,0.0,0.0,0.01056862040669588
0x40822d69357e282a41eba36874f2e1078321ef1b,0.0,0.010543479570402591,0.0,0.0,0.0,0.0,0.0,0.010543479570402591
0x9bf0ea70fa1f3db7fc78acb56069e9c260c3db99,0.0012202286454600579,0.009323029908945768,0.0,0.0,0.0,0.0,0.0,0.010543258554405825
0x650220f8b5ff6963dd22e1e4b3686ed87574a577,0.002048663516189828,0.0,0.007152366661559273,0.0013332324619398464,0.0,0.0,0.0,0.010534262639688947
0x0c14ad01344db61ed98f936c9ac3faa778bb4179,0.003289687585245433,0.007239445932125511,0.0,0.0,0.0,0.0,0.0,0.010529133517370944
0x8ec0dc2c3c4db238d324f01a82cfb4cbfa5b3ec0,0.0008504572238218081,0.009670304786436464,0.0,2.166535730846767e-07,0.0,0.0,0.0,0.010520978663831358
0x990a515fdd5917049a1d4fb0509d7bdb4e8f5a6a,0.0,0.010512446999480363,0.0,0.0,0.0,0.0,0.0,0.010512446999480363
0x125774c82a609361947ab2af88d1c050137d1cbd,0.0,0.0105082359713504,0.0,0.0,0.0,0.0,0.0,0.0105082359713504
0xbf285d9ec176eb7e9e6bf46650690b0b117d03fd,0.0,0.0104833526993024,0.0,0.0,0.0,0.0,0.0,0.0104833526993024
0x6598b811205f45e715eabeb3e894678414193f0b,0.0011834561130484402,0.009298833124876038,0.0,0.0,0.0,0.0,0.0,0.010482289237924478
0xac881a3d1795ce4d4f4cf1b99f5c69a75a220db3,0.010479468611611135,0.0,0.0,0.0,0.0,0.0,0.0,0.010479468611611135
0x8a382510ee42ac0393ab145aac86bf39e000ed56,0.01046598812553306,0.0,0.0,0.0,0.0,0.0,0.0,0.01046598812553306
0x254f07a28301c519ab3d34f5265c8e03eefccdb5,0.0011292044608687177,0.00908758071403373,0.0,0.0,0.0002421981708419606,2.4337677318996277e-11,0.0,0.010458983370082086
0x89bbad3738c5efd5d1edc28869fcc605ee35c81b,0.010457738093622328,0.0,0.0,0.0,0.0,0.0,0.0,0.010457738093622328
0x5cab9d369daacbee4f5899f8a14896c667565af8,0.0,0.0,0.0,0.0,0.010444055205658607,0.0,0.0,0.010444055205658607
0x02caaa46b77ae1fd7246cd6bda0e41c67398fecd,0.0,0.01043513827277586,0.0,0.0,0.0,0.0,0.0,0.01043513827277586
0x44f5380f4c66b3b6a2cf68e0cdda3f8e352cb4d9,0.0011762246457153304,0.009227228989410674,0.0,1.7911333593926193e-05,0.0,0.0,0.0,0.01042136496871993
0xf26ea6d6104bb623366bb12efaba92fbaebfb732,0.010420113371996713,0.0,0.0,0.0,0.0,0.0,0.0,0.010420113371996713
0xc8b1a2780a0f83003cdce787b053033a4e25490b,0.0,0.010414777137234274,0.0,1.130368902688515e-06,0.0,0.0,0.0,0.010415907506136962
0x0ae41bcf611514e7e901813442ee107092ba70b6,0.0011936446785667126,0.009192458099195954,0.0,0.0,0.0,0.0,0.0,0.010386102777762666
0x224b1f69f1dcf8b3671d3760f37bdd115e4696c4,0.0,0.010373412163219868,0.0,0.0,0.0,0.0,0.0,0.010373412163219868
0x3cdd7e90636f911432491233a1e823a9afb0a93b,0.0,0.01027092891455242,0.0,0.0,0.0,0.0,0.0,0.01027092891455242
0x9ebbc7f5067287d90a039459a643c11195f8f158,0.0011848351987357618,0.009083865444560961,0.0,0.0,0.0,0.0,0.0,0.010268700643296724
0x2d013f09716e8121eacced642f3af3c845b4a9b1,0.0,0.010255552503409473,0.0,0.0,0.0,0.0,0.0,0.010255552503409473
0x8844126ca5defee105ae50e5089933768ccf9999,0.0,0.010254691247421207,0.0,0.0,0.0,0.0,0.0,0.010254691247421207
0x71b736acd8abc568eecad688b56df88e1131fa69,0.0,0.010253272516400602,0.0,0.0,0.0,0.0,0.0,0.010253272516400602
0x958e9a16dc337e63c050f26afdd581518ad3ce48,0.0,0.0,0.0,0.0,0.0,0.0,0.01024539855472824,0.01024539855472824
0x999298ef9f8d0c30dc6b6aa80ade434ce3c1ab9f,0.0,0.01021451127890039,0.0,0.0,0.0,0.0,0.0,0.01021451127890039
0x1a5dc488a83a77f342682776ea2dd3b9c72e0153,0.0,0.009265024326556107,0.0,0.0,0.0009473981504452645,0.0,0.0,0.010212422477001371
0xa9573e4eff7db8fc4fd07727a14d86579eb88511,4.235629009630914e-05,0.009834001701147382,0.0003273571863847083,0.0,0.0,0.0,0.0,0.010203715177628398
0x11e32bb1cf76cd88b26bd75f7075ac3ac1f4e064,0.0,0.0,0.0,0.0,0.010200848831209775,0.0,0.0,0.010200848831209775
0x88af261646bd92425444cf9be011167267a6c68e,0.0,0.010191276669326073,0.0,0.0,0.0,0.0,0.0,0.010191276669326073
0x717c55c0e09fb791d101a833678c4a6ed0815ef0,0.010189996333184277,0.0,0.0,0.0,0.0,0.0,0.0,0.010189996333184277
0xa33649f2aa7e785dd8994d440223335c4803b1de,0.01018701879491108,0.0,0.0,0.0,0.0,0.0,0.0,0.01018701879491108
0x935f2801d269b8956b3ab6f95b55fb4d76f77c36,0.0,0.010182197042810237,0.0,0.0,0.0,0.0,0.0,0.010182197042810237
0xb78a48658642e77942495f16993b94303c361661,0.0,0.009891227102150436,0.0,0.00029031170839951837,0.0,0.0,0.0,0.010181538810549954
0x2162d991f68cb0991a1b726da341c04e128db3cb,0.0,0.009891226833955089,0.0,0.0002894076074748441,0.0,0.0,0.0,0.010180634441429933
0xc35e3f52213f568b1cc55754b85da5c59ca054bc,0.0101800459743506,0.0,0.0,0.0,0.0,0.0,0.0,0.0101800459743506
0x0cc8c073884cff216ce3a565e6181a374098a750,0.0,0.010179538702997634,0.0,9.68218623578747e-12,0.0,0.0,0.0,0.01017953871267982
0x4b35f986d13c5321b4efc3cf9264bd4ffc007892,0.0,0.010170593774540724,0.0,0.0,0.0,0.0,0.0,0.010170593774540724
0x2ff1f4b506b4f91b13c00ccc23cdfdde95a57539,0.0,0.0,0.0,0.010119790277317403,0.0,0.0,0.0,0.010119790277317403
0x8532b55516b7994097995eab935eb90919bad094,0.010118279588103718,0.0,0.0,0.0,0.0,0.0,0.0,0.010118279588103718
0x74f23df5646cc2243b5802a3d8a0c5f737997433,0.004900703549976761,0.005216995772487577,0.0,0.0,0.0,0.0,0.0,0.010117699322464337
0x28893320e3ec737271510b92b3efe948144a396e,0.0,0.009080192578626484,0.0010273173525434168,0.0,0.0,0.0,0.0,0.0101075099311699
0x1a4d5dfa14b16e980125f6215defe2e3219a72ea,0.00882166938991506,0.00015949757855209513,0.0011230836101951123,0.0,0.0,0.0,0.0,0.010104250578662266
0x0c3b6ce9c63567fcd0069388856e778885266e3e,0.0,0.01009535911221604,0.0,0.0,0.0,0.0,0.0,0.01009535911221604
0x17f741e31a7bd50fa8c4ac4b0e17230e7b1800dd,0.004847471525201063,0.0,0.0,2.270994261705496e-05,0.0052220196603385725,0.0,0.0,0.01009220112815669
0x1eca9b0e09c9e68e1f7d01c73c496788e4354fb2,0.0,0.010078692337691769,0.0,0.0,0.0,0.0,0.0,0.010078692337691769
0x40103d2d83b6076305de37354c4d1643452a50eb,0.0,0.010074736155819625,0.0,0.0,1.4221969023742421e-08,0.0,0.0,0.01007475037778865
0xcb1141e9ddb6858cdb4b2e622cb4ac762af66013,0.0,0.0,0.010044558178476241,0.0,0.0,0.0,0.0,0.010044558178476241
0x6e11181bfb52ae0be0c1898898a7b4433a31672d,0.0,0.004945437134386135,0.005092383240880706,0.0,0.0,0.0,0.0,0.010037820375266841
0x35d8ad4cce67814983953d66720a99f56158b177,0.0,0.009986474529291713,0.0,0.0,3.221628644084367e-05,0.0,0.0,0.010018690815732556
0x7a758e3354b78a332a6144d9a1d6043d70ad3857,0.009990266578235962,0.0,0.0,0.0,0.0,0.0,0.0,0.009990266578235962
0x8f30e711361f1bb73ec85e66cd9afa104ae09242,0.0009409799148364676,0.0,0.009043457883569308,0.0,0.0,0.0,0.0,0.009984437798405774
0x685aefafae05beae21b22702e583ecb5c1a19842,0.00995069942093701,0.0,7.276807158783225e-10,6.953049685169452e-15,2.7671206458931545e-12,0.0,0.0,0.009950700151391798
0x2deaaf3bfd8d30e5e2fc8093444647b374694572,0.0,0.009942422677814292,0.0,0.0,0.0,0.0,0.0,0.009942422677814292
0x80639570325c4acda3866c97955b74e2c38d5946,1.2936921716686864e-05,0.009915991275136442,0.0,0.0,0.0,0.0,0.0,0.00992892819685313
0x7332e03b0e89fb46b289dfeeb4561403d137fc61,0.009850460637079927,0.0,0.0,0.0,0.0,0.0,0.0,0.009850460637079927
0xa4b9d23b2a75ff1898fa18b1c02ec45767dcef3f,0.009825409900750709,0.0,0.0,0.0,0.0,0.0,0.0,0.009825409900750709
0xc3e5c2f4ceb3d5ff005c281b0b5ef7b44cf9f663,0.00981753099848773,0.0,0.0,0.0,0.0,0.0,0.0,0.00981753099848773
0x9120d37c113b3a5f2c002cc81c990023fc96b213,0.0,0.007690365222387406,0.002109384684294798,0.0,0.0,0.0,0.0,0.009799749906682203
0xf7f213836916a20665d841e10b751612a59bd517,0.001286273278009177,0.0023201675702424936,0.006189572669715845,0.0,0.0,0.0,0.0,0.009796013517967515
0x3c173e3d1e6eaf8f697daea05a39ff0c067743a4,0.0,0.009781827825883644,0.0,0.0,0.0,0.0,0.0,0.009781827825883644
0xdcfeb1bcda8fef7c1b08d761bf7ee96a50d4c3be,0.0,0.009774073187897175,0.0,0.0,0.0,0.0,0.0,0.009774073187897175
0x271844410e0c78147f6aaf1230a2f53bc7f45d1a,0.0,0.00927638055303687,0.0,0.0004893260360176091,0.0,0.0,0.0,0.00976570658905448
0xf99ead3a5b94cd5deaa32c5b5120027b5f34fcd4,0.0,0.009763200988164083,0.0,0.0,0.0,0.0,0.0,0.009763200988164083
0x86deb60613fa67a207e4b0cde127e87653d1e3cf,0.0,0.009754401870207225,0.0,0.0,0.0,0.0,0.0,0.009754401870207225
0x0a485a953b19ffd1a75d57e02e53ff92ed3877b1,0.001998422639221402,0.0077552681455742515,0.0,0.0,1.2384454187526454e-09,0.0,0.0,0.009753692023241074
0x1648c13a8ed3ffb194b2c033497a5e82e543cb82,0.0,0.00974795716443824,2.2793525707038499e-07,0.0,3.96631846959061e-09,0.0,0.0,0.00974818906601378
0xbfa4707ac724f908c6e125992ca1073877e79c7f,0.0,0.009745756915627906,0.0,0.0,0.0,0.0,0.0,0.009745756915627906
0xd73a6043f3a0748a38151a7057082e5b6f2b8b5f,0.009736345857428729,0.0,0.0,0.0,0.0,0.0,0.0,0.009736345857428729
0x50fcb3a0a338b9347e7464c5b58215a52912868e,0.0,0.00973134628372025,0.0,0.0,0.0,0.0,0.0,0.00973134628372025
0x499b3b97e988bacceaa989437a0fe67698ea9450,6.402192345256577e-09,0.009726931510177568,0.0,0.0,0.0,0.0,0.0,0.009726937912369914
0xcb8e7439577913990f4aee266460776e2a3a2ffd,0.0,0.009722728839237709,0.0,0.0,0.0,0.0,0.0,0.009722728839237709
0xa99bdcb2ee19926725748e0fa132cc89b3933066,0.0,0.0,0.009721990700072194,0.0,0.0,0.0,0.0,0.009721990700072194
0xf9f095697f56222217a800c0956ad3a2e804be5e,0.0,0.009719307584167461,0.0,0.0,0.0,0.0,0.0,0.009719307584167461
0x86727cba5a6f814fe1cf1cffdcfc596da5182fd9,0.0,0.009709719655163377,0.0,0.0,0.0,0.0,0.0,0.009709719655163377
0xe57715a8a81c1dd4055b1f38b67a8996bde99072,0.0,0.0,0.00969803956456425,0.0,0.0,0.0,0.0,0.00969803956456425
0x064a4887f6a19093517bfbf67f216d187378e111,0.0,0.009691458411726138,0.0,0.0,0.0,0.0,0.0,0.009691458411726138
0xd02d176544df9aea39fc1f5a37cf4f342a61d331,0.0,0.00968044388187042,0.0,0.0,1.7688299271208009e-09,0.0,0.0,0.009680445650700347
0x0370a1cec58e089f41fcf3fcd9702adcb79a7245,0.0,0.009478455570344718,0.0,0.00018093778397510526,0.0,0.0,0.0,0.009659393354319822
0xee052c3ef235591bfa2519ff3ea1cf794e169df4,0.0,0.009647230322589207,0.0,0.0,0.0,0.0,0.0,0.009647230322589207
0xb9d94a3b9b7281ed261005407c9edd72f0a9c54e,0.0,0.009056069727624157,0.0005848592987025479,0.0,0.0,0.0,0.0,0.009640929026326704
0x2d4deada2ada485297589e4ac46c3e9902d5dc00,0.002664415997192471,0.006925242206253265,0.0,0.0,0.0,0.0,0.0,0.009589658203445737
0x195b8b9598904b55e9770492bd697529492034a2,0.009582507414504626,0.0,0.0,0.0,0.0,5.075923952097247e-09,0.0,0.009582512490428578
0x3ca2d9756af430fd4908ae3f314ba53d8449136a,0.0,0.009573755974798563,0.0,0.0,0.0,0.0,0.0,0.009573755974798563
0xa2caf9824809d857acb1d97c36f28453267ee84d,0.009553472521711605,0.0,0.0,0.0,0.0,0.0,0.0,0.009553472521711605
0x5f9ddd54d19d4a7d6da010f8a934f9ecfd0149ea,0.007561820371355412,0.0018922467462319655,0.0,2.705034653676915e-07,0.0,8.955326384379759e-05,0.0,0.009543890884896544
0x01232a06825131b69165bd6d1df33b6dd565010d,0.0,0.009543098892007787,0.0,0.0,0.0,0.0,0.0,0.009543098892007787
0xb2d292c645edc15b212f8b23e177c5563ab06023,0.0,0.009541647765298946,0.0,0.0,0.0,0.0,0.0,0.009541647765298946
0xe79ece09c4240dcb3d632585df427d824223fd04,0.003216555402867002,0.0063155100059617865,0.0,0.0,0.0,0.0,0.0,0.00953206540882879
0x8df57cdd2fc6baa4e2b451dccbdd3c646b80e382,0.0,0.00951422632940134,0.0,0.0,0.0,0.0,0.0,0.00951422632940134
0xebfbba415f50a48fd2b3ef2dbac477450498c056,0.0,0.009510079621553142,0.0,0.0,0.0,0.0,0.0,0.009510079621553142
0x6a0183b0381256ebeb5a2cf5e13e8f5b22485fce,0.0,0.009508372248775182,3.259875811601086e-07,3.759345465226347e-12,1.0695077526072469e-09,0.0,0.0,0.00950869930962344
0xa67f4c9cfd70ef07abd7dee1087641798a7edf70,0.0,0.009269083751473612,0.0,0.0,0.0,0.00023859147963230346,0.0,0.009507675231105916
0x605778b8633e0c2f0bc4b9fe7d6c6a9003d15f5a,0.004575450953953184,0.004648319351553103,0.0,0.0,7.499180081962811e-05,0.00018495713399540974,0.0,0.009483719240321323
0xa5cf6c0c8cd176c54e42b0ddeb708d09c6860f67,0.0,0.009264068938588051,0.0,0.000219179821960453,0.0,0.0,0.0,0.009483248760548504
0x79f166748b8ada59009f0d348249320ff27126df,0.0023372884626365626,0.007142826541145783,0.0,0.0,0.0,0.0,0.0,0.009480115003782347
0x499dfbaaf39f922159fd38dfd48735105d2f38a1,0.0,0.00946139149887652,0.0,0.0,0.0,0.0,0.0,0.00946139149887652
0xadefbc26708247fe3034eb3f59ca192f759dec6a,0.009449744883426375,0.0,0.0,0.0,0.0,0.0,0.0,0.009449744883426375
0x62de3169aee15684db357575a5f11a453e1547b4,0.0,0.009441236067617553,0.0,0.0,0.0,0.0,0.0,0.009441236067617553
0x89baf13a5480ef4d734e46fedf513866188e8950,0.0,0.00943790946721565,0.0,0.0,0.0,0.0,0.0,0.00943790946721565
0x18363bcf247a7d78fe56d7fb0915d7d258e54093,0.0,0.009436865438228245,0.0,0.0,0.0,0.0,0.0,0.009436865438228245
0x304ac5e895e3bbf5136b03023905a63fed118c8b,0.0,0.00942790663767236,0.0,5.579986481886927e-06,0.0,0.0,0.0,0.009433486624154245
0xaa452183f05353d9500470d23169d5b6d0567de4,0.0,0.00942795425941163,0.0,0.0,0.0,0.0,0.0,0.00942795425941163
0xdfa88bcbd03f891d216bee0df23ff98f451ecd5b,1.2930591038912023e-05,0.009412481362144563,0.0,0.0,0.0,0.0,0.0,0.009425411953183475
0xef51c6b7eff0d16038743bf924879d295a4b971f,0.0,0.009402383343652156,0.0,0.0,0.0,0.0,0.0,0.009402383343652156
0xef5f5d1695b4a0e8e87a1c71a0cd01af85ca9819,0.009402301286267171,0.0,0.0,0.0,0.0,0.0,0.0,0.009402301286267171
0xbebfe8df63ee0e4608353af7de0f0a86cf402bb7,0.0,0.009390976203617262,0.0,0.0,0.0,0.0,0.0,0.009390976203617262
0x34dc9ccd564224fa3c8c9ed367a2a397d2a9f199,0.0,0.009385310105743437,0.0,0.0,0.0,0.0,0.0,0.009385310105743437
0x1084f28ea8ef336a0db9c29138c28cd2e2047d20,0.009380100423572298,0.0,0.0,0.0,0.0,0.0,0.0,0.009380100423572298
0x2f37eb7b55777f6111248157b771e13a9271d1ba,0.009377307909214976,0.0,0.0,0.0,0.0,0.0,0.0,0.009377307909214976
0xe6cc5e3ebb07b5156ba3af510b8c6ca19804d88e,0.0,0.009376343033554682,0.0,0.0,0.0,0.0,0.0,0.009376343033554682
0x71ff17eac3cc12b2bdfdbbad8d8575acaab67af2,0.0,0.0,0.0,0.0,0.0,0.0,0.009370213949780595,0.009370213949780595
0x3774bd7f4191493f1d5eb3bd4a7ef0576dd9b251,0.0,0.009369335065660038,0.0,0.0,0.0,0.0,0.0,0.009369335065660038
0x0c37beb3380e9b602bba31f14b5302da5eb0292a,0.0,0.0,0.009367180361091946,0.0,0.0,0.0,0.0,0.009367180361091946
0xdfd335aa18fd7771784881925bd6acaef6c72cf0,0.0,0.00936070497096015,0.0,0.0,0.0,0.0,0.0,0.00936070497096015
0x4ca9f0a885b266e9810cb572b0d71966901d8efd,0.0,0.009357909721682761,0.0,0.0,0.0,0.0,0.0,0.009357909721682761
0x870dc279570833a8c5a72fc7972681db9a96cfb7,0.0,0.009356011641277895,0.0,0.0,0.0,0.0,0.0,0.009356011641277895
0x805940d7b7228ccade79076337c40acec6eb131f,0.0,0.00935101158304271,0.0,0.0,0.0,0.0,0.0,0.00935101158304271
0x58e39293ec6ce3f4d49c9a44bb76bd3e9b300130,0.0,0.0,0.0,0.0,0.00934718447718077,0.0,0.0,0.00934718447718077
0x87876c1c0770bc93db7392fa83ec3e1ff76abb36,0.0,0.009345059684523429,0.0,0.0,0.0,0.0,0.0,0.009345059684523429
0x0d1e0e51cfe43fa7d5ce67104f3bb217bd1d1c97,0.0,0.009340798851847309,0.0,0.0,0.0,0.0,0.0,0.009340798851847309
0x342ac8f095eb667f03d86c1c2a606b29a0296dff,9.410740495302005e-06,0.009260326965308858,6.767060086391068e-05,0.0,0.0,0.0,0.0,0.009337408306668071
0x23ebd54fd65825e06a6e5aacc1a0b523bfeb748e,0.0,0.009332237685009983,0.0,0.0,0.0,0.0,0.0,0.009332237685009983
0x7cc6bb4cce00146435ef874ae972c5c31b781306,0.0,0.009319869116183925,0.0,2.7600924175349483e-06,0.0,0.0,0.0,0.00932262920860146
0x2b719de1cb6614bd9dad20c003971348a3fae64c,0.0,0.00932260152257766,0.0,0.0,3.1548321867757297e-10,0.0,0.0,0.00932260183806088
0xfdcd60088bb558e773eb5b90799290cf937d6a02,0.0,0.009322208851263001,0.0,0.0,0.0,0.0,0.0,0.009322208851263001
0x7132b5edc9ee267c58d3562d3e621384b18da7f3,0.0004622853652600571,0.0046862019763339305,0.00416973504766175,0.0,0.0,0.0,0.0,0.009318222389255738
0x0e4c40cf6624894dfce1c95c374d4a8dff033cf3,0.0,0.009300316070660402,0.0,0.0,0.0,0.0,0.0,0.009300316070660402
0x25fa68a4c340202737edbc67fd1a2ec8de872db6,0.0,0.009292924516422588,0.0,6.500067702874577e-12,0.0,0.0,0.0,0.009292924522922656
0x44ff5c2b020a1316c7964d1484c27ebab066743c,0.0,0.009291405166971304,0.0,0.0,0.0,0.0,0.0,0.009291405166971304
0x47d413f97784382d306aff4f6513857bb0b67ef7,0.0,0.009290291130527902,0.0,0.0,0.0,0.0,0.0,0.009290291130527902
0xedec7e3fd2cfb53507fd816ffe0fd9ccd407ffd3,0.0,0.009289136404290528,0.0,0.0,0.0,0.0,0.0,0.009289136404290528
0xadad7ec70ac6b2599360efc99089b575e4bc376d,0.0,0.009286594787038823,0.0,0.0,0.0,0.0,0.0,0.009286594787038823
0xec612df9f5427f84de9ce38d878b46274619e1c9,0.0,0.00928623899179168,0.0,0.0,0.0,0.0,0.0,0.00928623899179168
0x9a744842e62f09e4db9401c27d9da1e5133a8e13,0.0,0.009285954271231994,0.0,0.0,0.0,0.0,0.0,0.009285954271231994
0x29bc20827013d24dd74ae3864d89f67383ff5bdc,0.0,0.00928582452845265,0.0,0.0,0.0,0.0,0.0,0.00928582452845265
0x94904d475373e88bdf3a97076ec2de30b10c2cef,0.0,0.009285403116986637,0.0,0.0,0.0,0.0,0.0,0.009285403116986637
0xcd3e75a9c55e274c04b5bafc892cd77185a655c1,0.0,0.009284986510958156,0.0,6.961241181631912e-12,0.0,0.0,0.0,0.009284986517919397
0x43bbd735b07324bfa561f2a6123589eff7f30671,0.0,0.009284674585869906,0.0,0.0,0.0,0.0,0.0,0.009284674585869906
0x95a5baeadae0de1ea16104f5f4c4ff911f4837da,0.0,0.009284397716306885,0.0,0.0,0.0,0.0,0.0,0.009284397716306885
0x389c3d69d05b6463d1b7a1406e861f494a2e9b97,0.0,0.009283690082223654,0.0,0.0,0.0,0.0,0.0,0.009283690082223654
0x8ce02a7e899bce58588455fda7fdcdd8b6221f43,0.0,0.009282866994321775,0.0,0.0,0.0,0.0,0.0,0.009282866994321775
0xb6b68359b6358059851f452e7604e4964d885750,0.0,0.00928258776703066,0.0,0.0,0.0,0.0,0.0,0.00928258776703066
0xefb83ac62b23ccd7c53cfeb5333788ef9da52579,0.0,0.009281794158228529,0.0,0.0,0.0,0.0,0.0,0.009281794158228529
0x9eedc70a239c3e79722192c0392c7d98cf830818,0.0,0.009263413626893046,0.0,1.587508774809547e-05,0.0,0.0,0.0,0.009279288714641142
0xeea048359dcc800128c5c01520e38a94b8c22e43,0.0,0.009277490843571982,0.0,0.0,0.0,0.0,0.0,0.009277490843571982
0x11774b2d0b29d614938be39649bbce1c8bb9abc4,0.0,0.009276848759019319,0.0,0.0,0.0,0.0,0.0,0.009276848759019319
0xa54513ea3e072888b0ef0b0acce2c5477b456abb,0.0,0.00927594249989242,0.0,0.0,0.0,0.0,0.0,0.00927594249989242
0x9ec81ddd7137beaaf33553ef762164efba56235f,0.0,0.009275838893026224,0.0,0.0,0.0,0.0,0.0,0.009275838893026224
0xb2df04f4536b99666e3968d14761bb890d002df3,0.0,0.009273261635860895,0.0,0.0,0.0,0.0,0.0,0.009273261635860895
0xbeb930fc726ee8538f7593502b7f6d44f4d1ea13,0.0,0.009273210827443343,0.0,0.0,0.0,0.0,0.0,0.009273210827443343
0xc82a81e90316d64e48a789c85c2428cfad44633b,0.0,0.009270542921366937,0.0,0.0,0.0,0.0,0.0,0.009270542921366937
0x3e92bd27f054688f04e9ec407a4f3d1ffeaf60c3,0.0,0.009269987468149148,0.0,0.0,0.0,0.0,0.0,0.009269987468149148
0x9dd7f5869f270f3b9d24a43a1910a601773d79cb,0.0,0.009269432943104908,0.0,0.0,0.0,0.0,0.0,0.009269432943104908
0x05c6959d997cde99d2f967367e5e9f1959ba9706,0.0,0.009269277084666454,0.0,0.0,0.0,0.0,0.0,0.009269277084666454
0x8eca262c14f0e1ed9ba38a1c6d40ec1ae06bbb95,0.0,0.009268639436512134,0.0,0.0,5.2829446608977964e-11,0.0,0.0,0.009268639489341582
0x617c177442b5e9efaa8aa5cc7b440d5f74c8b569,0.0,0.009266507586997737,0.0,0.0,0.0,0.0,0.0,0.009266507586997737
0x60081289df43656ea4fd4d5d1251c18f8cea0a34,0.0,0.00926560620217113,0.0,0.0,0.0,0.0,0.0,0.00926560620217113
0xedd1389a95a2c5632b0067d3aa0def5bcec74b03,0.0,0.009263304229831727,0.0,0.0,0.0,0.0,0.0,0.009263304229831727
0x617af12053fbba06e3ad4879ac40abf22a754fa6,0.0,0.00925967424335048,0.0,0.0,0.0,0.0,0.0,0.00925967424335048
0x955866ee0bd3b8b0be4d4ea306670f34b90ef3ed,0.0,0.009258871170542589,0.0,0.0,0.0,0.0,0.0,0.009258871170542589
0x6d34b2122f8842006dd0cb69d78a9774e9e177d7,0.0,0.009257421346418682,0.0,0.0,0.0,0.0,0.0,0.009257421346418682
0x94b21272e216ae0959da4c854c3ead2c048f001a,0.0,0.00925735894236288,0.0,0.0,0.0,0.0,0.0,0.00925735894236288
0x2e6f6e4a67a002d43344d08f608342f6b92f22e2,0.0,0.009256251347005768,0.0,0.0,0.0,0.0,0.0,0.009256251347005768
0x1684427375f4b67a03b15721f9269d3a79217e96,0.0,0.009239063760338475,0.0,0.0,0.0,0.0,0.0,0.009239063760338475
0xe9954886eff5a9120fe8418561669c519cdcd5de,0.0,0.009226613761565068,0.0,0.0,0.0,0.0,0.0,0.009226613761565068
0x6bbc2d6b9968a9b2acaa3583853093192e3ef194,0.0,0.003992629838565595,0.005222329058209177,0.0,0.0,0.0,0.0,0.009214958896774771
0x9e6e7f38803e9e86f4108e018ec45431537f237c,0.0,0.009149987182509048,0.0,0.0,0.0,0.0,0.0,0.009149987182509048
0x8f79a024bec9d0aedbbe3e3208ddd1f8aeab844f,0.0,0.009145122138098314,0.0,0.0,0.0,0.0,0.0,0.009145122138098314
0x2dfac443c9899b6fb727109a8832b82e2810b500,0.0,0.00914492670203472,0.0,0.0,0.0,0.0,0.0,0.00914492670203472
0x84d0f74d21a89f86b67e9a38d8559d0b4e10f12d,0.0,0.009137002195348281,0.0,0.0,0.0,0.0,0.0,0.009137002195348281
0xe982e9c1b2a847c120e9a23dd1275126bf515088,0.0,0.009136550662658621,0.0,0.0,0.0,0.0,0.0,0.009136550662658621
0xc42fa49c60addb120ec98bc1ebfc488a107339e5,0.0,0.009133899615081964,0.0,0.0,0.0,0.0,0.0,0.009133899615081964
0xb521887245ef17e1d160f9ddf63f6d739a8ece70,0.009124642226817876,0.0,0.0,2.329808872557054e-08,5.34724491592609e-06,0.0,0.0,0.009130012769822527
0x1f0160959d5b9773c9bfd669bee6ee443a3ff4ca,0.0,0.009121051480662223,0.0,0.0,0.0,0.0,0.0,0.009121051480662223
0x445e1c6b7eddd422a86f4c48181ddd799b64d92a,0.0,0.009115739790021286,0.0,0.0,0.0,0.0,0.0,0.009115739790021286
0xe1fbd291bd6a628e954cfbf78479701d91ba9dad,0.0,0.009091632754281776,0.0,0.0,0.0,0.0,0.0,0.009091632754281776
0x62bbd6219fdd31082d63e816e04d60916ccc80e2,0.0,0.009070379308832954,0.0,0.0,0.0,0.0,0.0,0.009070379308832954
0x1e93d0ed32c2806f9a48cd3bcb81a4dd2fc634cd,0.0,0.009057344524187546,0.0,0.0,0.0,0.0,0.0,0.009057344524187546
0x4e90da1ddcd5b0fb295b6a69251b5d04d5bcca7a,0.0,0.009048950658850096,0.0,0.0,0.0,0.0,0.0,0.009048950658850096
0x6c14063410c27f9670d95bb9fd9ff1445581895e,0.0,0.009046374164546159,0.0,0.0,0.0,0.0,0.0,0.009046374164546159
0xb14a69cadbb36da70f65c4e18026588cce015aba,0.0,0.00904595890506396,0.0,0.0,0.0,0.0,0.0,0.00904595890506396
0x9965680df158c11a5e27bcc33aa3f462139c6dec,0.0,0.009044816152601144,0.0,0.0,0.0,0.0,0.0,0.009044816152601144
0x26b5e14dbf21bfb62bff869f5f4bce8dbddbcfca,0.0,0.009039745435068983,0.0,1.6689669410846619e-06,0.0,0.0,0.0,0.009041414402010067
0xffa13daf5b32e44758a5c4882f4df2612c0311b2,0.0,0.009029295273209089,0.0,0.0,0.0,0.0,0.0,0.009029295273209089
0xe7196f5ff0a04f5b4a10650eb3909f41965e0ae5,0.0,0.009019757822279114,0.0,0.0,0.0,0.0,0.0,0.009019757822279114
0x22723cc5ae5a1b4514ca41f2466e2ade15cf529b,0.0,0.009005596897919637,0.0,0.0,0.0,0.0,0.0,0.009005596897919637
0xa1d5ec0f7525427c575d4dda643fc81b233a207e,0.0,0.009002015020467595,0.0,0.0,0.0,0.0,0.0,0.009002015020467595
0x17239dc459e5eac7d9632ff8d9f7175721a04d3c,0.0,0.009001428637836461,0.0,0.0,0.0,0.0,0.0,0.009001428637836461
0x90d1b8347627989a93847f1bd34e3c740f359c5c,0.008997099953749654,0.0,0.0,0.0,0.0,0.0,0.0,0.008997099953749654
0x85304ba7b9ade0268014e07bbcc2f368c2cda335,0.0,0.008988184657780281,0.0,5.936899788744997e-06,0.0,0.0,0.0,0.008994121557569026
0xa277e560b6e9b4a4ff1927d4ea86ed0201223f69,0.0,0.008992053504371668,0.0,0.0,0.0,0.0,0.0,0.008992053504371668
0x431dd98b5c3081c5061c8b9ff0421c3ed06b883b,0.0,0.008989713165132123,0.0,3.861637333469865e-08,0.0,0.0,0.0,0.008989751781505458
0x37b84b579e6b2ef70f1abb87427d81ced7c87f4b,0.0,0.008989456450709416,0.0,0.0,0.0,0.0,0.0,0.008989456450709416
0xe081e7a2f643cb03c6e3f46112b7f8b6e1fe5deb,0.0,0.008987964239463974,0.0,0.0,0.0,0.0,0.0,0.008987964239463974
0x0eb0ddfb4350bae7435acd27504926204235a9de,0.00898703156009735,0.0,0.0,0.0,0.0,0.0,0.0,0.00898703156009735
0x3eaada5ef69b0904f1ef272cc722facbb3107fca,0.003529733420701699,0.005386250598450505,0.0,0.0,0.0,0.0,0.0,0.008915984019152204
0x6e313c155a30c5fbf81c23e48a0683e89cfe061c,0.0,0.008887548879490125,0.0,0.0,0.0,0.0,0.0,0.008887548879490125
0xee386b3ec55f3b7180143f118f9ae5c6708dffbd,0.0,0.0,0.0,0.008874545775931098,0.0,0.0,0.0,0.008874545775931098
0x0c2ebd222353a0936b3084c86f9ad23f4284bda4,0.006977903846846121,0.0018784376575379247,0.0,0.0,0.0,0.0,0.0,0.008856341504384045
0xdfb2d349108bdc897c3e1c7f89c0c1638f42d7f2,0.0,0.00884298274952402,0.0,0.0,0.0,0.0,0.0,0.00884298274952402
0x3c64311bc9cc234dad28ab236970aba6346a004b,0.008839720965227487,0.0,0.0,0.0,0.0,0.0,0.0,0.008839720965227487
0x1cb432f80416f07db4420b8c20447924a0658894,0.0,0.0,0.0,0.00883698512728899,0.0,0.0,0.0,0.00883698512728899
0x94bb80230de02d34d2afb4fa8f8d7781985afb35,0.008818788823197341,0.0,0.0,9.145620716226202e-06,0.0,0.0,0.0,0.008827934443913568
0xa4a436bc988e893cf5135f18cb4b186600433d53,0.0,0.0,0.008814594865414265,0.0,0.0,0.0,0.0,0.008814594865414265
0x51453ceef7c761d438d04cf327885565b90ffd48,0.008415372639002229,0.0,0.0,0.0003375424104946578,0.0,0.0,0.0,0.008752915049496886
0x67a24b65a409734881b55e050fe681dd6a6ab636,0.001499942379793365,0.007243874119861239,0.0,0.0,0.0,0.0,0.0,0.008743816499654604
0xba5e00b0d91fa0a0fa40b704d00d01cb0c8008c1,0.0,0.008703532591262754,0.0,0.0,0.0,0.0,0.0,0.008703532591262754
0x431591c8a0ed12e479b56f08ca3400d0af21cd95,0.0,0.008685798290027994,0.0,0.0,0.0,0.0,0.0,0.008685798290027994
0xadc6353835164a44aabedeefb6e733527e659855,0.0,0.008681647359338485,0.0,0.0,0.0,0.0,0.0,0.008681647359338485
0x3375766a00eb0d6940dd124c3018764d4718100c,0.0,0.00868138318839382,0.0,0.0,0.0,0.0,0.0,0.00868138318839382
0x8f2a08507d3f4aa9d9e85a9c413127513841e896,0.0,0.0,0.008674488786196383,0.0,0.0,0.0,0.0,0.008674488786196383
0xa0580a130ca644dbef1bf397fe373f66c3ad83e9,0.0,0.008666306492928768,0.0,0.0,0.0,0.0,0.0,0.008666306492928768
0xb1c7643704d5a08bff0c89eebb2347d4f3006e16,0.0,0.003707280295021715,0.00494687729339084,0.0,0.0,0.0,0.0,0.008654157588412554
0x220b036907e008c23868ff45d79c886ca87e3078,0.0,0.002373511071777927,0.006260187934595298,0.0,0.0,0.0,0.0,0.008633699006373225
0x6b3b5eee8a7096110e8cb63be91bd6f37ad3b219,0.0011778716543337574,0.007417318778943432,0.0,0.0,0.0,0.0,0.0,0.00859519043327719
0xdf766a7014f1f5ff6f5f2e2c77e606528e04a8a6,0.0,0.008570445156420132,0.0,0.0,0.0,0.0,0.0,0.008570445156420132
0x734b5b99ba25159104b8d311640ed67647713305,0.008567804292515977,0.0,0.0,4.2055794846213606e-07,0.0,0.0,0.0,0.00856822485046444
0x2cc610c30e2a0598b7cacd2f14b85e0e6e755421,0.0,0.008554712966831971,0.0,0.0,0.0,0.0,0.0,0.008554712966831971
0x0c90a9d2b0f573c21c499ddac720e2c6e2899f7c,0.008534686579078814,0.0,0.0,0.0,0.0,0.0,0.0,0.008534686579078814
0x0def5de5fedd0bd1200ca6b5195d4b3fd415e285,0.0,0.008471503622174258,0.0,0.0,0.0,0.0,0.0,0.008471503622174258
0xc81821649eda7e9a5897708d30e00456673192c8,0.0,0.008471475650032647,0.0,0.0,0.0,0.0,0.0,0.008471475650032647
0x946c75f7a68685e761b9ceefcd4c672471612e74,0.0,0.008471440790746269,0.0,0.0,0.0,0.0,0.0,0.008471440790746269
0x85305b412b588c764fabc36a55504b5576f83e97,0.0,0.008468719531575785,0.0,0.0,0.0,0.0,0.0,0.008468719531575785
0x42cf1be6d611dae8173fc1100fea843e18cb6f11,0.004285310049518488,0.0,0.004171376048812078,0.0,0.0,0.0,0.0,0.008456686098330566
0xb7746bf803d7cca11590306a36032f7a4dca7ff6,0.0,0.008455118153887336,0.0,0.0,0.0,0.0,0.0,0.008455118153887336
0x195541a9153467ed64369c3c7f8cdfcadeb7ae3b,0.0,0.008454023881928376,0.0,0.0,0.0,0.0,0.0,0.008454023881928376
0xd2bf3e283dca61824c038ef730dacb56a7e57cbb,0.0,0.0,0.0,0.0,0.008392212763090531,0.0,0.0,0.008392212763090531
0xd92088359a87643db3837a45c6554ff750fb4897,0.0010450336416079533,0.007343209158654615,0.0,0.0,1.571823461845669e-10,0.0,0.0,0.008388242957444916
0x90ec15cc6050fcc8852fc84ac229498ac55987a5,0.002824233109497755,0.005562200219717147,0.0,0.0,0.0,0.0,0.0,0.008386433329214902
0xf0f4a383bd45290b024f062aa2c213b7430a44b6,0.0030347943189128713,0.003246069939621458,0.002101491673349148,0.0,0.0,0.0,0.0,0.008382355931883478
0x7c429216b869f108da300e882bc08c34d75ef407,0.008379772953704893,0.0,0.0,0.0,0.0,0.0,0.0,0.008379772953704893
0xaeaa59f7ff11c931acddcd73f7c0bbf3120370d1,0.0,0.008349656887310715,0.0,0.0,0.0,0.0,0.0,0.008349656887310715
0x273c4282663e07d3241e3f74e0b9f70ca39aee09,0.0009374509146745002,0.007408219868903305,0.0,3.2498352962918635e-12,0.0,0.0,0.0,0.008345670786827639
0x02ed7d45040fc9b930040e30a2cdbc796792035b,0.0,0.008321131306103931,0.0,0.0,0.0,0.0,0.0,0.008321131306103931
0x79ac457ed212120e4a52ff26571cd33e0c92513e,0.008320812025879667,0.0,0.0,0.0,0.0,0.0,0.0,0.008320812025879667
0xf967e8294078222491964ee9127c6270977e9a05,0.0,0.00831473069873221,0.0,0.0,0.0,0.0,0.0,0.00831473069873221
0x17e7b24a03c308a89e9fbb08a3273b292594b73c,0.0,0.00830492286468406,0.0,0.0,0.0,0.0,0.0,0.00830492286468406
0xe7e075e2bcf1deb879516ee0e2c7cc72934084ba,0.0,0.0,0.0,0.0,0.0,0.008294066211256532,0.0,0.008294066211256532
0x4dd2bf4052475f8a738e39f8fc188c84f16b39ce,0.0,0.008287324298320598,0.0,0.0,0.0,0.0,0.0,0.008287324298320598
0x52b2b66c7a6541a37733f863c60d82e63079ee88,0.008281213477368576,0.0,0.0,0.0,0.0,0.0,0.0,0.008281213477368576
0x1f4fa01c860b84bf3568bbc2732b4f0ef57e1098,0.008275329663350553,0.0,0.0,0.0,0.0,0.0,0.0,0.008275329663350553
0xf3421273dc2f84ea9ca0d1d5a51bf57cddcc4b45,0.008266372322234462,0.0,0.0,0.0,0.0,0.0,0.0,0.008266372322234462
0x4947e2aa7bf06206ea7512d0e3ac6167e5cdb9a2,0.008233880394415834,0.0,0.0,0.0,0.0,0.0,0.0,0.008233880394415834
0xef96a6edc6dccade831443b732717900ca12acc9,0.008231370211205135,0.0,0.0,0.0,0.0,0.0,0.0,0.008231370211205135
0xe341068563d9ba4cd3ab89b6230d04af5ec3027e,0.008203242278918398,0.0,0.0,0.0,0.0,0.0,0.0,0.008203242278918398
0x5d83e626acb3e1da41961bb19aaafe98411f1312,0.0,0.0,0.0,0.008185070350437263,0.0,0.0,0.0,0.008185070350437263
0x25612e8bd7683de22da45d717d0493b0e96424b4,0.0,0.008171730444755559,0.0,0.0,0.0,0.0,0.0,0.008171730444755559
0x7fc2c78399097d1fde19d76445004cf3b5b4dd5f,0.0,0.0,0.008151793051857047,0.0,0.0,0.0,0.0,0.008151793051857047
0x661e26d86c3d5ee10cbba2f44eade4d8827adcf7,0.0,0.00814162688316845,0.0,1.604601403540436e-07,0.0,0.0,0.0,0.008141787343308804
0xec100a1fd11ef30f7d80816d825e6fe0438ce67e,0.0,0.00814171976352884,0.0,4.6362521980420026e-09,0.0,0.0,0.0,0.008141724399781038
0x1b075852dcc191ea4b13835b40341ce4343f4661,0.008119217002479811,0.0,0.0,0.0,0.0,0.0,0.0,0.008119217002479811
0xc5bf077fd90992c84cf7b1542e150cbbd095aafa,0.0,0.008103530674260171,0.0,0.0,0.0,0.0,0.0,0.008103530674260171
0x1351ce6778ccd8e34fc77290bcbcdaa8059702d0,0.0,0.0,0.008094833535883634,0.0,0.0,0.0,0.0,0.008094833535883634
0x52351fb69cdd57d115508764f641c71eac65bad2,0.0,0.008087841332563898,0.0,2.6755430008178173e-06,0.0,0.0,0.0,0.008090516875564717
0x00757438f320d3e53acc25b168361a9f7e66d17d,0.008090052969737863,0.0,0.0,0.0,0.0,0.0,0.0,0.008090052969737863
0x37d23acd7a5895e2ed19824a6ab1830bd8e8d550,0.0006120769402586397,0.0,0.007467192293962893,0.0,0.0,0.0,0.0,0.008079269234221533
0xb6b2d0f27c332950001945443c9a97966d6dc712,0.0,0.008037433923159452,0.0,0.0,0.0,0.0,0.0,0.008037433923159452
0x40cbaa8f0133f3c5edf6de578066882673485bef,0.0,0.008029036243598311,0.0,0.0,0.0,0.0,0.0,0.008029036243598311
0x3bf1628f3486f4c26a3755e8e33739b9d610c5be,0.0,0.0,0.008022737009899427,0.0,0.0,0.0,0.0,0.008022737009899427
0x1ee23c85724d25620e03ed06bdcc00d0a62cef26,0.0,0.008004045962346076,0.0,0.0,0.0,0.0,0.0,0.008004045962346076
0x4cd1f8562243d8715acf220f76bd7d41243edf30,0.00799354919426536,0.0,0.0,9.304667593489698e-06,0.0,0.0,0.0,0.008002853861858849
0x0846c78143bdcf5a6f24e54f9e585b98406de40f,0.0011763996920989722,0.00682293309969767,0.0,0.0,0.0,0.0,0.0,0.007999332791796642
0xd586f628f9e772f0aa9cef090ee6220dcd07fb64,0.0,0.007995038413222062,0.0,0.0,0.0,0.0,0.0,0.007995038413222062
0xb49d4da7e8337874421c38ebbb2aa37a0cf6aa2e,0.0,0.0001460748375958389,0.007842642584760369,0.0,0.0,0.0,0.0,0.007988717422356208
0xccbd326a9ec75476f5ab396880bf9e890d8bdc6c,0.00047048990072409225,0.007513288235680292,2.7599918269313435e-07,0.0,0.0,0.0,0.0,0.007984054135587077
0x6b5cf4dc867ec6fcccb6a34d741983d0b7e097d9,0.007971595961971204,0.0,0.0,0.0,0.0,0.0,0.0,0.007971595961971204
0xb92ec3280324526dcc2366e3273fad65fe69245d,0.0,0.007952086036422935,0.0,0.0,0.0,3.432933514500592e-11,0.0,0.00795208607075227
0x5463b0e73b71f5078f23ad0571d4b1a588746e7e,0.0011763425386230803,0.006774928720768086,0.0,0.0,0.0,0.0,0.0,0.007951271259391166
0x574c96bcb463a9f690aa83f95479e3e9472cc032,0.0,0.0,0.00793424805806005,0.0,0.0,0.0,0.0,0.00793424805806005
0xe16d87c9ca88a1227a34c834b72d48b577abb353,0.0007881063733267879,0.007129902854828232,0.0,0.0,0.0,0.0,0.0,0.00791800922815502
0x655e4696dafe3d07052fb3b7669d62bd549cd8ef,0.0,0.00791518110038587,0.0,0.0,1.7036836772832447e-09,0.0,0.0,0.007915182804069547
0xe3b610be8522a42ac6290c15ac0787297ebfa416,0.0,0.00033374781083166875,0.007580216164130116,0.0,0.0,0.0,0.0,0.007913963974961784
0x552398406eaf406c6a9a52c7d7d3c601e588dc98,0.007903877684805754,0.0,0.0,0.0,0.0,0.0,0.0,0.007903877684805754
0xa2abad715aaf5bdd9df426e02eb1f28b4cb25034,0.007841559524001744,0.0,0.0,0.0,0.0,0.0,0.0,0.007841559524001744
0xb7ff55bf999c21a441e7833b1346dab299762f1f,0.0,0.0,0.0,0.0,0.0028340594705003747,0.0050018076018460865,0.0,0.007835867072346462
0xdded7fdfbe3a150b3d00dbfb59edba78c93bff21,0.007827439363333369,0.0,0.0,0.0,0.0,0.0,0.0,0.007827439363333369
0xd6ac166fa36340f0efff195339429ce1b9bdf2e5,0.0,0.0,0.007812709149084883,0.0,0.0,0.0,0.0,0.007812709149084883
0x6b4fe1f90e65100921260844d486ef59ffcffc0b,0.0,0.007787232576394674,0.0,0.0,0.0,0.0,0.0,0.007787232576394674
0x96b7d14d867cfe460eedd903394f748e78c537b6,0.0077524632889608945,0.0,0.0,0.0,0.0,0.0,0.0,0.0077524632889608945
0xfe09712a04f1ea995c7be367933a06e68d010416,0.0,0.0002634043997071679,0.007455059711400348,0.0,0.0,0.0,0.0,0.007718464111107516
0x6c267b07a6e4cf602011b18b9fe649b667994f9f,0.0,0.007697218794371669,0.0,0.0,0.0,0.0,0.0,0.007697218794371669
0x1d3efb4a7a2006b85e4711e9cffdbc27b83ebe98,0.005294401892571565,0.0,0.0,0.002386484797620324,0.0,0.0,0.0,0.007680886690191889
0x2a0071c9a2e83482415e72c42a2a2eacbc0f0183,0.0,0.007668609581083663,0.0,0.0,0.0,0.0,0.0,0.007668609581083663
0x16c6df039a467f3e3d07ab6cbcdc02e90964ad13,0.0011883839614941793,0.005703014894028178,0.0,0.0,0.0,0.0,0.0007766931261331134,0.0076680919816554715
0xfc01049ce4a2a07fb4c110c0aabd8a2b97820f49,0.0076462266525503765,0.0,0.0,0.0,0.0,0.0,0.0,0.0076462266525503765
0x174d41991a915a5761957684d4d6a63a4223b98c,0.0,0.0,0.007637208792898449,0.0,0.0,0.0,0.0,0.007637208792898449
0x38ba198b9bf9bc3c8d53caf243f8c3f9a88cd709,0.0029499741917531717,0.0046722771462297695,0.0,0.0,0.0,0.0,0.0,0.007622251337982941
0x5b6045362581b1b46730005e9d67f8c4d1c9e60d,0.00760356931661918,0.0,0.0,2.409597352724912e-08,8.826382542310432e-06,0.0,0.0,0.007612419795135017
0x36b199901053c3f20d8aff7fd10cb23246d17c1c,0.0,0.0,0.007608426697664329,0.0,0.0,0.0,0.0,0.007608426697664329
0xf29f7c3a1190ac6abae3ba7d2dc71fe32c833be8,0.0,0.007581183482532026,0.0,1.3101751541789891e-06,2.3083553203618266e-05,0.0,0.0,0.0076055772108898235
0x839a3223cda08fc31f72c6a3f696339dc8a0df5a,0.0,0.007599744303339423,0.0,0.0,0.0,0.0,0.0,0.007599744303339423
0xebddfde0fb047cf0aabc2626ac00244dc0e2e0e5,0.001446483442077861,0.006148813806082393,0.0,0.0,1.7652785556177748e-10,0.0,0.0,0.007595297424688109
0xacacc811fbacd406d50b222194fa99df3dc66c96,1.038100844782858e-08,0.0075857589002927,0.0,0.0,0.0,0.0,0.0,0.007585769281301148
0x23f981e6dc851c85038de131afd0aa6bdec79f03,0.0,0.00753075840374138,0.0,0.0,0.0,0.0,0.0,0.00753075840374138
0xbc39d97a2a83a890ad69f2b8bf78e194dd930035,0.0,0.0,0.00750949895204028,0.0,0.0,0.0,0.0,0.00750949895204028
0xc2c53b1b9c4ecdced7c545795a9cfa3f7912baec,0.007060172576367369,0.00044737912832783667,0.0,0.0,0.0,0.0,0.0,0.007507551704695205
0xff04ef63d7c90959d890c732215d149bba01b3e3,0.007495926530817919,0.0,0.0,0.0,5.605814338845698e-10,0.0,0.0,0.007495927091399353
0x7d2c48765c8552a8f15e3c07e59f97c0a6e84d36,0.0033864608349495513,0.0,0.0,0.0,0.0,0.0,0.004102423629865863,0.007488884464815414
0x75bb3572b96bf5a21be00cf2fbce3c79acd5a03f,0.0,0.007440559509758379,0.0,0.0,0.0,0.0,0.0,0.007440559509758379
0xd931cc8676f79bad732545da35638c0d1e5664e5,0.0,0.007225722598331541,0.00018812714871993612,0.0,0.0,0.0,0.0,0.007413849747051477
0xea68a88aa016ca66e7dec296caf29687625a2f08,0.0,0.0074101769367726856,0.0,0.0,0.0,0.0,0.0,0.0074101769367726856
0x2cd84c5a739c12202fe92b7ce488abf643578a3d,0.004130734804859886,0.0023160981947561317,0.0009607419528972319,0.0,0.0,0.0,0.0,0.00740757495251325
0x76f09502a0828b72992963eb9c16457d489ad052,0.007403189171418278,0.0,0.0,0.0,0.0,0.0,0.0,0.007403189171418278
0x1edce6f32e2cb7a7d408b971e9942967cfbf0cd8,0.0,0.007381663761152024,0.0,0.0,0.0,0.0,0.0,0.007381663761152024
0xc3dab8445c7e67648feb54d2e253e2222b92f7a4,0.0,0.0,0.0,0.00737545865160645,0.0,0.0,0.0,0.00737545865160645
0xf2eeb431a3d03c83c03b362a57d6e26d0bc56363,0.0,0.006994758145162405,0.0,0.0,0.0003742160148425487,0.0,0.0,0.007368974160004953
0x19ca1afc7e385764cf5a38c1e89b91fd6f32b3b2,0.007248875451110513,0.0,0.00011222358638594966,1.5655540731424316e-08,5.610974769925112e-06,0.0,0.0,0.00736672566780712
0x7931cf5e03f2769918a3ba632d7a093ea9de0d62,0.0010654141077177325,0.0062951130162057145,0.0,0.0,0.0,0.0,0.0,0.0073605271239234465
0x4789647a1c49367c11171ffdd89861dff1a1ad6a,0.0,0.007354841212556183,0.0,0.0,0.0,0.0,0.0,0.007354841212556183
0xea8c2091e2b1537b975680480edf6efe3b65eb66,0.00675366875889401,0.0,0.0,0.000574228172531613,0.0,0.0,0.0,0.007327896931425623
0x82af49a6e613a4ccf846789a6e5ca6abf32dc5ae,0.0,0.0,0.0073252995133922735,0.0,0.0,0.0,0.0,0.0073252995133922735
0x037bdb068138f44c2b898a21a3d315ee88840449,0.00731088975354822,0.0,0.0,0.0,0.0,0.0,0.0,0.00731088975354822
0xad5a77c9d1f8868bebdc1689129c39a6b05071da,0.0,0.007294982475762026,0.0,0.0,0.0,0.0,0.0,0.007294982475762026
0x20bc19fd8dfa24d0b48b90dee1ae39f8106fc709,0.0,0.007258659277403013,0.0,0.0,0.0,0.0,0.0,0.007258659277403013
0xf2dfe24775f18d36bce5cc7fb8a2c408c86f2888,0.0007887150997737648,0.006461060957509367,0.0,0.0,0.0,0.0,0.0,0.007249776057283132
0x7cb785a76607a31e0517590d35fec0a32d83bccf,0.0,0.003138453798583039,0.0,5.8511880683176436e-12,0.0,1.924982019460274e-10,0.004106557564093389,0.007245011561025817
0x549244c39880dd29caf15cfff95136e8cb891e3e,0.007225291105158519,0.0,0.0,0.0,0.0,0.0,0.0,0.007225291105158519
0x10cb550996e85d0281448bf366500987b1c045ed,0.0,0.006766902861898457,0.00044289774149425953,0.0,0.0,0.0,0.0,0.007209800603392717
0x3922bf5084fb9abda908d703760754aa9da4b70e,0.0,0.0062394252471767355,0.0007869588942001295,0.0,0.00017473433168187878,0.0,0.0,0.007201118473058744
0x94cd1d5c591dedd39d2bbfc24ebecba05830fa36,0.0008907097703335562,0.005428664195107989,0.0,0.0008759438316338089,0.0,0.0,0.0,0.007195317797075355
0xf52cbefad898a6c3965a9069c0b01278c9ce6a3b,0.0,0.007193110747747803,0.0,0.0,0.0,0.0,0.0,0.007193110747747803
0x529ef526d664771168918b4441d71888fce31627,1.2939768181040255e-05,0.0,0.0,0.0,0.007175004670178683,0.0,0.0,0.0071879444383597235
0x859a54fae4c336a97c3d2bdac44607ca7e8b8b86,0.007174826195285298,0.0,0.0,0.0,0.0,0.0,0.0,0.007174826195285298
0x933cbec54e724f9faf051761062724724039283e,0.0,0.007163081533506863,0.0,0.0,0.0,0.0,0.0,0.007163081533506863
0x75ad46c2530f4fb69674ed2fedbffea7667d15c2,0.0,0.0071593859472419445,0.0,0.0,0.0,0.0,0.0,0.0071593859472419445
0x2bb9b93baf8fb9562441d511397acf8defffa012,0.0,0.007148405967563839,0.0,0.0,0.0,0.0,0.0,0.007148405967563839
0x3aa8440d4625f36a1c2cdd623bf269b820de2afb,0.0,0.007146916090643693,0.0,0.0,0.0,0.0,0.0,0.007146916090643693
0xbe2c69eb3d7b8ee35cbe3a28293472be31179d75,0.0,0.005277509761254889,0.001855046008493683,2.1662009870961691e-07,1.7623978745677131e-09,0.0,0.0,0.007132774152245155
0xfc7fbe5a317d6bae8bd727a1b42fa07e52cea3eb,0.007116156644037323,0.0,0.0,0.0,0.0,0.0,0.0,0.007116156644037323
0xeb5204b26c0e78f4f05ff2cc04fdde17022b6b8c,0.0,0.0,0.005755267031332285,0.0013536669201581436,0.0,0.0,0.0,0.007108933951490429
0x0e7e2e4e482e4054e33b7f312f144ef01aff92e5,0.0066385677459472135,0.0003453241740029088,4.86915308211644e-09,5.1265795537182275e-09,0.00012241260895898563,0.0,0.0,0.007106314524641744
0xfcc2f763f4570d28efa5566417c98afbb314951c,0.007096274741312798,0.0,0.0,0.0,0.0,0.0,0.0,0.007096274741312798
0x372383b5e6cd5e4290a017bb51b565d7feee79e6,0.0,0.0,0.007090078786753444,0.0,0.0,0.0,0.0,0.007090078786753444
0xf0103b1adfd97a0f6da0e1568730a4b4bc96e65c,0.00708314664893295,0.0,0.0,0.0,0.0,0.0,0.0,0.00708314664893295
0x066cabe1566f0a2a362a7f4c2a060f096263af7a,0.007068752535306957,0.0,0.0,0.0,0.0,0.0,0.0,0.007068752535306957
0x51a19c845f5ff8c2163f07d35490b2a8fcb1cd41,0.0,0.0,0.007062193112853107,3.642176490289767e-08,0.0,0.0,0.0,0.007062229534618009
0xca2e8d0adc0f3c3d35e2e464ede4ff2770158285,0.007059560845300659,0.0,0.0,0.0,0.0,0.0,0.0,0.007059560845300659
0x23edade4c72b15bd9b95170fb7da1d6e66923441,0.007057349354218846,0.0,0.0,0.0,0.0,0.0,0.0,0.007057349354218846
0x0eef91aa38f034760feb216af4e6be2cb18a3b01,0.0,0.007057070248143588,0.0,0.0,0.0,0.0,0.0,0.007057070248143588
0x2e5b246fc629404e5b7a10cef1919b4419efe0a9,0.0,0.007057029584910395,0.0,0.0,0.0,0.0,0.0,0.007057029584910395
0x31fe86dadaf5fe01b3a411770338e09ef49553ba,0.007056454259037245,0.0,0.0,0.0,0.0,0.0,0.0,0.007056454259037245
0xc99af0cf28eb01587fa041d2221f248b5bf4b768,0.0,0.007050632487617863,0.0,0.0,0.0,0.0,0.0,0.007050632487617863
0x17f5ce06f297a3c552cffd3186a072ec8a6c887d,0.007042245699017649,0.0,0.0,0.0,0.0,0.0,0.0,0.007042245699017649
0x13930b7da36e9b3c5782b117da3152e11b826e33,0.006660342960948691,0.0003797396087844051,0.0,0.0,0.0,0.0,0.0,0.007040082569733096
0xff33d3d616e7f0c163522b23cda8d38e00ebdbb5,0.0007753059601313082,0.006248981040886325,0.0,0.0,0.0,0.0,0.0,0.007024287001017634
0x592832a5e316b7df3ef4257e3cc47bac7036e6cd,0.007005507905091281,0.0,0.0,0.0,0.0,0.0,0.0,0.007005507905091281
0x9df3b999d2a6b933e44eb8ba390467890269c514,0.0,0.006975309547162426,0.0,0.0,0.0,0.0,0.0,0.006975309547162426
0x4d512aa00b0a6cba4438cf1507d5f3428ab9278e,0.0,0.0,0.0,0.0,0.0069729913411749915,0.0,0.0,0.0069729913411749915
0x29f95aecc3d5ad0c8698dd6dccad71cacb087d2c,0.0,0.0,0.0,0.006971587320683025,0.0,0.0,0.0,0.006971587320683025
0x8629e41e09a6943f183d2484a685610a74ae44ec,0.0,0.006970019408656213,0.0,0.0,0.0,0.0,0.0,0.006970019408656213
0x0e92719a9781a0965029d26576b68b8d962da919,0.0,0.006964571143082676,0.0,0.0,0.0,0.0,0.0,0.006964571143082676
0x832ebea922a092d55da7a1bcfbb48024590db344,0.0022124502254714054,0.004740852841748245,1.053947142380841e-07,0.0,0.0,0.0,0.0,0.006953408461933889
0x1b1eb0e395531760fcf5cdf257fb065df25bd25f,0.0069520718320899766,0.0,0.0,0.0,0.0,0.0,0.0,0.0069520718320899766
0x25bdc071d2377e98228e543b93cb96687f9eb77a,0.0,0.006949494113778278,0.0,0.0,0.0,0.0,0.0,0.006949494113778278
0x9f067b9886ac3feb101b6fc42654f7240fedd798,0.0022648748368089386,0.004628000193363093,0.0,5.616079495318291e-05,0.0,0.0,0.0,0.006949035825125214
0x9c550357be02c95d864473dae1ff3df2d97ea9d1,0.0019420119400841908,0.005005087866328917,0.0,0.0,0.0,0.0,0.0,0.006947099806413107
0xc00ec5064f48432de8c2b3ca01c78c8d6c1eabca,0.0,0.006946638946060342,0.0,0.0,0.0,0.0,0.0,0.006946638946060342
0xe1b2fbcac73e319ef4ebcd96c16bd4063e3ac9de,0.0,0.0003332882795728205,0.006611267756950288,0.0,0.0,0.0,0.0,0.0069445560365231085
0xc6bc64bc02a1ccda9c3a563a3db7bbdd9ab9812c,0.0,0.0,0.0,0.00693472253850157,0.0,0.0,0.0,0.00693472253850157
0xd3e6cccc8b818cf74ed50f9cfd8d4287a530b4ff,0.0,0.006932165445335415,0.0,0.0,0.0,0.0,0.0,0.006932165445335415
0xa9e539debd203ab74dda82a22438e738eee2ec3e,0.0,0.0068469229840409165,0.0,0.0,0.0,0.0,0.0,0.0068469229840409165
0x6181d0c89bc253dc2327797e400e285ae8e6f5e9,0.002350379722944056,0.004496161306544233,0.0,0.0,0.0,0.0,0.0,0.006846541029488289
0xfe885ca6c9aa7a3e10d21f46c3f9d7e9f8810d69,0.0,0.0059234769583626475,0.0009124966824038097,0.0,0.0,0.0,0.0,0.006835973640766458
0x9845bfddb7418448f291e05554a75be52b5f0db4,0.006831439993323768,0.0,0.0,0.0,0.0,0.0,0.0,0.006831439993323768
0xd537a2b2b97d104f2d9c7a84377fc11573629085,0.0,0.006825398476871369,8.665614149403932e-07,0.0,0.0,0.0,0.0,0.006826265038286309
0x08c88e2c07fb2b0ffd9efab47a1a70486fd1aee2,0.006807442662525697,0.0,0.0,0.0,0.0,0.0,0.0,0.006807442662525697
0x7f679d9f7caeeb10473ded398e953fee3b5abec7,0.00431638016630639,0.0024763694583745948,0.0,0.0,0.0,0.0,0.0,0.006792749624680985
0xfa79458667dbc4feeda6aa6cdba90c32c582ca74,5.508261391298282e-09,0.006785953295056796,1.6246477927648983e-07,3.748632428616985e-12,3.936903410352541e-09,0.0,0.0,0.006786125208749506
0x14bf68719667e02c66cf6dc7e3e62acb6e65c02e,0.006770384611399106,0.0,0.0,0.0,0.0,0.0,0.0,0.006770384611399106
0x89d19a0476333ae014994985769dd0567d38078d,0.006756775627927505,0.0,0.0,0.0,0.0,0.0,0.0,0.006756775627927505
0xc42b83fcb96f8852ea053400f3073c2b0ff3c470,0.006748025480319802,0.0,0.0,0.0,0.0,0.0,0.0,0.006748025480319802
0x5a9934c2ad24947bbd1df8c3c60ba01ed0e7a455,0.0,0.006745936736124238,0.0,0.0,0.0,0.0,0.0,0.006745936736124238
0x7d006a0b6eab4bd69fdf4e8e81aa06fa797543a1,0.0,0.0,0.006744156232539778,0.0,0.0,0.0,0.0,0.006744156232539778
0x5741af9d49effc161a14f781119a6c7e1617f558,0.0067339605168647235,0.0,0.0,0.0,0.0,0.0,0.0,0.0067339605168647235
0xc02ed2a48438857357257278e9316f0be3ac4556,0.005194011429216411,0.0015346545925819103,0.0,0.0,0.0,0.0,0.0,0.006728666021798321
0x6a1b09e28a0e26991a6089824fc98b8a2bf36578,0.005425150621163284,0.0,0.0012526950517316616,0.0,0.0,0.0,0.0,0.0066778456728949455
0x21f11ff985c046f6e03b4a8f2ea37844cac14339,0.0,0.006135489057655932,0.0,0.0,0.0005383239547320215,0.0,0.0,0.006673813012387953
0x0414d0a3b55042ed7de07fd503a0f1a935aae45e,0.0,0.0,0.00666486478004786,0.0,0.0,0.0,0.0,0.00666486478004786
0xb540265d939bec9c88c6b1d3711fa8a4d1b3f7eb,0.0,0.0,0.00666021205799382,0.0,0.0,0.0,0.0,0.00666021205799382
0xc85da452913de0b47699df69dd8cb372a3c810d7,0.0018938305792313905,0.004765213026660865,0.0,0.0,0.0,0.0,0.0,0.0066590436058922555
0x2a871020ce2cca7492b21ee2f10a3d1d1f8bcbd7,0.0,0.006656577277374217,0.0,0.0,0.0,0.0,0.0,0.006656577277374217
0x34e7511c3714d01225be8223e7b89cd0e870d0bc,0.0,0.0,0.0,0.0,0.0,0.0,0.006649197343494856,0.006649197343494856
0xde3b4d1b4a54ad60561fefcabb5b6870a27f8156,0.0007643637723704127,0.0,0.005865409673740853,0.0,0.0,0.0,0.0,0.006629773446111266
0xd240cef9286c4296b9ddf2c8ce04dc11443e536a,0.0,0.0,0.006629364211026984,0.0,0.0,0.0,0.0,0.006629364211026984
0x23c5fc38090643b410c8c06c4c0f3246059e98ee,0.0066234744050184605,0.0,0.0,0.0,0.0,0.0,0.0,0.0066234744050184605
0xb78cd9480bf4a747f2e6d4d6bede8fce48dc22f9,0.00473925189575232,0.0018535620652321162,0.0,1.2993652749520282e-12,3.5083420176500905e-10,0.0,0.0,0.0065928143131180035
0xf761a551b842c21b6e90a52274ead75e41cbadbf,0.0,0.006591150079147575,0.0,0.0,0.0,0.0,0.0,0.006591150079147575
0xc7cbc56828686b5509a337a7281d8b6e55622803,0.0007629287327774155,0.005827273372543652,0.0,0.0,0.0,0.0,0.0,0.006590202105321068
0x1c293e5d1196530d1bd4f1adc59a0fe8d0aeb336,0.0,0.006587846942914157,0.0,0.0,0.0,0.0,0.0,0.006587846942914157
0x8a7287ce985bd82e773c00c9fe8e9c5e5b02b283,0.00030930314719998015,0.006274458869409047,0.0,0.0,0.0,0.0,0.0,0.006583762016609027
0xc510a17202d9e5720d43d0306cccfa780163a7ae,0.006576323171281862,0.0,0.0,0.0,0.0,0.0,0.0,0.006576323171281862
0xa50488e81d589ed7c01b30061c9eb8b2e390568e,0.0,0.006575996704047813,0.0,0.0,0.0,0.0,0.0,0.006575996704047813
0xdefdae6c629e7c06f5728b2c3ae39aec63d44fe9,0.0,0.006572240888191928,0.0,0.0,0.0,0.0,0.0,0.006572240888191928
0x05d8fa8346470be95c8fa94300ccb313c0775c6c,5.5569769819916956e-05,0.0065061261397912655,0.0,0.0,0.0,0.0,0.0,0.006561695909611183
0x79396fb62bb0b38bcb73eedf19d2e97e671935b7,0.0006742952587384293,0.005789226418034814,0.0,0.0,9.696053578804264e-05,0.0,0.0,0.006560482212561286
0x87a9756d8eeb60e662b87da5b895762274395c73,0.0018004596490579531,0.004737628594169485,0.0,0.0,1.3242952826043203e-06,0.0,8.925936528226425e-06,0.006548338475038269
0x09c210aaaf9d3e3828f26c91f9e6e73e9faab4ec,0.0007057466283914171,0.005841402422311495,0.0,0.0,0.0,0.0,0.0,0.006547149050702912
0xfb0f768f4b045f527f80f1949d0d89568ba40e81,0.0,0.006534255965304058,0.0,0.0,0.0,0.0,0.0,0.006534255965304058
0x809d22ca02c66c46441e402eb9ec7c49f54d79ba,0.0,0.006515945800644991,0.0,0.0,0.0,0.0,0.0,0.006515945800644991
0x0147a2d38acc12b88432f49b9a1dac86f6793220,0.006503453547910578,0.0,0.0,0.0,0.0,0.0,0.0,0.006503453547910578
0xca04f840acbb243d53efac3df6d48494635e9d85,0.0,0.006500492613939075,0.0,0.0,0.0,0.0,0.0,0.006500492613939075
0xad9ede4e63a185eac70ed3c3a5586fe2ca1bb701,0.0,0.00649576457328939,0.0,3.6898588041761496e-14,0.0,0.0,0.0,0.006495764573326289
0x8b98014819f95dfa353c69addf4e89a9b895c9c1,0.0,0.006489737500368772,0.0,0.0,0.0,0.0,0.0,0.006489737500368772
0x0dddee6d6d18892315ce510577e09b7fb49d85ca,0.0,0.006483706100677044,0.0,0.0,0.0,0.0,0.0,0.006483706100677044
0x8a1a1b3224e07687859ebed2bc1864de225dcfc0,0.0,0.0031914961144174194,0.0032800563226895096,0.0,0.0,0.0,0.0,0.006471552437106929
0xb0bdf70361fc5bbd825ec5e4ea1ccd87281acc46,0.0,0.0,0.006467081501137477,1.463465672000277e-13,1.6297157985803232e-10,0.0,0.0,0.006467081664255404
0x090b05ed8d4f87783830dd82fdf56722c6f17355,0.0,0.0064652340909116205,0.0,0.0,0.0,0.0,0.0,0.0064652340909116205
0x831e4ecf60dd9727d30c3610fa15ad52fa1ff54f,0.0,0.006464342766175088,2.922292874649177e-07,0.0,0.0,0.0,0.0,0.006464634995462553
0x9fb8d3dca885d867f7dafb0d5078f12b3ec4c0d5,0.00575864534921753,0.0006917428282769485,0.0,0.0,0.0,0.0,0.0,0.006450388177494478
0x5705db9a0cac776357ec6f1d1eb18d935f6d2120,0.0,0.006446955388321586,0.0,0.0,0.0,0.0,0.0,0.006446955388321586
0xb64e41c5f1999e4c90a227574079cc18bdf56a91,0.0021013189620637685,0.0,0.0,2.9922744179542592e-06,0.0043407612790598545,0.0,0.0,0.006445072515541578
0xa853940a3ab810d422568ee5adb37c9a15eed3e0,0.001266190533071252,0.005175127175592796,0.0,0.0,0.0,0.0,0.0,0.006441317708664048
0xf08768834581b00cfff554bdb9a2bb8960fddf3a,0.0,0.0,0.006428731534974424,0.0,0.0,0.0,0.0,0.006428731534974424
0xa250155d36fe550d2c3c7a7a61b9a97c3ccffd68,0.0,0.0,0.0,0.0010151451013781533,0.005410595487182843,0.0,0.0,0.006425740588560997
0x5ff970e09e0f80ed37570b36cb2f7bddcf494f20,0.0,0.006383948342123181,0.0,0.0,3.7672396265383714e-05,0.0,0.0,0.006421620738388565
0x62440301842152ab442d02e36909337d1aa79f5f,0.0,0.00641509453343692,0.0,0.0,0.0,0.0,0.0,0.00641509453343692
0x68c81fdf2c21b333495408b83514f4006f6768c4,0.0,0.0,0.0,0.0,0.006404798425209996,0.0,0.0,0.006404798425209996
0x66254525ad139c1fefe5a69cc5bf7842ce51f6f1,0.0,0.0063972189185102475,0.0,0.0,0.0,0.0,0.0,0.0063972189185102475
0x5f9eecef60e5bda41b24eeb050e14162656891ba,0.0,0.0063716167483762656,0.0,0.0,0.0,0.0,0.0,0.0063716167483762656
0x9df3995c809ad68ace0ffa2e87902747d8d1782f,0.0,0.006366930114444626,0.0,0.0,0.0,0.0,0.0,0.006366930114444626
0x9a1654a15ccd68d04b353c7ea8d5791a9316c2f6,0.0023535071877883143,0.0,0.004012234227313661,0.0,0.0,0.0,0.0,0.006365741415101975
0xe27d9e71a92eb928d033194987be22998b336068,0.0,0.0027926690458843694,0.0,0.0,0.0,2.8623380380635583e-05,0.0035246251915786353,0.00634591761784364
0xa807bedb589a397bcb904711b43ebc676273078b,0.0,0.006333442906800371,0.0,0.0,0.0,0.0,0.0,0.006333442906800371
0x4e1e9258b7818cba88ada9d1814653e1ae825226,0.003896408724360679,0.002431679609837863,0.0,0.0,0.0,0.0,0.0,0.006328088334198542
0x58c164c969ea2d2a3ba98f19e10d5fa4aaf916a0,0.006327589489647892,0.0,0.0,0.0,0.0,0.0,0.0,0.006327589489647892
0x537249f770cb3148ab063a83b70ac7308d457748,0.0,0.006324665027518828,0.0,0.0,0.0,0.0,0.0,0.006324665027518828
0x592d164610bafe4546b22d766852c9ebe68f4194,0.0,0.0053991445255013384,0.0009241465024465504,0.0,0.0,0.0,0.0,0.006323291027947889
0x3d20435331a1f0731af9c5a606c0d77f28021b3d,0.0,0.006318781952520927,0.0,0.0,0.0,0.0,0.0,0.006318781952520927
0x0f655a8cd689420d6c5534f4b4c6f2b65c7feafb,0.0,0.006311290295936083,0.0,0.0,0.0,0.0,0.0,0.006311290295936083
0x1b032b4f150c12d9d2423341e2d0fb76fa124cfc,0.0,0.0,0.0,0.0,0.006301247775117851,0.0,0.0,0.006301247775117851
0x9c7e914ae494d7c8d7076953d7a02ad8531b3616,0.00013621216181610685,0.003303649208822953,0.0,0.0,0.002858888544454844,0.0,0.0,0.006298749915093904
0x62c38bf8b45431ee7d4bf9e8e7995b577318defb,0.0016099090480288585,0.004634641614348132,0.0,0.0,5.393615152541872e-05,0.0,0.0,0.00629848681390241
0x53e108aad9e8756b41444a050069a82239805210,0.0,0.006294442973328525,0.0,0.0,0.0,0.0,0.0,0.006294442973328525
0x0909c4f2d04055e73fb2009e8f95130d3e4da2ed,0.0,0.006293698565439855,0.0,0.0,0.0,0.0,0.0,0.006293698565439855
0x6bdb16eaaae8d4326cc5e917ec63e72d09fc3b5e,0.0,0.00628340496644742,0.0,0.0,0.0,0.0,0.0,0.00628340496644742
0x0162a6c42e78268d1af8e266c203d700c67bd3d9,0.001644795748935923,0.004625271944678024,0.0,0.0,0.0,0.0,0.0,0.006270067693613947
0xe4caf31cf6293264ea9aa062d90bd7ca200bc480,0.0,0.0,0.006254525856887393,0.0,0.0,0.0,0.0,0.006254525856887393
0x9155edc011c8345cb63a1fe2808c3b7177fc458b,0.004964384086873641,0.000510712367445665,0.0,0.0,0.0007645167020867764,0.0,0.0,0.006239613156406082
0xe76f1230c61160206306cb55e524d5843bad697a,0.001180918029877969,0.005045631030353992,0.0,0.0,0.0,0.0,0.0,0.006226549060231961
0x882b2046a8945e94585fe3793eb81f018a61b8c5,0.0,0.0062186152966407175,0.0,0.0,0.0,0.0,0.0,0.0062186152966407175
0x38d9f80c80bf678bac81fca15e5190f7e186b4a6,0.006205002408585053,0.0,0.0,0.0,0.0,0.0,0.0,0.006205002408585053
0xa7793b5095626d8e14a7e8944c9b2eca9f7279ce,0.0006997801132923328,0.005500314959902078,0.0,0.0,0.0,0.0,0.0,0.006200095073194411
0x9ac70efddb961df184c328c52441ea161297505e,0.0,0.0,0.0061908193470474005,0.0,0.0,0.0,0.0,0.0061908193470474005
0x556d539002b19c923a08f664564f2ec6aba5681e,0.005931768727395187,0.00025326001782260895,0.0,0.0,0.0,0.0,0.0,0.006185028745217796
0xfaa55731c26143303360d72ce0186b307a5bae9f,0.0,0.006167160046318328,0.0,0.0,0.0,0.0,0.0,0.006167160046318328
0xe0c9e7d9a98b3450062d7c79fde5c246ed277f5c,0.0015250693143916336,0.004638459225857891,0.0,0.0,0.0,0.0,0.0,0.0061635285402495245
0x7110184ecee7674db3ddf88132c034592850bfc7,0.0006958558623825108,0.005466745268731029,0.0,0.0,0.0,0.0,0.0,0.0061626011311135395
0xcfa628e80513b38169dc986f4e71951de99699c9,0.0,0.0,0.0,0.0,0.0,0.006158779370673439,0.0,0.006158779370673439
0xc2b3e647fb8ede1fa8bb513c62d4d305ae9d7028,0.0,0.006151117552820785,0.0,0.0,0.0,0.0,0.0,0.006151117552820785
0x28883a80c699c0e8edee3b85b53da66ccbf6d895,0.0,0.0,0.006143486972758022,0.0,0.0,0.0,0.0,0.006143486972758022
0x7f8cd6a535072ac099623a879cf93cbdaa4f513d,0.0005294070829829408,0.0,0.005610162446827902,0.0,0.0,0.0,0.0,0.006139569529810843
0x40137e45e9d35b260ba82eaf4df43c6b1e1662d2,0.0,0.006125952732449148,0.0,0.0,0.0,0.0,0.0,0.006125952732449148
0x0de7ed75b2d21ea80b06d9cdbaf60681b2343888,0.0,0.0,0.0,0.0,0.006103064584379643,0.0,0.0,0.006103064584379643
0x48d2d4c763aed40bf2edb0388dcdd4803f936bc5,0.0,0.0060979880080807005,0.0,0.0,0.0,0.0,0.0,0.0060979880080807005
0x219eb04aaf7a0862c78d0f366dcc986805b0fb1b,0.0,0.0,0.006083724840594604,0.0,0.0,0.0,0.0,0.006083724840594604
0xddacadd4681a5a8e7b03799e98090c7728168c2e,0.0,0.006063320558979533,0.0,0.0,0.0,0.0,0.0,0.006063320558979533
0x89425a801dbbacd4562638161198b6d3b85a314c,0.0,0.0009092207182675348,0.005147845709585811,0.0,0.0,0.0,0.0,0.0060570664278533455
0x281caa39d1877057f29ba185a7bdc9b66edaff87,0.0012559732773102226,0.004787693205377222,0.0,0.0,0.0,0.0,0.0,0.006043666482687445
0x4a111395c2b45f810c9571b5394f043e8e1ec3ff,0.0,0.00603336889410237,0.0,0.0,0.0,0.0,0.0,0.00603336889410237
0xfbc6809144a37ab60f221505ddf91c4dbd376b7a,0.006024801920572695,0.0,4.929433725582602e-09,1.1419987048163696e-13,0.0,0.0,0.0,0.00602480685012062
0xe66fbc8be19bd6b60a7fdc743a1019435ee0a04f,0.0,0.004359864604064501,0.0016379339382749775,0.0,0.0,0.0,0.0,0.005997798542339479
0x42ffcfbda75e723912b2d64418bea086df7ba3ce,0.0,0.0,0.005991152465427355,0.0,0.0,0.0,0.0,0.005991152465427355
0x6465599be194371e842d7c35a1d72ea1318e4137,0.005963027388215414,0.0,0.0,0.0,0.0,0.0,0.0,0.005963027388215414
0xff644f5e607f7b7d3350dcd2351e3b23059f57c7,0.0,0.0,0.005927709056354512,0.0,0.0,0.0,0.0,0.005927709056354512
0xb83fb72f610b6014bd6ba29c9ef929c29ade6a9b,0.005911917876559869,0.0,0.0,0.0,0.0,0.0,0.0,0.005911917876559869
0x6fe7f3bc9a5f94a0a4bb3513ce23c8a2a17fc367,0.0,0.0,0.0,0.0,0.0,1.1263899570919463e-10,0.005911280224339665,0.005911280336978661
0x508b0907701dfad406bc80e7833fd60e267e26bb,0.005513840371087243,0.0,0.00039655545809606785,0.0,0.0,0.0,0.0,0.005910395829183311
0x77f2191db45d2f5c8904da2e9ca1a682d8a1434e,0.0059096103175407585,0.0,0.0,0.0,0.0,0.0,0.0,0.0059096103175407585
0x549993785b44886eb72d7abfb3bc040179aa29db,0.0,0.005876007441449742,0.0,0.0,2.667327024445964e-05,0.0,0.0,0.005902680711694201
0xe0253e4a43affb626950bfd091965e3a5cb4508b,0.0,0.0,0.005902062381039984,0.0,0.0,0.0,0.0,0.005902062381039984
0xaf057d542a5da983a8a89e1eb615f9d7f9c209be,0.005899954298742672,0.0,0.0,0.0,0.0,0.0,0.0,0.005899954298742672
0x55db0e580a95725cf97368efb15125fb2e94afdb,0.0,0.005898365157386618,0.0,0.0,0.0,0.0,0.0,0.005898365157386618
0x5ee26623c9ba9551617e4047df2793679ce82093,0.005896122741296394,0.0,0.0,0.0,0.0,1.0928980319489992e-08,0.0,0.005896133670276714
0x45f707e26a18547192820dcf01a05ad2712dadb4,0.0006563940743717997,0.005239293230267067,0.0,0.0,0.0,0.0,0.0,0.005895687304638866
0xf04fdb19ac508504293fde946aea097e1ff6ef0b,0.005881712809563527,0.0,0.0,0.0,0.0,0.0,0.0,0.005881712809563527
0x2d56c87356589f6b62f4dede1b069e909c7db893,0.005881712809563527,0.0,0.0,0.0,0.0,0.0,0.0,0.005881712809563527
0x9ae435f5c8dd41fdbc07c8f67a4fdef3e6d26f6c,0.0,0.005879318727456456,0.0,4.198002291798063e-09,0.0,0.0,0.0,0.005879322925458748
0x6be56b333916be1256b5a76bce2778deed8a18e7,0.0,0.005875452757973364,0.0,1.8057815137803326e-08,0.0,0.0,0.0,0.0058754708157885025
0xb22058a4c1656c3adee6d5cb66d3a7cec118a40e,0.0,0.0,0.0,0.005874423916746299,0.0,0.0,0.0,0.005874423916746299
0x5cb656d7605d9924c085fc859585f3ff2f7ad08f,0.0,0.0,0.0,0.00587208860375975,0.0,0.0,0.0,0.00587208860375975
0x6681cc695119af121fd7cc81ef5c3b7a8762b23a,0.0,0.005856028977338283,0.0,0.0,0.0,0.0,0.0,0.005856028977338283
0x07efb3e6e80cf117d65b5a7dfe2ca243587fd5a2,0.0,0.0058321309611221025,0.0,0.0,0.0,0.0,0.0,0.0058321309611221025
0xb93ddcd31a64d79fecd0f2dda3accc451fafbed7,0.0,0.005830445260560676,0.0,0.0,0.0,0.0,0.0,0.005830445260560676
0xf42c8551dcd7cbb6a67d9885b3f92726fecfdee9,1.176224939418809e-13,0.00582645953445153,0.0,0.0,0.0,0.0,0.0,0.005826459534569153
0x81762e633e2ff343422e65a5d67ec6ace60bbe65,0.0,0.005825794837593335,0.0,0.0,0.0,0.0,0.0,0.005825794837593335
0x5e2c954e2cd5955600e67a0c5082ff93c06be13f,0.005823620466570687,0.0,0.0,0.0,0.0,0.0,0.0,0.005823620466570687
0x5461ef36bdf969e8ff4a6118d0464697d646fbc1,0.005822875349949615,0.0,3.8068242903688666e-07,0.0,0.0,0.0,0.0,0.0058232560323786525
0x0333f6c7b94c154f8c3d8f89cc34523103aab704,0.0,0.005816751762999125,0.0,0.0,0.0,0.0,0.0,0.005816751762999125
0x4a2bf5f73874be0d401128023e4bc75430d96e32,0.005813769531890325,0.0,0.0,0.0,0.0,0.0,0.0,0.005813769531890325
0x6c32edf5606cd81167e4d9bc4d2f4680b08def14,0.0,0.0,0.00581324991007755,0.0,0.0,0.0,0.0,0.00581324991007755
0x91056d79d35d604526a10569f854b4df4fc2ae82,0.0,0.005802388462472216,0.0,0.0,0.0,0.0,0.0,0.005802388462472216
0x28b46fd99b27efa307075ad71e1bd7c4df4961b2,0.0,0.005794430308278784,0.0,0.0,0.0,0.0,0.0,0.005794430308278784
0xc256af132ae488ff25b8d80d459600ae3ed87d83,0.0,0.0057797262064959555,2.2605550456407984e-07,0.0,0.0,0.0,0.0,0.00577995226200052
0x073b219be8cd4732a9724de8c8aa6b2099380eb2,0.00011762249358772072,0.005614337424918275,0.0,0.0,0.0,0.0,0.0,0.005731959918505995
0xcee10cc0c025d962b31679e58f36aa1de2b6c752,0.0,0.004636437429635906,0.0,2.9675081600710485e-05,0.001063233960811387,0.0,0.0,0.005729346472048004
0x79914d9a188bf0f2eed3010fdf58500407d71792,0.005725649912653226,0.0,0.0,0.0,0.0,0.0,0.0,0.005725649912653226
0x2224e025ff675d435c739c15689df32d3108e824,0.0021154050661322497,0.003610174738112868,0.0,0.0,0.0,0.0,0.0,0.005725579804245118
0x67bf3ecb7657c0fa99296b7c09678ff225965b9f,0.0005763470149842807,0.0051460264536710865,0.0,0.0,0.0,0.0,0.0,0.005722373468655367
0x0180bd56393851a46fab05ae627fb574dadb5049,0.0,0.0057035490940955825,0.0,1.9868236098061024e-07,0.0,0.0,0.0,0.0057037477764565634
0xbe0919b111eb9348331b46db1c76b8b079d1ae86,0.005702462637907541,0.0,0.0,0.0,0.0,0.0,0.0,0.005702462637907541
0x8451a7dc994b49a188456e1ebaa323a9809862a3,0.0,0.004636341408463967,0.0010536541566870863,0.0,0.0,0.0,0.0,0.005689995565151053
0xcb80ef9c2314d526c3859404e922a2b84f92eee7,0.0007444798137437439,0.004945093547609041,0.0,0.0,0.0,0.0,0.0,0.005689573361352784
0x70ff4cb75ed79ed36020db4d65c5cab777538df4,0.0,0.0,0.0056881656684663025,0.0,0.0,0.0,0.0,0.0056881656684663025
0xa66eca0e7a4608ab80034713924cd4fffdbb884b,0.0019487255177509416,0.003695094703491075,4.2430978062639896e-05,0.0,0.0,0.0,0.0,0.005686251199304657
0x7a20fdbca42ef41771e9a6df15fc22d307d4bc71,0.0,0.0008286287159520412,0.0012155193062896505,0.0,0.003634276742097928,0.0,0.0,0.00567842476433962
0x96adf8dfecb38d2c660a4927650ea6cde5e7fff5,0.0,0.0,0.005671998487063425,0.0,0.0,0.0,0.0,0.005671998487063425
0x4208eccab75ad99ef9816fb4cfb7f5ff65751b66,0.0,0.005657806325962807,0.0,0.0,0.0,0.0,0.0,0.005657806325962807
0x066f6ff2b51414529c421a89a0068cde229475c7,0.0,0.00564315050845218,0.0,0.0,0.0,0.0,0.0,0.00564315050845218
0xbd8c5265ece172173de59aad1308eb8ce63866e1,0.0,0.0056405441949764525,0.0,0.0,0.0,0.0,0.0,0.0056405441949764525
0x43dde0de07843f0e4bde81293ae67cd8c07e6482,0.0,0.005637224111969994,0.0,0.0,0.0,0.0,0.0,0.005637224111969994
0x7197804c5d879bbb565153b5a81f3f50fd86fca9,0.0,0.0,0.005618959720749278,0.0,0.0,0.0,0.0,0.005618959720749278
0x8b45960b3d2957b6c7450c5b7a74b8fc28a1114b,0.0,0.0,0.005618756517769033,0.0,0.0,0.0,0.0,0.005618756517769033
0x62e34922dcaf27bb421f918f0e42969aa1ac9bc8,0.0,0.0,0.005607376914483287,8.413881241117638e-06,0.0,0.0,0.0,0.005615790795724405
0x1035e2470a979d8ee5af95dafda343f2d35d2be0,0.0,0.005614161823037905,0.0,0.0,0.0,0.0,0.0,0.005614161823037905
0x4bdd7751dda57af87fed5e838a4f5c5371fd1b4d,0.0,0.005224221865915247,0.0,0.0003847865370994686,0.0,0.0,0.0,0.005609008403014716
0x0d281edc38079a4ecb0abcb81c6243f4c1c9f262,0.0024397753895677374,0.0031654196483281425,0.0,2.131134594809539e-06,0.0,0.0,0.0,0.005607326172490689
0xe1e677197702471b4fb57fa46bef81472b1e3fff,0.00025618074449473046,0.005350951690200807,0.0,0.0,0.0,0.0,0.0,0.005607132434695537
0xb544d930eff8c98afde251e80646ed3bac8794d1,0.0,0.0,0.005601690141122943,0.0,0.0,0.0,0.0,0.005601690141122943
0x7cb0d6e0f478d1491484d92653000ad30a1c904a,0.0,0.005587818715117296,0.0,0.0,0.0,0.0,0.0,0.005587818715117296
0x3e784587148a10571b5f057d0c0b72de12354efc,0.0055864923522330545,0.0,0.0,0.0,0.0,0.0,0.0,0.0055864923522330545
0x6af58ced7d0e5162aae77aa05b7eb6cb026ef60b,0.0,0.005544042998272411,0.0,2.9181993487979503e-05,0.0,0.0,0.0,0.005573224991760391
0x3fdfe2e82c8758d52ee7d3eddf5ec69b8c25eac5,0.0,0.00556347694645409,0.0,0.0,0.0,0.0,0.0,0.00556347694645409
0x7df73e27e6df1d34cbdcbc0f31002f83312d4f54,0.0,0.005562635385712421,0.0,0.0,0.0,0.0,0.0,0.005562635385712421
0xc8640e293667fb614596a9e404b5127e0670a3fc,0.0,0.005557845783406903,0.0,0.0,3.521152740089927e-09,0.0,0.0,0.005557849304559643
0x8debefa1de32fdc6e0b27f6cbea97183b483f749,0.0,0.005504849274784704,0.0,5.0717098907591335e-05,0.0,0.0,0.0,0.005555566373692295
0x93d3872237dfa413c1cb4dcd5bc7553bafe5a354,0.0009290291244658748,0.004620273178388827,0.0,0.0,0.0,0.0,0.0,0.005549302302854702
0x405042ef31a1dbf6f12de8052213351db156a5ef,0.0,0.005547467648443163,0.0,1.5418196720047252e-06,0.0,0.0,0.0,0.005549009468115168
0x1f0a81036c859c5e798771ef80b1cff9278b1cef,0.0,0.005537478221407937,0.0,0.0,0.0,0.0,0.0,0.005537478221407937
0x5bb1f71095f8a5e6fd09bd34bf1e3f721891cb73,0.0,0.00551905436601097,0.0,0.0,2.910390405623216e-09,0.0,0.0,0.005519057276401375
0x7cd5fec6fe7a517886296bd7bd4777e74e8cd827,0.0,0.005515084548795141,0.0,0.0,0.0,0.0,0.0,0.005515084548795141
0xfa02ffdbedaae966e1aaad69004f0d9ae8bc4364,0.0,0.0,0.005513762154030837,0.0,0.0,0.0,0.0,0.005513762154030837
0x1fe82bea7aa95e9595777a10712a4a60bcf9c6be,0.0,0.005500855082249725,0.0,0.0,0.0,0.0,0.0,0.005500855082249725
0x39c302b0e2ab46ee731c9d90c58ac4ca3ec4f584,0.005491941514379202,0.0,4.821920397234166e-10,0.0,0.0,0.0,0.0,0.0054919419965712415
0x3605588516fa4ca50bbe2ae50fd25f19602a347a,0.0,0.005481443862252526,0.0,0.0,0.0,0.0,0.0,0.005481443862252526
0xc9754c3bcfd3fd6ddc263c1c6515da1cbb3cb65e,0.0054710563775006,0.0,0.0,0.0,0.0,0.0,0.0,0.0054710563775006
0x5ec9d3bbd7ae5d470b2acb98ea7c3d72dcc070eb,0.0,0.0,0.0,0.0,0.005467733732244394,0.0,0.0,0.005467733732244394
0x5a8e89c757bcc648462cfc961ebd77152aa221fa,0.0,0.005460744989790036,0.0,0.0,0.0,0.0,0.0,0.005460744989790036
0x07203732247b14fe97f473ade1ef2af563196cfe,0.0,0.00545567200433337,0.0,0.0,0.0,0.0,0.0,0.00545567200433337
0x3f4e257b3c77a1293934cc565e16046c6c5dc30c,0.0,0.00545529885941605,0.0,0.0,0.0,0.0,0.0,0.00545529885941605
0x515a2726293126d299f5946b5e1815aa2cf26ad9,0.0,0.0,0.0,0.0,0.005453349619707215,0.0,0.0,0.005453349619707215
0x97ddb4eae240cc7d1c19b391aab705ab4de1accd,0.00545162992438475,0.0,0.0,0.0,0.0,0.0,0.0,0.00545162992438475
0x091df0a830c0de4a088bf8645891be019fd5c65d,0.0,0.005442045918610531,0.0,0.0,0.0,0.0,0.0,0.005442045918610531
0x257a3574da2677faec2af8d06860462acf2c8f63,0.0,0.005438421968274191,0.0,0.0,0.0,0.0,0.0,0.005438421968274191
0x40e792051a1c3c2aa8cbb15c075092f66ec89cbf,0.0014560301161404188,0.003971008902670956,0.0,1.6380703964938545e-06,0.0,0.0,0.0,0.005428677089207869
0x87dc8e73fdd87f8d6c8980419f38a93a32463062,0.005424367177252524,0.0,0.0,0.0,0.0,0.0,0.0,0.005424367177252524
0x449606ea3343533351c55eb96cb814eb07a51b8e,0.0,0.005423178802671002,0.0,0.0,0.0,0.0,0.0,0.005423178802671002
0x29a3988b1412f337341322c25480a56611b21b69,0.00090595855217057,0.004517158997082261,0.0,5.592217233583248e-13,2.1538483598989522e-10,0.0,0.0,0.005423117765196888
0xe5bc1b2ddf84f78ecebb1c033ac41ac5aea1635e,0.0,0.004523314090394804,0.0,0.0,0.0008974689902043735,0.0,0.0,0.005420783080599178
0xaa7b75d1cb91b1f261eaae69edc8899da7cc373d,0.0,0.0,0.00540680000468632,0.0,0.0,0.0,0.0,0.00540680000468632
0x0ea8e754faca30bf924d8143b32b8041eefda5ca,0.00539501878570385,0.0,0.0,0.0,0.0,0.0,0.0,0.00539501878570385
0x2dbf1ad5f1dce19ff0ef3bec63d8e7b15718fa6f,0.0,0.0033951876863626174,0.001997773184624558,0.0,0.0,0.0,0.0,0.005392960870987175
0xe7930252f8c5f0b590401ef86c935fd3dd024c5f,0.0,0.0,0.0,0.005390636393293181,0.0,0.0,0.0,0.005390636393293181
0x12bdfca7d90c76452661f3fa0ecaa2ee3db25fb1,0.0,0.0,0.005384773104258361,0.0,0.0,0.0,0.0,0.005384773104258361
0xce9676a73d91c5a30c84b141cc2d81a2821ed20b,0.0001401447576891803,0.0,0.005223678431836048,0.0,0.0,2.027512317154081e-05,0.0,0.005384098312696769
0xc415b2547255ec08862408a7a6c881294224647d,0.0,0.0,0.005381699215875185,0.0,0.0,0.0,0.0,0.005381699215875185
0x5188f293b473e65bddc60684f07e9f3c45cc4a59,0.005378440818549073,0.0,0.0,1.7241977393355195e-13,0.0,0.0,0.0,0.0053784408187214925
0x3295cb24caf286a5ccc2410e4e7376a7a22ef1e9,0.0,0.005147202422981378,0.00020905309173315387,0.0,0.0,0.0,0.0,0.005356255514714532
0x53da01a5e7b4bb9fd42e8ca75d1b76a5b32bc58c,0.0,0.0053499115468540045,0.0,0.0,0.0,0.0,0.0,0.0053499115468540045
0x2904d1cba9e5aabec866d2787c5eeb9c45c4537e,0.0,0.005341270334564063,0.0,0.0,0.0,0.0,0.0,0.005341270334564063
0xcc6915c80d1c56212f88c9c5f1083521d3848603,0.0013405141660656897,0.00399761006211658,0.0,0.0,0.0,0.0,0.0,0.00533812422818227
0x7b6c27e6f26b762fb2092279679e58769f4890a8,0.0006438568628246444,0.004694224782130329,0.0,0.0,0.0,0.0,0.0,0.005338081644954973
0xe9ddf334e4eb9c394bbb71025e103316d4764ee3,0.0,0.0,0.0,0.0,0.005333518660173765,0.0,0.0,0.005333518660173765
0x120b075d9794bbe4eb86e1517290a788a5b8ad00,0.0,0.0012729401565416756,0.0038892569021019476,0.00015896038817347964,0.0,0.0,0.0,0.005321157446817103
0x98e073b579fd483eac8f10d5bd0b32c8c3bbd7e0,0.005297775938389284,0.0,0.0,0.0,0.0,0.0,0.0,0.005297775938389284
0x2a2cf0492ee2664d1da48f24a07eda0843a32260,0.0,0.005293559885881585,0.0,0.0,0.0,0.0,0.0,0.005293559885881585
0xa6bc5418813729e52a5d12a466744ee90e6b41b6,0.0,0.0052744712023511066,0.0,0.0,0.0,0.0,0.0,0.0052744712023511066
0x80fc4e3dd33e0be7eca8d7c3e712792f2ba7fb53,0.0,0.0052653615592728655,0.0,0.0,0.0,0.0,0.0,0.0052653615592728655
0x338d6068db894a01c52626b59cbfdb158ffc9db8,0.0,0.005263326693145416,0.0,0.0,0.0,0.0,0.0,0.005263326693145416
0x9b940d018872c21d0883da07d13ca2ad6c03e5e5,0.0005881101178480451,0.0044836152092388,0.0,0.0,0.0,0.00018136756507829786,0.0,0.005253092892165142
0x752579c6cb68f413eaa193478d984ef84773fd76,0.0005906185770544058,0.004656199386373509,0.0,0.0,0.0,0.0,0.0,0.005246817963427915
0x92a8d75f6e0f47128a60aa03f5d52ca2ae2a3c12,0.0,0.005238127332853979,0.0,0.0,0.0,0.0,0.0,0.005238127332853979
0x9fefc6c1500378a6b5712c83e63f32bdb01eafb5,0.0,0.0,0.005221711701028621,0.0,0.0,0.0,0.0,0.005221711701028621
0xc8c04b92a6aa653aaf72ab65d626aa70b0700b3c,0.0,0.0052089964664135645,0.0,0.0,0.0,0.0,0.0,0.0052089964664135645
0x74b1f196db8fa4514f7b003ba8ce6e5112714e20,0.0005870303428825635,0.004616760462398964,0.0,0.0,0.0,0.0,0.0,0.005203790805281527
0xaeb224a7266aa41aa04d32e7dfead386ea769eba,0.005182202033788453,0.0,0.0,0.0,0.0,0.0,0.0,0.005182202033788453
0xa4d579e392c0cd31c1ae5dae3bdecc1aa42acdf2,0.0,0.0,0.005178804313656978,0.0,0.0,0.0,0.0,0.005178804313656978
0x1279697ff2648bb1437d07bd3fc21e0d989f5334,0.005171722335595937,0.0,0.0,0.0,0.0,0.0,0.0,0.005171722335595937
0x74c0a7d94ce0290803a3f47fab1ea36f2d76d6a4,0.0,0.004689756060324202,0.0004616898053793475,0.0,0.0,0.0,0.0,0.00515144586570355
0x19f96392130f8426a8b25c2e836cb4fc1ab1f780,0.00018440483465951305,0.004825751907890839,4.700566329159674e-06,0.0,0.0001279131691191814,0.0,0.0,0.005142770477998694
0x5de0c18ad34e2895aa6b7088e4e42305909d409d,0.005138484065554224,0.0,0.0,0.0,0.0,0.0,0.0,0.005138484065554224
0xcb47295fadcda9cc03cdc8fc1c795f8bedeba153,0.0,0.0051334892112530174,0.0,2.4316151178734924e-06,0.0,0.0,0.0,0.0051359208263708905
0x39e37755924aef246881ac30066f31eb3727037a,0.0,0.0,0.0,0.005120163478884672,0.0,0.0,0.0,0.005120163478884672
0x1c691457e584836644fe76882df1f67d7a079f15,0.0005878360568485313,0.004530732643526175,0.0,0.0,0.0,0.0,0.0,0.005118568700374707
0x05ebe130768bc368520427e36ee46b553b29fa5c,0.005117429347396255,0.0,0.0,0.0,0.0,0.0,0.0,0.005117429347396255
0x37caa08c10c27c93296ae920863c28f8155a02e4,0.00030304241154748625,0.004742618995517965,5.655223610926117e-05,0.0,0.0,0.0,0.0,0.005102213643174712
0xea73aa608a5f48806e7266b82ec66810225d0d7e,0.0,0.00509651440143357,0.0,0.0,0.0,0.0,0.0,0.00509651440143357
0xe28b3d8cd60c889e8c56254e8dca570507652dc1,0.0,0.005094180070124267,0.0,0.0,0.0,0.0,0.0,0.005094180070124267
0xd0f2bc7a51b179a8090da0ef44b90007f9bc8837,0.0005881006815827851,0.004491796661252253,0.0,0.0,0.0,0.0,0.0,0.005079897342835038
0xa29b8eb97a418ef4a0fdd774bd996d6f8e5f928f,0.0,0.005077255730787881,0.0,8.05585142398986e-12,0.0,0.0,0.0,0.005077255738843732
0x78d34ca58b00f19f7743df537c360858e97c6db8,0.0011929285192103136,0.003878126900534012,0.0,0.0,0.0,0.0,0.0,0.005071055419744326
0x6e27b1a554586dcf26617ee54bcbbead77bf545f,0.0006139813590007915,0.004447583085712195,0.0,0.0,0.0,0.0,0.0,0.005061564444712986
0xcf2f80ebf286b91bf166270851724efe0ebe3a4d,0.0,0.005055076907961139,0.0,0.0,0.0,0.0,0.0,0.005055076907961139
0x357f88bf1175b8ee2e029064cfb71459d9cbb5d3,0.0,0.0050460011061546775,0.0,1.9420275715934897e-06,0.0,0.0,0.0,0.005047943133726271
0x52ff7cb2f9049e33ee607e81ec8ed07796c73edc,0.0,0.005044944706807787,0.0,0.0,0.0,0.0,0.0,0.005044944706807787
0xdef4437f2e8d9b35485c9d9aafdca2b59ef4eb49,0.0004706781718753887,0.00452400943798617,0.0,3.244017072251498e-07,4.646223138016859e-05,0.0,0.0,0.0050414742429489515
0x2e3b8b4efcc961a2af2913ffd5817012fae9e07d,0.004095978304643265,0.0009349014416332322,0.0,0.0,0.0,0.0,0.0,0.005030879746276497
0x56360f479cfa69145184a73f64023b04c631e68a,0.0,0.004821056872754457,0.00020769197694885355,0.0,0.0,0.0,0.0,0.005028748849703311
0x11816e544f23ffa2859e70d4cba6584ac68e7ed9,0.0050040118799314,0.0,0.0,0.0,0.0,0.0,0.0,0.0050040118799314
0x89b53df6284cbb0b3c5b29735ede89f278c37ab7,0.004991128260593908,0.0,0.0,0.0,0.0,0.0,0.0,0.004991128260593908
0xf6993523e1c7c22dd95a4451bc65b85d63dfa17d,0.00498260120221197,0.0,0.0,0.0,0.0,0.0,0.0,0.00498260120221197
0xe16d756b1e27cabc43c8c4cadd68004ab50452b2,0.0,0.004962852004152258,0.0,0.0,0.0,0.0,0.0,0.004962852004152258
0x62bf16341ca3b7780db3fe9a9eadbe67051f53c8,0.00196988235383792,0.0029924332428005337,0.0,0.0,0.0,0.0,0.0,0.004962315596638454
0x95beafaaec90bd28e7ac0b01f3bdcb3311ade034,0.00029717461665459613,0.0046580372759252135,3.3769986758999513e-06,3.9129676936577794e-07,0.0,0.0,0.0,0.0049589801880250755
0x79a96df53d2d1b76c7b658c3e0e94bb30639befb,0.0,0.004953109881405709,0.0,0.0,0.0,0.0,0.0,0.004953109881405709
0x80e5efca1877a356665584ac1ea6e25560fd195b,0.00495229386192254,0.0,0.0,0.0,0.0,0.0,0.0,0.00495229386192254
0x694a943ac4a1d7edca0162a7ebb24cb08c9c6dd7,0.0,0.004944926698845716,0.0,0.0,0.0,0.0,0.0,0.004944926698845716
0xad773aa6de26e9193c953bcfe5f30878bf711a18,0.0,0.0,0.004944068781277181,0.0,0.0,0.0,0.0,0.004944068781277181
0xd7b689b7bf207a38a3fea80ff60e09a3391bd189,0.0,0.004943819641290628,0.0,0.0,0.0,0.0,0.0,0.004943819641290628
0x56d48e243864784990d14295f95b33a9d520e9da,0.0,0.004941302295004794,0.0,2.0023447911414077e-06,0.0,0.0,0.0,0.004943304639795935
0x16f47b86d30641e76c252381e54c824708857cfd,0.0,0.004851297945925454,8.978632413565005e-05,0.0,0.0,0.0,0.0,0.004941084270061105
0xfe6f09d36088e8e2c4b7d6a733c531890b65d814,0.0,0.0,0.004939004347999814,0.0,0.0,0.0,0.0,0.004939004347999814
0x0429c3bde14d211dc80cd0aff4636ba04632a244,0.0,0.0,0.004936935382866309,0.0,0.0,0.0,0.0,0.004936935382866309
0xb6b6bdde9c5017672254da1e4bf83f244c2f1b5b,0.004935334462515946,0.0,0.0,0.0,0.0,0.0,0.0,0.004935334462515946
0x86b8a239ccfcd9a0fed482297ae7751bfdc09f9b,0.0,0.00021968175718896845,0.0,0.0,0.004714065873973643,0.0,0.0,0.004933747631162612
0x9f8b575f705cf570b46d5dae4b8b4b8374c0de0e,9.527803811907687e-05,0.004832414191192362,3.717063655084554e-07,0.0,0.0,0.0,0.0,0.004928063935676947
0xfaedc2af6b926ea0faa0e8df75d78d54f8d63bee,0.004731257184114237,0.0,0.0,0.0001964115330604558,0.0,0.0,0.0,0.0049276687171746925
0x69610ef976eddaf27f39b9acebf7f20a2f90a83f,0.0006541679134122117,0.0039605281834540155,0.0003050907142339769,7.931097927091224e-08,0.0,0.0,0.0,0.004919866122079475
0xf15f97f121a225223ddad47aa40581034a7004ed,0.0,0.004887206674588573,0.0,0.0,0.0,0.0,0.0,0.004887206674588573
0x1e5773301a43304d645341bce9af9d0cf6a0d1f0,0.0,0.0,0.0,6.905042291723676e-12,0.0,0.0,0.004866388538509789,0.0048663885454148315
0x804690ebc8906cd4a0a8f8d93e524d7fab075b89,0.0030305699438427365,0.0,0.0018271186780864407,0.0,0.0,0.0,0.0,0.004857688621929177
0x121d6990e624cfa09e3b785a2d13935941b29bfc,0.0,0.004846131042850362,0.0,0.0,0.0,0.0,0.0,0.004846131042850362
0x9f2bf476763db263e1e68319510fbd3458ff9758,0.0,0.00484023964159971,0.0,0.0,0.0,0.0,0.0,0.00484023964159971
0x98bb2b867d2d72e4539babf71ff2bd99ddb2f4de,0.0,0.0018979254264758715,0.0,0.0,0.0,0.0003764477461565973,0.002551050359386281,0.00482542353201875
0xd01944e787355dec4fe38e03c11fb902f4e84a26,0.0,0.0,0.004821710226298543,0.0,0.0,0.0,0.0,0.004821710226298543
0xf391414167776f12e67b0a44ca8884b45b6c391f,0.0008023741408282438,0.004008478273063439,0.0,0.0,0.0,0.0,0.0,0.004810852413891683
0xbafc03ec2641b82ae5e4c4f6cc59455773092dc6,0.0,0.004805958119893772,0.0,0.0,0.0,0.0,0.0,0.004805958119893772
0x7b44cc2656428e21cafd6423b424b567996e95c1,0.0,0.0,0.00017901304609142045,0.004620592195325335,0.0,0.0,0.0,0.004799605241416755
0x4e449deba842c77cb2726a2e3f0e20872c85c85a,0.004798750565393077,0.0,0.0,0.0,0.0,0.0,0.0,0.004798750565393077
0xa7093274095f438e0046a5f4e29741189c385c05,0.0,0.0,0.004796643819221564,0.0,0.0,0.0,0.0,0.004796643819221564
0x4f246ddc31a617daa5ad08bf16b67cba4dc5e730,0.0,0.0047918384716439414,0.0,0.0,0.0,0.0,0.0,0.0047918384716439414
0x8273c9b1b8ed693c2d6f408405a7f065ad24ffcc,0.0,0.00478923074833533,0.0,0.0,0.0,0.0,0.0,0.00478923074833533
0xa6802e2c9f8172de5742bebbfec6e915a471f12c,0.0,0.0047832884773446795,0.0,0.0,0.0,0.0,0.0,0.0047832884773446795
0xb6a8888af7406c2dde5040bbc9570c0e434ced42,0.0,0.0009270264119061808,0.003850536275388091,0.0,0.0,0.0,0.0,0.004777562687294272
0x6de78b251c2388c5c13d226ca5f1211bef13f145,0.004776186693277304,0.0,0.0,0.0,0.0,0.0,0.0,0.004776186693277304
0x2798ab746a9422459bd97ad186973550cb70c610,0.0,0.0,0.0047744747924047945,0.0,0.0,0.0,0.0,0.0047744747924047945
0x48f97c07dde5c3279a8bd8c12021987b7a1a2e2a,0.004769801112726153,0.0,0.0,0.0,0.0,0.0,0.0,0.004769801112726153
0x625b3f3f66bcea1fc1f3c5240512600af2236ff1,0.0,0.004768226274058597,0.0,0.0,0.0,0.0,0.0,0.004768226274058597
0x3cff25215e85b9ca0c07a7c1ba8643319be80aa8,0.0,0.00475215793470682,0.0,0.0,0.0,0.0,0.0,0.00475215793470682
0x4892f2c5b10e905c5609ab7f45f318acdd6fdef2,0.0,0.0,0.00474815112405339,0.0,0.0,0.0,0.0,0.00474815112405339
0xa3575a8a77be448dfb22dca7d15cdf872bfcbcb5,0.004735885589847066,0.0,0.0,0.0,0.0,0.0,0.0,0.004735885589847066
0x21b4ef86ccaf41462673658eab3a8ac656fef14c,0.004734701403546776,0.0,0.0,0.0,0.0,0.0,0.0,0.004734701403546776
0x20693cc64751626216c4c8cfd603386c01531091,0.0,0.004722982082371046,0.0,0.0,0.0,0.0,0.0,0.004722982082371046
0xce110969c72024f7e5d05120f5213b838ac83dd8,0.004722446538174848,0.0,0.0,0.0,0.0,0.0,0.0,0.004722446538174848
0xa71390e26a06540dcbbc48398c61ec6f5578a76d,0.0,0.004714151265417593,0.0,0.0,0.0,0.0,0.0,0.004714151265417593
0x1ecd67b2a0016d048b9a885cb93c1cb9e76e6009,0.004711120698226199,0.0,0.0,0.0,0.0,0.0,0.0,0.004711120698226199
0xeb630318c6b6251c6c62d6b036e6a0dbb8676c25,0.0,0.004710349849299925,0.0,0.0,0.0,0.0,0.0,0.004710349849299925
0xf32876d8fc9e3ca40cdde1f19136977e5bc32777,0.004708428322398576,0.0,0.0,0.0,0.0,0.0,0.0,0.004708428322398576
0xd94ba27fefaa5d995edd80962253e02eeec325e0,0.004705872947370373,0.0,0.0,1.7583487975466762e-06,0.0,0.0,0.0,0.0047076312961679195
0x702d5cbdd54d16a25b8db4c4ddcd096720944c4b,0.004707447000637146,0.0,0.0,0.0,0.0,0.0,0.0,0.004707447000637146
0x0c2c40f59d416d17879508fb977aabf05c7a51f6,0.004707252207907264,0.0,0.0,0.0,0.0,0.0,0.0,0.004707252207907264
0x5456dd4207711b46dd19c5984cb326646bbf2697,0.004706204807827762,0.0,0.0,0.0,0.0,0.0,0.0,0.004706204807827762
0xebe67bfae6bacd0816379951b56b2f4a73e1bab7,0.004705864273868621,0.0,0.0,3.568587321319512e-11,0.0,0.0,0.0,0.004705864309554495
0xe262d54679746af1526f44a5f5c406f8e3f43bf3,0.004704098503719034,0.0,0.0,0.0,0.0,0.0,0.0,0.004704098503719034
0x0dff09a6733a12366236e62111a4ce93c475db78,0.004703816490628909,0.0,0.0,0.0,0.0,0.0,0.0,0.004703816490628909
0x835bb9e712f63e7bdd6c78caccba629218580c6f,0.004697460178453514,0.0,0.0,0.0,0.0,0.0,0.0,0.004697460178453514
0xba94a228765ffe3fdd63e28edd05409ea9f3e24b,0.0,0.0,0.0,0.0,0.0,0.004691347566002692,0.0,0.004691347566002692
0xbb80dff683cdb77999751958fad52dcdda34eb11,0.0,0.0,0.0,0.003519536536697101,0.001168213634396484,2.5542611615647876e-10,0.0,0.004687750426519701
0x4a21820570ecdc4f9cca5d64a9c6bda4e65889ee,0.0,0.004687576627511614,0.0,0.0,0.0,0.0,0.0,0.004687576627511614
0xa2de0b80d24c3bc37a9f6c44683fa51d67852c38,0.0,0.0046780826147880955,0.0,0.0,0.0,0.0,0.0,0.0046780826147880955
0xa9f4f19389ef6efe1a9253dc4ab64bba774fddfd,0.0,0.004663372844701407,0.0,0.0,0.0,0.0,0.0,0.004663372844701407
0x58bb8c65ce6af884471a20fae0f2e412f78d1244,0.0,0.004661251835473072,0.0,0.0,0.0,0.0,0.0,0.004661251835473072
0x7eef89124224effd83f1a7848583ca98405c823f,0.004655337913599821,0.0,0.0,0.0,0.0,0.0,0.0,0.004655337913599821
0x43b10f9bdff0bb0b0273bb3b4e7a48a87d431627,0.0,0.004543103268689335,0.0,4.343862621297652e-06,0.00010493925482736649,0.0,0.0,0.004652386386138
0x163b5532a467e9b55682972272c8742728847de7,0.0,0.00464831121054563,0.0,0.0,0.0,0.0,0.0,0.00464831121054563
0xd8c1aaa863c7251a0603b4905eac0d37eaf91f63,0.004297794181327775,0.0,0.0003502736033773059,0.0,0.0,0.0,0.0,0.004648067784705081
0x4b144f05d458576001de2f2cea211905cc95364c,0.0,0.004645291572233184,0.0,1.8090167920993772e-13,0.0,0.0,0.0,0.004645291572414085
0x86d55a7c9e70ba692b9b9b8460f354034f9ec896,0.0,0.004645288094231007,0.0,6.984858934720744e-12,0.0,0.0,0.0,0.004645288101215866
0xdab3ebeb7ceab58e39e2923582bf8b97fe2e77ba,0.0,0.004643144222292136,0.0,0.0,0.0,0.0,0.0,0.004643144222292136
0x84eb5796df6787e19e2c7634c0b8e65997e78f23,0.0,0.004643140295278047,0.0,0.0,0.0,0.0,0.0,0.004643140295278047
0x6f6042354566515329e94d82900ab11187aa6c3c,0.0,0.004643001379189679,0.0,0.0,0.0,0.0,0.0,0.004643001379189679
0xb401ce144d3acd1f7f3fb3956c7203e380e885df,0.0,0.004642392552903208,0.0,0.0,0.0,0.0,0.0,0.004642392552903208
0x0111dfdc7e3300eb0a813277e724b00307eb42b5,0.0,0.004639533597460133,0.0,0.0,0.0,0.0,0.0,0.004639533597460133
0xd60bb1dad4ed8df7e34ca61d3a9c37768da070ba,0.0,0.004638926033766474,0.0,0.0,0.0,0.0,0.0,0.004638926033766474
0x9d36ee50503d0928d213926c1ecbab626a36e4af,0.0,0.004638634168751068,0.0,0.0,0.0,0.0,0.0,0.004638634168751068
0x85043a1ae3008f459f17e7dfd65c8ed0fd3f869d,0.0,0.004638150865634357,0.0,0.0,0.0,0.0,0.0,0.004638150865634357
0x115beb4c9c8202a7da2e166cd82ca8f327752076,0.0,0.004637929896899959,0.0,0.0,0.0,0.0,0.0,0.004637929896899959
0xdd9c5568d1737b1a646940c9b9d80dcf9c6ba248,0.0,0.004637816685643182,0.0,0.0,0.0,0.0,0.0,0.004637816685643182
0x12821099227acb6c7ba9f87716b50285276e411b,0.0,0.004637394127328483,0.0,0.0,0.0,0.0,0.0,0.004637394127328483
0x5eebf1ec0b07adf868a692c120210be2c8d4fc6a,0.0,0.004636411210864007,0.0,0.0,0.0,0.0,0.0,0.004636411210864007
0xa495e370e5987babb57580319c2ecb8e52a1239b,0.0,0.004636329891708905,0.0,0.0,0.0,0.0,0.0,0.004636329891708905
0x0f6b5c480fdc3a1fafb1321b68c759873e677451,0.0,0.004635527059097758,0.0,1.0216116180597096e-11,0.0,0.0,0.0,0.0046355270693138745
0x7bac16493fd8753c15843f599c8e2905737b82dd,0.0,0.0046343574562712105,0.0,0.0,0.0,0.0,0.0,0.0046343574562712105
0xf11adaef34fda698ba35758b296b06615943511b,0.0,0.00462963955327018,0.0,0.0,0.0,0.0,0.0,0.00462963955327018
0x2fb7d1901c0ef7eb7fe0aae987a101998b4aec75,0.0,0.004628980698236101,0.0,0.0,0.0,0.0,0.0,0.004628980698236101
0xb0720a40d6335df0ac90ff9e4b755217632ca78c,0.0,0.004628280554794065,0.0,0.0,0.0,0.0,0.0,0.004628280554794065
0xd65bf5e2843463ad1857cd1f464598d79332d0b6,0.0,0.004626303537423989,0.0,0.0,3.9850476224465817e-10,0.0,0.0,0.004626303935928751
0xf61b2221cdb0b0bfa82ab75e04f92e25d88656d0,0.0,0.004615459067180425,0.0,0.0,0.0,0.0,0.0,0.004615459067180425
0x9740ed1175646e932c454fd7366d1dfa304dbe32,0.001514931990580616,0.0031005056576536754,0.0,0.0,0.0,0.0,0.0,0.004615437648234291
0x56ec6eb7c255102653be9e31495e7c4d03dc3229,0.0,0.0,0.004281148212563748,0.00030834462279085334,0.0,0.0,0.0,0.004589492835354601
0xad0b6944855d12976a14a55f9219751507fcd404,0.0,0.0045873431761817565,0.0,0.0,0.0,0.0,0.0,0.0045873431761817565
0x732eb61ae5f4ea01c8cc4b1dff18cd90a748c5e1,0.0,0.004585446860308711,0.0,0.0,0.0,0.0,0.0,0.004585446860308711
0x033a9bada629bb5b26918d514f1bd8e632adabe2,0.0,0.004574066454703578,0.0,0.0,2.0265090191253484e-09,0.0,0.0,0.004574068481212596
0xbd098b85bb5632c71647b28cf52bbb57eb234b77,0.0,0.004557780301663475,0.0,5.604284765214523e-08,0.0,0.0,0.0,0.004557836344511127
0xfccac0e0e0790ba9fece73eee205c6db386f5f9b,0.0,0.004555431996632665,0.0,0.0,0.0,0.0,0.0,0.004555431996632665
0xd435dcd0a686e361ba561755a2db2f1e19066502,0.0,0.0045469666385150485,0.0,0.0,0.0,0.0,0.0,0.0045469666385150485
0xdf3b782bfca7e58f75318dd1d60be855c8b6c5d2,0.0,0.004540561080443421,0.0,0.0,0.0,0.0,0.0,0.004540561080443421
0x69f66bd6628ff27222da37245ed686c3ef4766c9,0.0,0.004443564238981711,0.0,9.322712084486468e-05,0.0,0.0,0.0,0.004536791359826576
0x11e5bb87ab58d96e4321a7cc518667902f2f18e2,0.0,0.0,0.0,0.0,0.004530715575070667,0.0,0.0,0.004530715575070667
0xfcf9f15ec2ceadda97076477ce86b8700cadc04a,0.0,0.004523533463224528,0.0,0.0,0.0,0.0,0.0,0.004523533463224528
0x2e89064b3bde0c79d5b7995edfa254e5b021fb5b,0.0,0.004523492085037178,0.0,0.0,0.0,0.0,0.0,0.004523492085037178
0x88b19a219053ad09c0e82cd28d98316639edaf0a,0.0,0.004523301011544616,0.0,0.0,0.0,0.0,0.0,0.004523301011544616
0xa623d6b142f9bbbaada218431d4bbed93dea24e1,0.0,0.0,0.00434185898851305,0.0,0.00018029110071370434,0.0,0.0,0.004522150089226754
0x7f0caf47360cb954487391c060dd24df1b9baf87,0.0,0.004518365262001573,0.0,0.0,0.0,0.0,0.0,0.004518365262001573
0x46f2c3ce0c4c8b7ebb34809acaa1cc236b90dac4,0.00047885458897662124,0.004018602031227464,0.0,0.0,0.0,0.0,0.0,0.004497456620204085
0xceef43835facddba19a5baa4d033226198c1ddeb,0.0,0.00449613543542416,0.0,0.0,0.0,0.0,0.0,0.00449613543542416
0x5a5a12035151e3dd7fde9597b8b59a646a88133f,0.0,0.004494323508145506,0.0,0.0,1.6254166930411847e-10,0.0,0.0,0.004494323670687176
0x1d10019df3015d742240a0bbb2346595bd83c5c8,0.0,0.0044943010637788884,0.0,0.0,0.0,0.0,0.0,0.0044943010637788884
0x99af431871aa25e7b9c665c821190f1f6c495288,0.0,0.004485289761129643,0.0,0.0,0.0,0.0,0.0,0.004485289761129643
0x97a36da1a25f8e74e0ddfb14054451d606d4ecfd,0.0,0.004444038554570801,0.0,0.0,0.0,0.0,0.0,0.004444038554570801
0xf5d95ed1dd309de59552306cd7de3da5b4e2b119,0.0,0.004398714303022108,0.0,4.3320019000018097e-05,0.0,0.0,0.0,0.004442034322022126
0xb6eb4de3441a470f7be516f8494c2fb1f0585ec2,0.0,0.004439087966291969,0.0,0.0,0.0,0.0,0.0,0.004439087966291969
0xfa498231e24ab59bec2cdb0c604d308afe436b87,0.0,0.004434901241334528,0.0,0.0,0.0,0.0,0.0,0.004434901241334528
0xd339fe9f50f54e972c687da334f9ec70a3e68302,0.0,0.004429682593184541,0.0,0.0,0.0,0.0,0.0,0.004429682593184541
0x4277e28cda660d6392493db40e9a2e820c14259e,0.0004837717484049412,0.003930090384743758,0.0,0.0,1.9002574906284454e-10,0.0,0.0,0.004413862323174449
0x35c9ca81cc3d83ccd1075b62ad409ed2ab163330,0.0,0.0,0.0,0.0,0.00441174836950591,0.0,0.0,0.00441174836950591
0xc46f3034bf2bfc61f3ddad0bf2b270f05c13cf3c,0.00441134864709219,0.0,0.0,0.0,0.0,0.0,0.0,0.00441134864709219
0x6825364e0332097a353ac647b4c4febc330c4b8a,0.0,0.004409644723033606,0.0,0.0,0.0,0.0,0.0,0.004409644723033606
0x479690b410e4cb4cfb951f6a82febcd1a9ac83c2,0.002552562020632336,0.001825463305269111,0.0,0.0,0.0,0.0,0.0,0.004378025325901447
0x887ac2da0081d55be74ac31fa4f1131ca8c95cfb,0.0,0.0043757003185269545,0.0,0.0,0.0,0.0,0.0,0.0043757003185269545
0x229260388dbf0f34734d8083cdc919e76f07e4b8,0.0005042903613104233,0.0038584379815883125,0.0,0.0,0.0,0.0,0.0,0.004362728342898736
0x1425c312b3ae2f7d01dffa87e56d1fa565172f16,0.0,0.004357012493149332,0.0,0.0,0.0,0.0,0.0,0.004357012493149332
0x6c91fb4229bab40f2390ab4d2f79cd41af8a5bab,0.0,0.0,0.004355925831481558,0.0,0.0,0.0,0.0,0.004355925831481558
0x28e5a537f6690576548e62ee78a9ed1e91b438bc,0.0,0.0043548407705498796,0.0,0.0,0.0,0.0,0.0,0.0043548407705498796
0xd389333a458e47b8603ab8c54e4f144e1a06b1a9,0.0,0.0015070645297745916,0.0007434277749360848,0.0,0.0,0.0020975207363491703,0.0,0.004348013041059847
0x577aae969b4f24f25da30750c0d65d12c7314ebc,0.004327029196771003,0.0,0.0,0.0,0.0,0.0,0.0,0.004327029196771003
0x52eb8a6ed274b7ea5fc33dda79c448d9bed9c611,0.0,0.0043260462266206945,3.5729104980110384e-07,3.2492552322203843e-12,8.823970162116297e-10,1.2773755813176567e-09,0.0,0.004326405680692348
0x15b735b56d48ce090aec19242d2cd522ed0cb823,0.0,0.004311944465878212,0.0,0.0,0.0,0.0,0.0,0.004311944465878212
0xee98b9de26a226d7ef0b20a376775eb4bddf6596,0.0,0.0,0.004311313654231221,0.0,0.0,0.0,0.0,0.004311313654231221
0xb0c402ba3c9cdf61edc68182676a4c915c1e5421,0.004291198044427577,0.0,0.0,0.0,0.0,0.0,0.0,0.004291198044427577
0x4114508b8223748bfe3c10b4236fbe363f17932a,0.0,0.0,0.004284561212928618,0.0,0.0,0.0,0.0,0.004284561212928618
0xaaafcc120f19f565c3d799c2e7e66a807a4d3add,0.00030201135464325555,0.00021328297268646677,0.0,0.0,0.0037669272495814334,0.0,0.0,0.004282221576911155
0x792a3d4a9182f65080b7c32720efad458da69a73,0.0,0.004274033902513536,0.0,0.0,0.0,0.0,0.0,0.004274033902513536
0xfcca2e5ed43e4a2045f7748337e1e3aff10aeb9c,0.0005352669529942493,0.0,0.0037310148077407653,0.0,0.0,0.0,0.0,0.004266281760735014
0x91cf8bff0c18712b6f8702c9c0aebd4e9154bddb,0.004199885505899189,0.0,5.351589033560951e-05,0.0,0.0,0.0,0.0,0.004253401396234799
0x1f5184d0bfe26e03e068bb588d5b7ea6edfe0a99,0.004138648087033071,0.0,0.0001069827007835575,1.4406538500056903e-08,6.621379225104664e-06,0.0,0.0,0.004252266573580233
0x0ab39817aee2ec6c7eb655aaf9d7f5ec1af8bc1a,0.0,0.0,0.0,0.004237497485730632,0.0,0.0,0.0,0.004237497485730632
0x4339be19ae2e3260e768c97a3ae776453cf010d0,0.0,0.0042334235843994586,0.0,0.0,0.0,0.0,0.0,0.0042334235843994586
0xbee90b842b486660012207d7ba7dfbd66bdc198a,0.0,0.00422690221529297,0.0,0.0,0.0,0.0,0.0,0.00422690221529297
0x2d57e5aa47bb7ab59d8b25783046766d4bd22365,0.0,0.004223153166433493,0.0,0.0,0.0,0.0,0.0,0.004223153166433493
0xfa6f2d64cb00c9b16fb839c35810a73b0a7cdd17,0.0,0.004222467547677549,0.0,0.0,0.0,0.0,0.0,0.004222467547677549
0x986bad4592b3daeb56e906a12b2c13664a4392e5,0.0,0.004221464452520734,0.0,0.0,0.0,0.0,0.0,0.004221464452520734
0x3415187c90ca060591f74565cdb67bd0c931f204,0.004219037435952259,0.0,0.0,0.0,0.0,0.0,0.0,0.004219037435952259
0x8438e4095783ebef8c951788ad42c3bcd084fb41,0.004198716791035725,0.0,1.8999423479642133e-05,0.0,0.0,0.0,0.0,0.004217716214515367
0x5e9c0f76786556c40f81159d5517f1d4f6124bbe,0.004217452255933663,0.0,0.0,0.0,0.0,0.0,0.0,0.004217452255933663
0x5d353b76cf970da520a59213c270865fb2c60db6,0.0,0.004179031700538974,0.0,2.7410055512852513e-07,0.0,0.0,0.0,0.004179305801094102
0xde84a435a4b4e2d58b2b9c37df621a814acc878f,0.00046997231458443536,0.0036890082717975147,0.0,0.0,0.0,0.0,0.0,0.00415898058638195
0x251065f1d7a587214a543642df04c6eb0d124367,0.0,0.004156218217426478,0.0,0.0,0.0,0.0,0.0,0.004156218217426478
0xb4ef01af2cc049ed9f5ed0e1b13c383bc100c65d,0.0,0.0,0.004142041897136953,0.0,0.0,0.0,0.0,0.004142041897136953
0xe08717c8c696223598f74cc33665562bc4c4e02f,0.00017171775158879472,0.0037177351381641128,0.0,1.597440784905921e-06,0.0002492178359761418,0.0,0.0,0.004140268166513955
0xdd35c31c01695b06a5ffb67b5c8fa2d3515e99c1,0.0,0.004132442095422677,0.0,0.0,0.0,0.0,0.0,0.004132442095422677
0x8d96e35eb2603823b46c35f85e49d014e7a2ed05,0.0036823168485181092,0.0,0.0,0.00044881324747616684,0.0,0.0,0.0,0.004131130095994276
0xfb5f9a499d2af9cc00c13f444719d862705370b5,0.004114734586074234,0.0,0.0,0.0,0.0,0.0,0.0,0.004114734586074234
0x76aa7edbdbb595b2b00f0810bf76c2d5fe7c7092,0.004114316927653073,0.0,0.0,0.0,0.0,0.0,0.0,0.004114316927653073
0x76f845a44f3d3cdca80cda816dbf3f25af1b891d,0.0,0.004112516526675962,0.0,0.0,0.0,0.0,0.0,0.004112516526675962
0xcc6cd84847ba8160e4cc49ceccb472ca73fc296c,0.0005999347065753975,0.0035098875760984916,0.0,0.0,0.0,0.0,0.0,0.004109822282673889
0xe57c3dc8c3069243307f218e7d67ec94664e03b7,0.0,0.0002039943942214895,0.00390241771134561,0.0,0.0,0.0,0.0,0.0041064121055671
0x704a715dd81d94600102882a7fa08883fab8ddb1,0.0001538464211050767,0.003815187822806095,6.38614929385503e-06,0.0,0.00012594038629619374,0.0,0.0,0.00410136077950122
0xa713c7937398d17fd292ae74a4a01ebb79b83c26,0.0026162329113963074,0.0,0.0,0.0014847531370710421,0.0,0.0,0.0,0.004100986048467349
0x382cea5d18881c2457206fc929fa3fdc50497402,0.0,0.0,0.004083578350756233,0.0,0.0,0.0,0.0,0.004083578350756233
0xb711a51a97a86b065b7a1fd917e7ec881bdbb570,0.0,0.0037001811913993815,0.0,0.0,0.0003825096219666612,0.0,0.0,0.004082690813366043
0xb6a424e172d27378e04e06a6bea6867d7dea36e5,0.000848641525139367,0.002510401526981484,0.0,0.0007228615890935357,0.0,0.0,0.0,0.004081904641214386
0x570536c56f4ed8df9c4636bafae009f7c13734f6,0.00407751876185876,0.0,0.0,0.0,0.0,0.0,0.0,0.00407751876185876
0x9641cdaacb7fe121eb7a2063022e31784a40c6df,0.0,0.0040744802953524735,0.0,0.0,0.0,0.0,0.0,0.0040744802953524735
0x1dd1adbb5b452e6d842765490dd3797e9ac66119,0.0,0.004058801426972092,0.0,0.0,0.0,0.0,0.0,0.004058801426972092
0xee152ac16e3b50e51f229e867451ebc3e5652e59,0.0015067261369214248,0.0025499055165603348,0.0,0.0,0.0,0.0,0.0,0.00405663165348176
0x9a0b144cef7663bab51fa104e15e9d5824d12c82,0.0,0.004054973921130662,0.0,0.0,0.0,0.0,0.0,0.004054973921130662
0xcecfcc2fe61de6870d2df082656369ce90aee2e9,0.0,0.0,0.0040513784876535395,0.0,0.0,0.0,0.0,0.0040513784876535395
0x2949731ad32f04e5b7b20cdc8b2453ce68e6392f,0.0,0.004046855615332678,0.0,0.0,0.0,0.0,0.0,0.004046855615332678
0xcbdcf271050b588d329483b4baaf9ce1c5aba9b0,0.004042939618307157,0.0,0.0,0.0,0.0,0.0,0.0,0.004042939618307157
0xe0163110f216c770ec02e7d3cdc2d6701dab15cd,0.004031705738055017,0.0,0.0,0.0,0.0,0.0,0.0,0.004031705738055017
0x2c481552d6d6a8058d729231781d555862b09e26,0.004011098416296943,0.0,0.0,0.0,0.0,0.0,0.0,0.004011098416296943
0xb6b7c94dc9a4f8b70aae7b5697bb4927f7a753e8,0.0,0.003994878124863192,0.0,0.0,0.0,0.0,0.0,0.003994878124863192
0x487ae3aa882048aac868abdd80142c4334f854b9,0.0,0.00028713515846478773,0.003694541843851834,0.0,1.217262318925194e-05,0.0,0.0,0.003993849625505874
0x28d7100e24926786cf39038687b2f0d6ccb8dd93,0.003990856910731435,0.0,0.0,0.0,0.0,0.0,0.0,0.003990856910731435
0x4ae25cef2e5b1b54fd54fe0276124e165de31399,0.0003651955490516171,0.0036212838697069483,0.0,0.0,0.0,6.627179702104522e-07,0.0,0.003987142136728776
0xf71d161fdc3895f21612d79f15aa819b7a3d296a,0.0,0.0,0.0039800456634934344,0.0,0.0,0.0,0.0,0.0039800456634934344
0xefed5bfbfff59a61ebfa299f9bf14a428998006a,0.0,0.0,0.003972516698371658,0.0,0.0,0.0,0.0,0.003972516698371658
0xbfbb3e2adc16777200deb3b0ff6facfc82e8b5b3,0.0,0.003971046729171995,0.0,0.0,0.0,0.0,0.0,0.003971046729171995
0x41e9919e41de116270311b2c11417698cff2a51a,0.0006710147979640837,0.0032972144282529857,0.0,0.0,0.0,0.0,0.0,0.00396822922621707
0xbbfb6566ad064c233af6314aeb1eee4c26a5f921,0.003945811298720698,0.0,0.0,0.0,0.0,0.0,0.0,0.003945811298720698
0x2a52e729c75c291c3f98327d80dd4fedfc3f31fb,0.0,0.0,0.003942907557319128,0.0,0.0,0.0,0.0,0.003942907557319128
0x89afa16a9922f2c0dbb29f1698127998c2f0f9d8,0.0,0.003940962385692772,0.0,0.0,0.0,0.0,0.0,0.003940962385692772
0x85204a5e932b69455822033f33e378dff4bb8960,0.0,0.0,0.003940209107054533,0.0,0.0,0.0,0.0,0.003940209107054533
0xaf12f554598a74b72bfc1ab680d5459d9334a9c6,0.0,0.0039380689083331364,0.0,0.0,0.0,0.0,0.0,0.0039380689083331364
0x3aa46fc4e807e7d423bccc8fdff4fb7b9d98d217,0.0015357994659222576,0.0,0.001936340834539836,0.000463770341093205,0.0,0.0,0.0,0.003935910641555299
0x565bd78c043a28c665d1056e10f595d7a8f36f0f,0.0,0.0037106533573803796,0.0002197459358642567,3.6164096315006635e-12,1.4674448937319109e-09,0.0,0.0,0.003930400764305939
0x62d07ac7fff06150c67937f7596bdfc2b16cccf1,0.003928246984625678,0.0,0.0,0.0,0.0,0.0,0.0,0.003928246984625678
0xe60c7def2656cd4ad832502fc37a0d720ec3699c,0.0,0.001846353057391385,0.00207557721941458,0.0,0.0,0.0,0.0,0.003921930276805965
0xe32806e0e7f8a7644676be0986fd82013ee69ad5,0.0,0.00392034186470777,0.0,0.0,0.0,0.0,0.0,0.00392034186470777
0x3ed7a58b7c2a229325c18e173a45324c4c49e495,0.003917633764909253,0.0,0.0,0.0,0.0,0.0,0.0,0.003917633764909253
0x1bf65b556ef13a71e1f7dac2995961369711bbe5,0.002604592966341655,0.0013070632126633227,0.0,0.0,0.0,0.0,0.0,0.003911656179004978
0x0fe28b4950ce9abe91301d8d44e719387f652785,0.0,0.0039112963361100615,0.0,0.0,0.0,0.0,0.0,0.0039112963361100615
0xc013551d940e387d84d71a08f2a0539f0d0620fd,0.0039053673421033347,0.0,0.0,0.0,0.0,0.0,0.0,0.0039053673421033347
0x449fa8afc62031f86ddba6c3f56224aa1e7df3e4,0.003899716760316876,0.0,0.0,0.0,0.0,0.0,0.0,0.003899716760316876
0xc9b74f142653f77219d78eb73cbd8994813a3060,0.0,0.0,0.0,0.0,0.0,0.0038992550091204252,0.0,0.0038992550091204252
0xa39a99b4b45949af9d91238cde5252ec7b7f8e2a,0.0,0.0038787745123140234,0.0,0.0,0.0,0.0,0.0,0.0038787745123140234
0x155c1ca13e85bc91029c4b539912868af8f97da4,0.0,0.0,0.0038747488515190453,0.0,0.0,0.0,0.0,0.0038747488515190453
0x0dee9367fa7690f509245442d5808e065c50380e,0.001769035216802606,0.0,0.0,0.0,0.0,0.002103625616853434,0.0,0.00387266083365604
0x654be32dcd8202f0b15311c31f99bb795fdcaecf,0.0038701602651642695,0.0,0.0,0.0,0.0,0.0,0.0,0.0038701602651642695
0xd54357daf1ba86f1b06ec3abc655bd28721519b6,0.003869843872680871,0.0,0.0,0.0,0.0,0.0,0.0,0.003869843872680871
0xd182106df35a8ac3c91b77eba52b7e1f600fd55c,0.003861766159482243,0.0,0.0,0.0,0.0,0.0,0.0,0.003861766159482243
0xeccfb5f87ad1d7c4364be4b76009c7bcd3cce3dc,5.945625567450423e-05,0.0009264494647941861,0.002865840655593869,1.0790172417377566e-14,0.0,0.0,0.0,0.003851746376073349
0x0c0508e09f1fd1ec1cd47cb9050b9ce4fb139676,0.0036133171451209777,0.0002294481475737572,0.0,4.873892338323511e-07,0.0,0.0,0.0,0.003843252681928567
0x67d2468beb8f4d3393f299d11f841efaf1f4e8d3,0.0011760987916057425,0.002652819964500034,2.3636058351514207e-07,2.7295204060135834e-13,7.670648513741935e-10,1.1385323491686364e-10,0.0,0.0038291559978803303
0x29bf82b00c85d4d5be67ab22f88fc288ce8e5fec,0.0,0.0,0.0038282905338243474,0.0,0.0,0.0,0.0,0.0038282905338243474
0xa44fcc8b0223593b4f60c7caa9803df84c593cc4,5.8804777733773624e-05,0.0037694805880785064,0.0,0.0,0.0,0.0,0.0,0.00382828536581228
0x6aca5d4890ccc8a2d153bf16a9a5b0c5560a62ff,0.0,0.0038235260524459237,0.0,0.0,0.0,0.0,0.0,0.0038235260524459237
0xf0133292e8c9da0daba7a3b5fad92e8c3fcac40a,0.0,0.0,0.0,0.0,0.003822165786738138,0.0,0.0,0.003822165786738138
0x8bc4fc4dee1b05918b40f1b42159a78b1facbaa9,0.0,0.0038163628107348536,0.0,0.0,0.0,0.0,0.0,0.0038163628107348536
0x72a4c0d4f19b4a628dd8df1b5922420e21cb2937,0.0038072205189807152,0.0,0.0,0.0,0.0,0.0,0.0,0.0038072205189807152
0x3edc863789a36f508340ea3f2aa40674139cf5b6,0.0,0.0038022592394128985,0.0,0.0,0.0,0.0,0.0,0.0038022592394128985
0x3a834e763759ff4abaec2246abbeb3f1f11d4d12,0.0,0.003801872854270473,0.0,0.0,0.0,0.0,0.0,0.003801872854270473
0xa98b64d3778c1a52e0cc1d9e6ba36c039eb79944,0.0,0.0037991798376678736,0.0,0.0,0.0,0.0,0.0,0.0037991798376678736
0x42ba75f2acbdde99cca94f50d120bfcaea26a105,0.0,0.0037908849696153663,0.0,0.0,0.0,0.0,0.0,0.0037908849696153663
0x9ba00b714d1075742d1047e363646b612fb41939,0.003409028921964557,0.0,0.0003615584320230638,1.5062446147140065e-08,5.838570386896434e-06,0.0,0.0,0.003776440986820664
0x4bcc662a854307099957826c2c55cef2b13af3aa,0.0037699676844821194,0.0,0.0,0.0,0.0,0.0,0.0,0.0037699676844821194
0xd132e3de190e811790cea983275cc3b78e004f43,0.0,0.0037662302779662266,0.0,0.0,0.0,0.0,0.0,0.0037662302779662266
0x4d23b974efd85fec21946392f0b70788298aa75a,0.0,0.0037656970970478933,0.0,0.0,0.0,0.0,0.0,0.0037656970970478933
0x8d659132fd19558250121dc86abd3c1b200a3947,0.0037648255522736572,0.0,0.0,0.0,0.0,0.0,0.0,0.0037648255522736572
0x0db5d24b02c2be81b2437bfc00a42a33d98d94c5,0.0031979788661809956,0.0,0.0,0.000557010534601705,0.0,0.0,0.0,0.0037549894007827007
0x9a01bab51c17a14d6c321ed8bf09f32f5a90d951,0.0,0.003724280856168983,0.0,0.0,0.0,0.0,0.0,0.003724280856168983
0x9585f21aaf59faf1b42473ff4fe7a5d48f8d33ad,0.0,0.0037238609704914306,0.0,0.0,0.0,0.0,0.0,0.0037238609704914306
0x5461b2d67cbb92bb75a276edb116273781cccf92,0.0023254596523199535,0.0013958141346015552,1.408067648489081e-08,0.0,0.0,0.0,0.0,0.0037212878675979937
0x1c3814654184a7f6528c9389e3bc86a87fef41ad,0.0,0.003719522014131394,0.0,0.0,0.0,0.0,0.0,0.003719522014131394
0x5f16f8fe3cb7470fd65614c8db0546e61d1f0982,0.0,0.0037090134982198024,0.0,0.0,0.0,0.0,0.0,0.0037090134982198024
0x5c387332a72a780bf0ee1ab9844f884f36acffb0,0.0,0.0037085668907873254,0.0,0.0,0.0,0.0,0.0,0.0037085668907873254
0xed1fd08a946588c3847a7fdf3f76456ef9fcc854,0.0,0.003707357518437634,0.0,0.0,0.0,0.0,0.0,0.003707357518437634
0x9d28a6704348d52b457b6be6ae1a7a1741e4a1d3,0.0,0.003706082767345151,0.0,0.0,0.0,0.0,0.0,0.003706082767345151
0x606a21ff26133cdb896acfa2bc45fa66f8c2e3d8,0.0,0.00370387960934951,0.0,0.0,0.0,0.0,0.0,0.00370387960934951
0xfe49bd0d18ea860c3f1e84c330871f990f64d209,0.0,0.00179674273464202,0.0011931880398333512,0.0,0.0007132703801944147,0.0,0.0,0.003703201154669786
0x0d41a350d7549de7ce3ea59b5bd678b7d8a268f0,0.0,0.0,0.0036946277384454483,0.0,0.0,0.0,0.0,0.0036946277384454483
0x110d7554b46c3afccd27ff70d3982895297eaf24,0.0,0.0036927773981620944,0.0,0.0,0.0,0.0,0.0,0.0036927773981620944
0xbe30ae997967be61700b9f86b0f1369d6a38a326,0.0,0.003589440747071891,9.727874559496355e-05,0.0,0.0,0.0,0.0,0.0036867194926668546
0x125918198fa3e496e5fed4dfafe448c2cd18447c,0.0010374034353742795,0.0026419238463494627,0.0,0.0,0.0,0.0,0.0,0.003679327281723742
0x8bd0b6a2527fcd22713a10ffc16f87067a615a49,0.0005881124697093443,0.0030909418604109216,0.0,0.0,0.0,0.0,0.0,0.003679054330120266
0xc852f51f179368aa16557ad80ff3bde40a769d58,0.0005835893355200885,0.0,0.0030926842887011603,0.0,0.0,0.0,0.0,0.0036762736242212488
0xfca1d6f360032aed079713e5cc47e811609773de,3.196803605956867e-05,0.003637585080077309,0.0,1.2354414504372153e-12,0.0,0.0,0.0,0.003669553117372319
0xe49a765141e447864cd0f211811b93aac7d94901,0.0036637087770754256,0.0,0.0,0.0,0.0,0.0,0.0,0.0036637087770754256
0xe959bb5770d9b4cd8e3ee19da624e0f3ead5d18f,0.0,0.003660267545813762,0.0,0.0,0.0,0.0,0.0,0.003660267545813762
0xac08f6bf754f756691a3a61ddd5ff00fc9488373,0.0,0.003655978866018478,0.0,1.2632324125374438e-06,1.1557293741117836e-06,0.0,0.0,0.0036583978278051277
0xf7af0c0e484f71f998649141c6206a098e9a01b1,0.0,0.0036560753817703184,0.0,0.0,0.0,0.0,0.0,0.0036560753817703184
0x97f31198c2ea083bd2534a7c9d2433d3e7508605,0.003646332566129794,0.0,0.0,0.0,0.0,0.0,0.0,0.003646332566129794
0x34075fefddcfb673ab65fd6d660e979c7971766c,0.003644300200461654,0.0,0.0,0.0,0.0,0.0,0.0,0.003644300200461654
0x40ee1f7a7d27028b65491b736bc01e0cd45ef25d,0.0,0.003637002071786763,0.0,0.0,0.0,0.0,0.0,0.003637002071786763
0x79e41c2d158c5d6f2606459d04c4280cf20b8e13,0.0036360203444926603,0.0,0.0,0.0,0.0,0.0,0.0,0.0036360203444926603
0x6c1e24a124a89f16a052e8aefd39a6f968fba1bd,0.0,0.003619775109236457,0.0,0.0,0.0,0.0,0.0,0.003619775109236457
0xf6ffc1d4a7e4ee72ef969743a0e30a9d52cf3719,0.0,0.003618508453603047,0.0,0.0,0.0,0.0,0.0,0.003618508453603047
0x3dffd93012988c21004d2311f26a167f7f83aaa6,0.0,0.0036043162127059837,0.0,0.0,0.0,0.0,0.0,0.0036043162127059837
0xdbb9b22678db779942d88b0c35489e33ab685483,0.0036024951330099874,0.0,0.0,0.0,0.0,0.0,0.0,0.0036024951330099874
0x09a64ca12656b6eaf1243245d2b9a9d229dda32b,0.000729539399270198,0.0,0.0028629592781506514,0.0,0.0,0.0,0.0,0.0035924986774208494
0x47c8bf96acedc9259e68423099d3f1a111195d60,0.003587585198406182,0.0,0.0,0.0,0.0,0.0,0.0,0.003587585198406182
0xd717e96bc764e9644e2f09bed46c71e53240748e,0.0,0.0,0.0,5.167794135511448e-06,0.003566853169486567,0.0,0.0,0.003572020963622079
0x893c0c40a7d6e028826fc7f6cb2c360cb1f0f4ae,0.0,0.003565513628285917,0.0,0.0,0.0,0.0,0.0,0.003565513628285917
0x754e0d2746663a7213ae3e7805019908c192adc8,0.0014300470228610352,0.0021334534865735076,9.338634838121998e-08,0.0,0.0,0.0,0.0,0.0035635938957829243
0x82fefda5eb48d65862ad79e005196eec78248155,0.0,0.003558172695174981,0.0,0.0,0.0,0.0,0.0,0.003558172695174981
0xacea121cc26b94e48f9d8c5052f08d92b3122311,1.1763425619127504e-05,0.0035432216455548293,0.0,0.0,0.0,0.0,0.0,0.0035549850711739566
0x522049c1b092a54c4ea426a0cb37cead91dab024,0.003086568341301683,0.0004646165798992277,1.195294785501267e-07,4.576525317983909e-13,1.2381009539588277e-10,0.0,0.0,0.003551304574947209
0xb26711ce8eb35673864b34cd362d9120097e971f,0.0035482575726436642,0.0,0.0,0.0,0.0,0.0,0.0,0.0035482575726436642
0xfd963c4599fa7e62769a0dbdb8aba713b880053a,0.003192431011834081,0.0,0.00035104679478741805,0.0,0.0,0.0,0.0,0.003543477806621499
0x2c2e209465d5312e6df0cd5f7d1066f1aff9a953,0.0035430835882318597,0.0,0.0,0.0,0.0,0.0,0.0,0.0035430835882318597
0xe58ca51f1722e06d9aa229099beed0fb1acc135d,0.0,0.0,0.0035158754015742187,0.0,2.6817174766775444e-05,0.0,0.0,0.003542692576340994
0x727514c52b7c218c950ae33d065e2af9bbd5fe15,0.0,0.00353606384877441,0.0,0.0,0.0,0.0,0.0,0.00353606384877441
0xb8009403e3f3218a15b77704e0b82c06e385a456,0.00353558198102325,0.0,0.0,0.0,0.0,0.0,0.0,0.00353558198102325
0x8b0ada74228bca1a9866281a2302d59cc5fe0924,0.0035327104387555424,0.0,2.820410835497857e-06,0.0,0.0,0.0,0.0,0.00353553084959104
0x698a00c4546432b2ad17629ee68b95783800321d,0.0,0.00012254639588838258,0.0,0.0,0.0,0.0034119859841232596,0.0,0.0035345323800116423
0x014d7edd162c664c2e5525d7e97e707a53f08834,0.0,0.003530014898487098,0.0,0.0,0.0,0.0,0.0,0.003530014898487098
0xf1747cb745f15e9f8d81f61455dee46fd3daafe9,0.0035297334097629187,0.0,0.0,1.8094193858899227e-12,0.0,0.0,0.0,0.003529733411572338
0x7594e315692f02ec0a01394e76c665f0f5b33dd5,0.0035288154571197156,0.0,0.0,0.0,0.0,0.0,0.0,0.0035288154571197156
0x51f61093f383d3d8b0aa818e861220ba4d413316,0.0035287633911701873,0.0,0.0,0.0,0.0,0.0,0.0,0.0035287633911701873
0xcad5990e9e71bbd0207c600e58a4a60504ed16c1,0.00352867481825639,0.0,0.0,0.0,0.0,0.0,0.0,0.00352867481825639
0x4fe0a97cca23a32ffd84d6d3b37375c806978359,0.0005543762089136159,0.0022660008976200354,0.0007000005876660494,0.0,0.0,0.0,0.0,0.003520377694199701
0x684b85400d210d786e659e3a50495cba1ae48e72,0.0,0.003519692270064812,0.0,0.0,0.0,0.0,0.0,0.003519692270064812
0xdf1d336cffcd8c01d6a1adfcab0c9691a3e60015,0.0,0.0,0.0035119806344520222,0.0,0.0,0.0,0.0,0.0035119806344520222
0x27049d3228711c8689e7a3e9966713dd30dfb5d6,0.0,0.003505847045407728,0.0,3.9421313398374734e-10,0.0,0.0,0.0,0.0035058474396208617
0x5f5f90e8359131dacaec572f5128220362be1e71,0.0035055269566997447,0.0,0.0,0.0,0.0,0.0,0.0,0.0035055269566997447
0xdc2285fe5980fbfeefc8bfe5af4e7b64fd4faac2,0.0,0.0034950500251111067,0.0,0.0,0.0,0.0,0.0,0.0034950500251111067
0x921816b51314cd87b435950a7708a467b684eba3,0.0,0.0,0.0,0.0034926751941927485,0.0,0.0,0.0,0.0034926751941927485
0x588dd59a3f04db91d130543ec24ae4a207eda867,0.0034752865017917867,0.0,0.0,0.0,1.545672548831491e-05,0.0,0.0,0.0034907432272801016
0x88ac3d64230c8a453492ff908a02daa27e9b3429,0.0,0.0018177699371066897,0.001668178751703177,8.966972015254399e-08,0.0,0.0,0.0,0.0034860383585300194
0x6fef5e4950a008f9e277c2e4429b7a3ff45f97bb,0.0,0.003449633324449229,3.61510768214567e-05,0.0,0.0,0.0,0.0,0.0034857844012706855
0xd2b34c35ea6e2f834f2be1f1587572ff4622d558,0.003484615234002309,0.0,0.0,0.0,0.0,0.0,0.0,0.003484615234002309
0x6bd3739f59902953a42cc80a396f097e7fe436aa,0.0,0.0034736245621041217,0.0,0.0,0.0,0.0,0.0,0.0034736245621041217
0x9571b14092c202c2e5827404a3f220372cd02f34,0.0,0.0009263918228915679,0.0025445416958285072,0.0,0.0,0.0,0.0,0.003470933518720075
0x688449b3d1b832eff8543f492df3a215fee10de7,0.0034699654243947413,0.0,0.0,0.0,0.0,0.0,0.0,0.0034699654243947413
0x24ebd728baf57a0641e78a715b8b7c2dd26d9647,0.0017643197657539662,0.0016939634117923408,0.0,0.0,0.0,0.0,0.0,0.003458283177546307
0x9bc22e80c23fcf7cb6d06f002b1959cb49034733,0.0,0.0034362187438753433,0.0,0.0,0.0,0.0,0.0,0.0034362187438753433
0x312784d86eebc9f785edd98728bb3713096d2e20,0.0,0.0,0.0034227280954276895,0.0,0.0,0.0,0.0,0.0034227280954276895
0xcd0450b3351438728f341572d08aa57cac84b8fd,0.0,0.0,0.003413299367350165,0.0,0.0,0.0,0.0,0.003413299367350165
0x176921892f28ae542d1472287c8711a960e0c190,0.0,0.0,0.0,0.0,0.0,0.0,0.0034095065622643645,0.0034095065622643645
0x14f2a65f4fc91a1bc04d89e788c2e6fd9b568c67,0.0,0.0032112984360422735,0.0001893401086099628,0.0,0.0,0.0,0.0,0.003400638544652236
0xc780755d91a383ad61780bf85931a564da7eb1d9,0.0,0.003386945822030486,0.0,0.0,0.0,0.0,0.0,0.003386945822030486
0x8ca7c7de3d79789e6f60fa408a555118843f7377,0.0,0.0,0.0,0.0,0.003383542562523792,0.0,0.0,0.003383542562523792
0x52fe97a14d75bd846cbc1106e09e2761d80d8dcf,0.0,0.0033805258653651616,0.0,0.0,0.0,0.0,0.0,0.0033805258653651616
0x5fd776a1da57aa0a3f22c9b8b2fb7f79b56fa26a,0.0006102995785108771,0.0027600440409856607,0.0,0.0,0.0,0.0,0.0,0.003370343619496538
0x73539aad638980cc6b872a16fe964a768fe06ada,3.0108626196221487e-05,0.0,0.0,0.003327271970577819,0.0,0.0,0.0,0.003357380596774041
0x3eb375589f557a5b2f0ebd6df94ba6649733b3bb,0.003344794933552937,0.0,0.0,0.0,0.0,0.0,0.0,0.003344794933552937
0xa0b951ccdaa368079d74293758e6a9b2fba83f81,0.0,0.0,0.0033418730639948368,0.0,0.0,0.0,0.0,0.0033418730639948368
0x6b45ce29ce09092bfa41c8576e7e050c3d3b7602,0.0033215679115193146,0.0,0.0,1.8046973829364187e-05,0.0,0.0,0.0,0.0033396148853486788
0xb3f1feff07dfcf5b28fa5b22878223579161775e,0.0,0.003337616241641665,0.0,0.0,0.0,0.0,0.0,0.003337616241641665
0xda889d5289b950744b49ca8f2c6360c4af38ee64,0.0,0.0033355507306691966,0.0,0.0,0.0,0.0,0.0,0.0033355507306691966
0xfd8bd978f198503a0ba9c5d7f7586e23fc4a4b40,0.0,0.0,0.0,0.0,0.0,0.0,0.0033283043506062413,0.0033283043506062413
0xa8fd657313418f1720507cc088c300cbf309b360,0.0,0.003326483311924807,0.0,0.0,0.0,0.0,0.0,0.003326483311924807
0xf005093464e14cbacf0f9b9a371269fc118776dd,0.0,0.0,0.0,0.0,0.0,0.0,0.003325262243064435,0.003325262243064435
0x4fa32e9a80b3ee4e42b11ea21dffe6c07bd155c8,0.0,0.0,2.2053831733513187e-06,0.0,0.0,8.25906407129898e-11,0.0033223223611713337,0.0033245278269353256
0xcc3925548525549d6959b82977fa30cda91a660b,0.003323276494572301,0.0,0.0,0.0,0.0,0.0,0.0,0.003323276494572301
0x1241de051c6c822809e405806418c0211fd027ca,0.0,0.0,0.0,0.003322599729597541,0.0,0.0,0.0,0.003322599729597541
0x14d37959ef7c4d4753984529dcd558ed10088a68,0.0,0.003321678382316489,0.0,0.0,0.0,0.0,0.0,0.003321678382316489
0x65ae53001b18b53ac85d7c2935e58ecd9a302bfa,0.0,0.0033112005891176087,0.0,0.0,0.0,0.0,0.0,0.0033112005891176087
0x33374aea77aec21b8e0304035905c33fde845b44,0.0004671778051450232,0.002839784817170554,0.0,1.920823447864469e-12,0.0,0.0,0.0,0.0033069626242364005
0xfe5021168d36b8af7d5ddbd98c5baea8b69b42f4,0.0,0.003296601757924969,0.0,0.0,0.0,0.0,0.0,0.003296601757924969
0xa78c0c839ecd0d34263dd87035d6b74762feffd3,0.003276278105485061,0.0,0.0,2.1401759114655896e-08,7.182710452031754e-06,0.0,0.0,0.0032834822176962073
0x5d3835e45d7c0e173cba24ac79e20693d0bb1687,0.0,0.0032802832730415388,0.0,0.0,0.0,0.0,0.0,0.0032802832730415388
0xe98084d4d9b6f6682febe1bc40445054df28cf00,0.0,0.0032684315549514954,0.0,0.0,0.0,0.0,0.0,0.0032684315549514954
0xd5d52e1bf65cf4fe169bb05e9010e1f722ba25ce,0.0,0.0,0.0,0.0,0.003258627981320121,0.0,0.0,0.003258627981320121
0x0e48bbc14bbb9dfa655e6e7e51722b9d37053b4d,0.0032515923550748196,0.0,0.0,0.0,0.0,0.0,0.0,0.0032515923550748196
0x13bae4449a6b61cabd074c4343bf5b461dac7a64,0.0,0.003249071169263695,0.0,0.0,0.0,0.0,0.0,0.003249071169263695
0x69b6a4227112d07861b282566d77c28a34a46346,0.0,0.003245230657693009,0.0,0.0,0.0,0.0,0.0,0.003245230657693009
0x962f8cd8a8f4fb32e87a486af83fed9f59f55f6c,0.0,0.0032371061110401484,0.0,0.0,0.0,0.0,0.0,0.0032371061110401484
0xa60196d9f91f916f767124e5079d5dac0b955118,0.0,0.003235226088766488,0.0,0.0,0.0,0.0,0.0,0.003235226088766488
0x1f692434101f4e4a95e9a525177a7e7ec60dcba6,0.003231211757169802,0.0,0.0,0.0,0.0,0.0,0.0,0.003231211757169802
0x5469b14150fa7687df4e02b67c81e7974af08163,0.0,0.0032245684816029846,0.0,0.0,0.0,0.0,0.0,0.0032245684816029846
0x196214e9f451da75de8e57e12345644d9f84b432,0.0024649205080153,0.0,0.0,0.0007465082880881038,0.0,0.0,0.0,0.0032114287961034042
0x1e82347f2cd815e22842a79f325494d4ae22d94f,0.0,0.003209848611687611,0.0,1.4638325557119064e-12,0.0,1.181065913731198e-09,0.0,0.0032098497942173575
0x119b4c18babe327b35247be89e2a598cbb1d069f,0.0,0.0032075017285295828,0.0,0.0,0.0,0.0,0.0,0.0032075017285295828
0x88563a3ec3b2e2670f12f262aa3a928bb47ce613,0.0,0.0,0.003206594501081915,0.0,0.0,0.0,0.0,0.003206594501081915
0x73ff94a3809ad151162de2efc6ebf2552028bbc6,0.00320486878297221,0.0,0.0,0.0,0.0,0.0,0.0,0.00320486878297221
0x880b4adc022f8bf625193b6e8a1808c2f94a92cc,0.0,0.0017984427024518258,0.00138910713587868,0.0,0.0,0.0,0.0,0.0031875498383305057
0x596aa62040d92466291c11017cebe7d37f1a226a,0.0,0.003182421996436595,0.0,0.0,0.0,0.0,0.0,0.003182421996436595
0xb0bf3846bd13b2e7dce99d1c0ffd1dedd6d8d41f,0.0,0.003182373267304926,0.0,0.0,0.0,0.0,0.0,0.003182373267304926
0xe4ace4c94bf45f48992994206aceca3649d061f1,0.0,0.0031823651148397726,0.0,0.0,0.0,0.0,0.0,0.0031823651148397726
0xa214507dbabca217233498fed0cd875133115224,0.0,0.0,0.003166493750651067,0.0,0.0,0.0,0.0,0.003166493750651067
0x29d8915a034d690ea4919fd9657cfdf6e6f679b1,0.0,0.0,0.0031435951458049726,0.0,0.0,0.0,0.0,0.0031435951458049726
0x25900c3595120916113e9b5e0dc1c2a13c5cb1b2,0.0010169087790880926,0.0021247404909250666,0.0,0.0,0.0,0.0,0.0,0.0031416492700131592
0x079a6b2324b98cd5b4a003562346b622ce602c7b,0.0031405078673752774,0.0,1.2342708248468318e-09,0.0,0.0,0.0,0.0,0.0031405091016461022
0x2fd2f42fcfaba50eeafa3413bcd8558d29676bf6,0.003137534771376057,0.0,0.0,0.0,0.0,0.0,0.0,0.003137534771376057
0x705ff92bb0e6be4981bdf07c56b615aecdeff473,0.0,0.0,0.0031360073140464005,0.0,0.0,0.0,0.0,0.0031360073140464005
0x0d957b657ffbdf359e32bcf4aa9dca8c14cabca8,0.00025522633511271324,0.0028770750513917383,0.0,0.0,0.0,0.0,0.0,0.0031323013865044514
0xddb9ab1421e6f1d864c01ba63fb05b183d5ea4d4,0.0,0.0031304568702160435,0.0,0.0,0.0,0.0,0.0,0.0031304568702160435
0x3c4d301c3871503c54ab09cd3883b21d110ed6a2,0.0,0.0,0.003123270012799777,0.0,0.0,0.0,0.0,0.003123270012799777
0x3c20923c5b71a5d3a83d9c6b38a75a75dc5069d4,0.0002352261688728435,0.0027693670620135974,0.00010823013596835929,0.0,7.063307761149309e-06,0.0,0.0,0.0031198866746159496
0xeee77d1b820809628bad1953c8f68345bc2623c6,8.233574575931662e-13,0.0,0.0,0.0031105381337132175,0.0,0.0,0.0,0.003110538134536575
0xcc66b7f749fb0f0ab60d77d65e470b3f368fcb17,0.0,0.0,0.003103745916841401,0.0,0.0,0.0,0.0,0.003103745916841401
0x4f13d27229815c5de7acaf1202b403ff5dbc962b,0.0,0.0,0.003094277123963084,0.0,0.0,0.0,0.0,0.003094277123963084
0x00dc74ce5d346b14b913071a032b7e2d29b0f2a6,0.0,0.0027811479587443776,0.0,0.0003117206865034739,0.0,0.0,0.0,0.0030928686452478516
0x82fc593dc89f3eb89e9974172b9173c6a6c1845f,0.0,0.00309244818348481,0.0,0.0,0.0,0.0,0.0,0.00309244818348481
0x42520bd12ffcbc4df6811e989ba8264907f7cdcb,0.0030867972457377406,0.0,0.0,0.0,0.0,0.0,0.0,0.0030867972457377406
0xed8b831dbe92f22c64eb09168dd2214c0d28e94b,0.0,0.0029542444318055487,3.058936333747995e-06,0.0,0.00011847776967999202,0.0,0.0,0.003075781137819289
0xf9221aad205c8be9fd5425802edecfca12f514e6,0.0,0.003061949655132391,0.0,0.0,0.0,0.0,0.0,0.003061949655132391
0x5b260b7c6cb9da91b883f7450fc4445e61634ed7,0.0030591637356988566,0.0,0.0,0.0,0.0,0.0,0.0,0.0030591637356988566
0xca9ade304e958d8817f93c4450da4a607b76ec48,0.0,0.003057522255333182,0.0,0.0,0.0,0.0,0.0,0.003057522255333182
0x59d6779eca6c91ed7679e261b54299b5155eadf0,0.0,0.0,0.003054825678591381,0.0,0.0,0.0,0.0,0.003054825678591381
0xbf1ba4d0ea17e206f86a28a0c6107da3ca5ae657,0.0006422285986441883,0.000992650065606491,0.0,0.0,0.0014146758818947803,0.0,0.0,0.00304955454614546
0x27b1209f8ddac623030a002fd330370ed4b23295,0.0,0.003044010699408454,0.0,0.0,0.0,0.0,0.0,0.003044010699408454
0xede73cd189e3d9d6518703507ff9652398a564c7,0.003036469832552811,0.0,0.0,0.0,0.0,0.0,0.0,0.003036469832552811
0xd4ec57304b68c41e260b582abb7891929e208408,0.0,0.003027794719116634,0.0,0.0,0.0,0.0,0.0,0.003027794719116634
0x3c1450ef5b4713bc28b269b8afedbe57305751d9,0.0,0.0,0.0,0.0,0.003019562349353012,0.0,0.0,0.003019562349353012
0x2a447892fe8eaa75f09a2d8f0cba0926b8e967d9,0.0,0.003018389423627705,0.0,0.0,0.0,0.0,0.0,0.003018389423627705
0x116efc1cb5ec068fa8f9ffa55946c1e9def8fcfc,0.0,0.0,0.0030181633758584792,0.0,0.0,0.0,0.0,0.0030181633758584792
0xbb8eab8da7792cf59ad2c053d6b49b4636a507dc,0.0,0.0,0.0,0.0030149773278723485,0.0,0.0,0.0,0.0030149773278723485
0xf4419ff36675631b4fe6939543b6ea0a717d72e1,0.00301321183770389,0.0,0.0,0.0,0.0,0.0,0.0,0.00301321183770389
0x7ff6c1d64bbb5e076f9f7d075bcb027b0462958f,0.0006755865687015119,0.002334223294226808,0.0,0.0,0.0,0.0,0.0,0.00300980986292832
0x303bba17d8867b0a76ae2b8fb4e9ee9bc7714391,0.000323440392352466,0.0026814815309459546,0.0,0.0,0.0,0.0,0.0,0.0030049219232984206
0xf6ae6a97ae4d6c0f9bb14ae78dcbdd9015571803,0.0,0.002992634684506977,0.0,0.0,0.0,0.0,0.0,0.002992634684506977
0x9d2fbb357c1017508f098d69ae7f19d63241d656,0.0007999840261959776,0.0,0.0,0.002192096255663129,0.0,0.0,0.0,0.0029920802818591066
0xe9439d2f5935b992d3c63ed4933832b60ca3ecc6,0.002991581359592489,0.0,0.0,0.0,0.0,0.0,0.0,0.002991581359592489
0xa1c5d18e443684eac76d299e4fadbcd35c8602db,0.0,0.002810290743361138,0.00017772411654055144,0.0,0.0,0.0,0.0,0.002988014859901689
0x9a5b5905c24e199dc81e33c06633e708d19dfd1a,4.056605362548486e-05,0.0,0.0,0.0029473597677085682,0.0,0.0,0.0,0.002987925821334053
0x3b1581be2ac6c63bd33a084c21020e08a7f846c7,0.0,0.0009509713924185687,0.002022490632431856,0.0,0.0,0.0,0.0,0.0029734620248504247
0x86531e3cf4bd3f374131b1dc53e9773bc4dacc27,0.0,0.002966319342114929,0.0,0.0,0.0,0.0,0.0,0.002966319342114929
0xe95767808647552f64753fd661dd539c803ae74e,0.0,0.0029629291002230833,0.0,0.0,0.0,0.0,0.0,0.0029629291002230833
0x7a4956e5abe1d4c431a127b8db5a40a80557d3a1,0.00016100290733151606,0.0,0.0,0.0,0.0,0.0,0.0027975636847138836,0.0029585665920454
0x874d342e971f106964628d4253e3e8f30d7629f8,0.0029415371660197905,0.0,0.0,0.0,0.0,0.0,0.0,0.0029415371660197905
0x34374abd7184a583b0a4f3a5c75f55199a9395f3,0.0029414445172513616,0.0,0.0,0.0,0.0,0.0,0.0,0.0029414445172513616
0xb198943d5ccdc521dbb3acf7efcb12d6a0d51f83,0.0,0.0029410497935362418,0.0,0.0,0.0,0.0,0.0,0.0029410497935362418
0x2271939e120bd097cd865b4ca11bb28a6fad1337,0.002939577885911815,0.0,0.0,0.0,0.0,0.0,0.0,0.002939577885911815
0xf23e7e9936d72ca8d903d5e881ff3b976c019df7,0.0029394978340421024,0.0,0.0,0.0,0.0,0.0,0.0,0.0029394978340421024
0xa3e8774788151344fc4d4c1fe9b2070f0008c561,0.0,0.0,0.0029347808517926027,0.0,0.0,0.0,0.0,0.0029347808517926027
0x27b611619c509b8902069e3ba1b95acbe229332d,0.002932621125620731,0.0,0.0,0.0,0.0,0.0,0.0,0.002932621125620731
0x7eef6f6affb8d30dbfc332e9f3065b27ae80d5e1,0.0029226900050128247,0.0,0.0,0.0,0.0,1.08783285153375e-09,0.0,0.0029226910928456763
0x4be3d6d6fcea713ca2fdf1a88c27933c37136290,0.0,0.0,0.0,0.002920852477407623,0.0,0.0,0.0,0.002920852477407623
0x44c5ad280603a89060a203b3370d5a3cd17cb8ca,0.0,0.002916929628902879,0.0,0.0,0.0,0.0,0.0,0.002916929628902879
0xe4eb943941181ee5074e879cc4b6ab771c3322ab,0.0006424599870245445,0.0012999557021823064,0.0009715698745833466,0.0,4.898056072523262e-11,0.0,0.0,0.0029139856127707586
0x513cdf0394f6034527d6f5bba807a984083ca360,0.0,0.0028897008630947747,0.0,0.0,1.4884581060161035e-05,0.0,0.0,0.002904585444154936
0x954b6de2e9c58b0ca7b21e9a048fd0a6cea6f92c,0.0,0.0,0.0,0.002903893795389329,0.0,0.0,0.0,0.002903893795389329
0xd0daa2a855dd7d59f32fd1f209984f77665f797d,0.0029019445792091095,0.0,0.0,0.0,0.0,0.0,0.0,0.0029019445792091095
0xb6161d11f7d54748e06fb058400667f97e5d238a,0.0,0.002900372078628646,0.0,0.0,0.0,0.0,0.0,0.002900372078628646
0xa39d1e017e12571c1c782f35e2abe9cebf298279,0.0006056164419729102,0.0,0.0022920251258593967,0.0,0.0,0.0,0.0,0.002897641567832307
0x7ec19641246f48f66de16dad08fb26ca418cf547,0.0008567097313105406,0.002040829462199662,1.0376750161017728e-08,0.0,0.0,0.0,0.0,0.0028975495702603634
0x47d228fb786bb14117625147f1055638f46b6893,0.0,0.0028913094717475055,0.0,0.0,0.0,0.0,0.0,0.0028913094717475055
0x344fdc5afa3bd4778f961d65729090fd38103a40,0.002881568204243783,0.0,0.0,0.0,0.0,0.0,0.0,0.002881568204243783
0xb0767b217fb1530b064bb1f835c57c047c08ae72,0.0,0.0028783850308014315,0.0,0.0,0.0,0.0,0.0,0.0028783850308014315
0x6950e3624a3d58060895c55fedbfc584e21eab11,0.0,0.0028734974133611114,0.0,0.0,0.0,0.0,0.0,0.0028734974133611114
0xa989211afe9d26302588559565419092b81cdd4c,0.0,0.0028726678491393953,0.0,0.0,0.0,0.0,0.0,0.0028726678491393953
0x686c0bdf5c8c9b1665b78ace8567710b25e45e52,0.0021987746884423397,0.0006736614155146494,0.0,0.0,0.0,1.2222270846882327e-11,0.0,0.00287243611617926
0xf288825240c8b3a614c26f0f98fd1eeefbec6ca0,0.0003952273625835507,0.0024752358191163777,0.0,0.0,0.0,0.0,0.0,0.0028704631816999283
0x25988c0c9838c2b0aafec3bab53be887e632adfa,0.0,0.002865879962752142,0.0,0.0,0.0,0.0,0.0,0.002865879962752142
0xbe805e608dbf4345109047213fa94e14d3b97c97,0.0,0.0,0.002859798770653399,0.0,0.0,0.0,0.0,0.002859798770653399
0xf7fa12f045ae2dd0d227d124616a2022cf85318d,0.0024249979203653784,0.0004345465520460576,0.0,0.0,0.0,0.0,0.0,0.002859544472411436
0xc2e39abc00d56c4202d241fb7e43bab476c9ee9b,0.0,0.0,0.002848743704786147,0.0,0.0,0.0,0.0,0.002848743704786147
0xd5fdc7790ca6a881e5067bc0d73406de1e2dc59e,0.0,0.002848503183433743,0.0,0.0,0.0,0.0,0.0,0.002848503183433743
0x59f2b68ae6c13c69c0b6475ddd219dfbcaa4fa31,0.0,0.0,0.0028478290227019996,0.0,0.0,0.0,0.0,0.0028478290227019996
0xa63bf1452bb4943045a76eaebef8a61bbc97c1dc,0.002847210160223354,0.0,0.0,0.0,0.0,0.0,0.0,0.002847210160223354
0x7301b3f687513c105383abf86cc04461c1543c5a,0.0,0.0028460348953975134,0.0,0.0,0.0,0.0,0.0,0.0028460348953975134
0x2ae3af4d1f4f3b7aa637609d8507630db48d0ff7,0.002344404739496,0.0,0.0,0.000497224454901096,0.0,0.0,0.0,0.002841629194397096
0xc65634c6c6dbc03e512ebe6734448bfcf9d08ace,0.0,0.0028393131059674553,0.0,0.0,0.0,0.0,0.0,0.0028393131059674553
0xfb07d2bdef2deb1ebec001644b4732ab77281c7a,0.0028358793463732416,0.0,0.0,0.0,0.0,0.0,0.0,0.0028358793463732416
0x4c8307b5221b80e3aa8807ebdf363fd7458fa71b,0.0028357205344093955,0.0,0.0,0.0,0.0,0.0,0.0,0.0028357205344093955
0x307538d1ff324e77e5eb202e5aca37e0bad359d6,0.0028293051245435797,0.0,0.0,0.0,0.0,0.0,0.0,0.0028293051245435797
0xdc1ed19c71612ec6b85053ae1d720499015ff10a,3.5286748182564253e-13,0.0028184626558533476,0.0,0.0,0.0,0.0,0.0,0.002818462656206215
0x0a6bc3389f4eca70a1c97e357c689279f12c9460,0.002603195717914806,0.0,0.0,0.00021336593826900023,0.0,0.0,0.0,0.0028165616561838065
0xe9ac65e847ffa5f56f7fa44e51b24deed7e40bec,0.002815946985756475,0.0,0.0,0.0,0.0,0.0,0.0,0.002815946985756475
0xd5e0de8a3f23e4adbfb74a236fb43524abde063f,0.002815266239554981,0.0,0.0,0.0,0.0,0.0,0.0,0.002815266239554981
0xe1347a6f7f44fdd6ae8b2fa80e1c8e1e4a13c7a5,0.0,0.002781268310991222,0.0,2.9057804677892376e-05,0.0,0.0,0.0,0.002810326115669114
0x9519f8801cf937c64d8f5a73e3d1bd3b4819396a,0.0007338793624192641,0.0020727777439501893,0.0,0.0,0.0,0.0,0.0,0.0028066571063694533
0x22910e4922be2d2fcbe9be25613a00279f6cd039,0.0,0.0028027382505755693,1.6565777603112733e-06,0.0,0.0,0.0,0.0,0.0028043948283358808
0xd1d92c2392beed4cf44393c30db7e1f871683ed2,0.0,0.0028005912156821417,0.0,0.0,0.0,0.0,0.0,0.0028005912156821417
0x961a52c6948ad562a88e676fdb3b579a9b30e09e,0.0,0.002793493287494791,0.0,0.0,0.0,7.34716518716592e-10,0.0,0.0027934940222113097
0x5808f403d126a21ebccbc7bbe7b02b7397e0b7d1,0.0,0.0,0.0,0.0,0.002792770068122135,0.0,0.0,0.002792770068122135
0x274829c52bba894d62a4931b46b76cfe0606ac26,0.0,0.002792175941408794,0.0,0.0,5.636720444966135e-10,5.577950699408154e-10,0.0,0.0027921770628759083
0xb2e52068001e5e90e720abb4b6c608c2d8e380f5,0.0,0.0,0.002747073127296064,0.0,4.211132734598603e-05,0.0,0.0,0.00278918445464205
0xce0ded16c2b3a300a7494ae565d207406ee435c3,0.0,0.0027884672139229043,0.0,0.0,0.0,0.0,0.0,0.0027884672139229043
0x05336e92edef2883d5cca2aaeee1b63187cef177,0.0,0.0027857332588927582,0.0,0.0,0.0,0.0,0.0,0.0027857332588927582
0xad17465c49715324410f96573dbea640befd48f2,0.0,0.0027840073467774186,0.0,0.0,0.0,0.0,0.0,0.0027840073467774186
0xd03a15516a3dc71261703e8bf3790d0f094a096c,0.0,0.002781263601313708,0.0,0.0,0.0,0.0,0.0,0.002781263601313708
0xa2a2819ed645bd58ec0a44587bf55e81c210e4c4,0.0,0.0,0.0,0.0,0.0,0.0027808045766183564,0.0,0.0027808045766183564
0x178a71d79a921d865c226ca93be8a8778a3e3b31,0.0,0.0027774932372623402,0.0,0.0,0.0,0.0,0.0,0.0027774932372623402
0x3fe44a68aad639444a3a57eace30f33ac54753d6,0.0,0.0027759620046340465,0.0,0.0,0.0,0.0,0.0,0.0027759620046340465
0x9538129e24ea222df35189c31cb10a65c98072a0,0.0,0.00032409380483577167,0.002448814222362192,0.0,0.0,0.0,0.0,0.0027729080271979636
0xe292001f07318a99b36e28e59bd005b09a8c3781,0.0,0.0027682922463527614,0.0,5.554338291745083e-07,0.0,0.0,0.0,0.002768847680181936
0xbc4169fa13800e3c45dd5d74e25546b0551ce2e1,0.0,0.002755948347254553,0.0,0.0,0.0,0.0,0.0,0.002755948347254553
0x8f8b4649ff7218d3739da6d208f7867328a0f2c7,0.001176342561912576,0.0015773703754233973,0.0,0.0,0.0,0.0,0.0,0.0027537129373359733
0xf2c4c08d58874a1b6dd16dc02e303bacfb20ea83,0.0,0.002749591061872995,0.0,0.0,0.0,0.0,0.0,0.002749591061872995
0x4cae5bed586f6e73ae54ebd40a4ac4ed2c477c34,0.0027334667938665414,0.0,0.0,0.0,0.0,0.0,0.0,0.0027334667938665414
0xfa80e08921f465c4ac10ae135869019846040405,0.002732057695826599,0.0,0.0,0.0,0.0,0.0,0.0,0.002732057695826599
0xa59551f2276cb7bbb3bf664683f20ba2d6ec68b4,0.0,0.002727762689140097,0.0,0.0,0.0,0.0,0.0,0.002727762689140097
0x7c39e5309a7fa9e4496f9dd48c582b5ce6dee84d,0.0,0.002727759234689948,0.0,0.0,0.0,0.0,0.0,0.002727759234689948
0x31a4d42f522c7638045011e61913487dc709de33,0.0,0.002727754832232809,0.0,0.0,0.0,0.0,0.0,0.002727754832232809
0x4fbf59a38678d788c5fa04e813aeedcd7b897798,0.0027015957850724283,0.0,0.0,1.8655967343961556e-05,0.0,0.0,0.0,0.00272025175241639
0x3b6514326ed0362566e241210d43a90edb6287c9,0.0,0.002719128497083722,0.0,0.0,0.0,0.0,0.0,0.002719128497083722
0xa95695c71256e41c5d128ed8bcca88a01dace919,0.0,0.0,0.0027168437630026993,0.0,0.0,0.0,0.0,0.0027168437630026993
0x57124eb24f603a1005ab919a702c969156985e75,0.0,0.002715008941491806,0.0,0.0,0.0,0.0,0.0,0.002715008941491806
0x58449d159d3044bf2df5957a99d72fdca3d68756,0.0005105817305550899,0.0021444718750377413,0.0,0.0,5.124423078398243e-05,0.0,0.0,0.0027062978363768136
0xd385e0e6ec2318a82bc4e97f2d5d27d80d6683e1,0.0,0.002650603678597229,5.4733716319152424e-05,2.856117888759514e-13,0.0,0.0,0.0,0.002705337395201993
0xec1124eb08f82e2c3244083711ba40d9ab299974,0.0,0.0,0.0024635044658120942,0.00024174955156794242,0.0,0.0,0.0,0.0027052540173800365
0xc872f210d120a7b29efa9315a3789a2c7b321c66,0.0007810006147955878,0.001923828045848969,0.0,0.0,1.5086400270048741e-10,0.0,0.0,0.0027048288115085594
0x6ba6eff105062e1db7db083c5e5cf345d6cbaf7c,0.0,0.002704786497320877,0.0,0.0,0.0,0.0,0.0,0.002704786497320877
0x1d6b0fa9fea8765f6bcb28890605ff091f58b2bb,0.0025180393176582085,0.0,0.0,0.0,0.00011658512341945525,6.569614292154805e-05,0.0,0.002700320583999212
0x89c3556518511e3475d9691b286340f55c158548,0.0,0.0027000936053826995,0.0,0.0,0.0,0.0,0.0,0.0027000936053826995
0x3845e01b5aa136e5e7e33a7ae7d6195cab10b4d7,0.0,0.0,0.0,0.002699455860718491,0.0,0.0,0.0,0.002699455860718491
0x02cfdac6e736c7adf63196230c1ecce04f2e5acc,0.0,0.0,0.0026990163239984754,0.0,0.0,0.0,0.0,0.0026990163239984754
0x2c0babeec0bcd38e2b99bfe9d6e6226db4cba35b,0.0,0.002698912520639387,0.0,0.0,0.0,0.0,0.0,0.002698912520639387
0x798ed654f4d9599b99f94f4a61609b7a7cfbd200,0.002698304107228982,0.0,0.0,0.0,0.0,0.0,0.0,0.002698304107228982
0xaa5451c271e95bd7cbe39a2a01f0fa6cff8bbe87,0.0,0.0026976356646298905,0.0,0.0,0.0,0.0,0.0,0.0026976356646298905
0xa64e244d707468bf73c9bb61b16d68f9f6275a14,0.002688230526021367,0.0,0.0,0.0,0.0,0.0,0.0,0.002688230526021367
0x8c8792bda6422abb6aef572e3e44a5a7da7a7fce,0.001605519085674406,0.0,0.0,0.0010815748736776284,0.0,0.0,0.0,0.0026870939593520342
0x14ff09f3583452d46ed915b6d49e6bd09ad7eaaa,0.0026793761806721762,0.0,0.0,2.8763331607702164e-13,0.0,0.0,0.0,0.0026793761809598094
0x24c3ea344394230ad4d8e4316dc64a3d705a1ea0,0.0,0.0,0.0,0.0,0.0,0.0,0.002677336136023278,0.002677336136023278
0x926f3027a146b1635a858d1f300ee4199ac2bcde,0.0017723115649411014,0.0009046832102149405,0.0,0.0,0.0,0.0,0.0,0.002676994775156042
0xba6e046fddcfc8ae8f91a9d12ff8ad04090cdac7,0.0005288953792613302,0.0,0.002147898152863133,0.0,0.0,0.0,0.0,0.0026767935321244628
0xe32e647a120f05062a7bc849864b9ad9d481ff3b,0.0,0.0,0.0,0.0,0.0,0.0,0.002664060075979572,0.002664060075979572
0x21585d150a6b5fcb828a72c13a795a2a5d7508fb,0.0,0.0026633976737183342,0.0,0.0,0.0,0.0,0.0,0.0026633976737183342
0x8993f122bb0b6a531923879708c266a18e339a62,0.0,0.002656443666967373,0.0,0.0,0.0,0.0,0.0,0.002656443666967373
0x27049ea14aef1583e636ccf0a171e85b3994cbde,0.0017469745756236235,0.0009083071001241992,0.0,0.0,0.0,0.0,0.0,0.002655281675747823
0x5bf2366d2591f75ade949727baf197c123e454f1,0.0,0.0,0.002648676164356426,0.0,0.0,0.0,0.0,0.002648676164356426
0x66132380960d58f44dfade887d78ff365337d88b,0.0,0.0,0.0,0.0,0.0,0.0,0.0026444500684729565,0.0026444500684729565
0xbae7a58b23f91a6e0d5d06276e7e5db05340d7ba,0.0,0.0,0.0,0.0,0.0026387247561988013,0.0,0.0,0.0026387247561988013
0xe1e1342533d5733a09afa29e2b58996756163b35,0.002638310070341335,0.0,0.0,0.0,0.0,0.0,0.0,0.002638310070341335
0x1ff3fa5a1ce86f629619b3434646d1eaf0999f74,0.0,0.00013450368832999693,3.666089527670824e-11,1.0344024272638344e-05,0.002492534029607971,0.0,0.0,0.0026373817788715014
0x42c6c49b94c81980b6bbc3a0a26f56cb4dc783cd,0.0,0.0013762666468342271,0.0012586740778533004,0.0,0.0,0.0,0.0,0.0026349407246875275
0x7a414969b98399f7a1c44e18a0c434dd36d3c137,0.0026347326828760555,0.0,0.0,0.0,0.0,0.0,0.0,0.0026347326828760555
0x5e8d4adcaf42a97ed474f74013b208d7635a1324,0.0,0.0026308604170795996,0.0,0.0,0.0,0.0,0.0,0.0026308604170795996
0x462051a908b5c001bea9891ce4b0c8cab37568d3,0.0026263598205586132,0.0,0.0,0.0,0.0,0.0,0.0,0.0026263598205586132
0x68c12d3f0bb803f79ec9da21fcaf553377806880,0.0,0.0,0.002623360115665893,0.0,0.0,0.0,0.0,0.002623360115665893
0x83a5a0dc27bdf50e2e32189bb41dbce03a338f76,0.0,0.0,0.0026227164560732583,0.0,0.0,0.0,0.0,0.0026227164560732583
0xa8466b87930a633d366e7a882f07307ab1569ed3,0.002618011669323268,0.0,0.0,0.0,0.0,0.0,0.0,0.002618011669323268
0xe82617e7787955bc90c40229a7a2659d728a426b,0.0,0.0026148505291510834,0.0,0.0,0.0,0.0,0.0,0.0026148505291510834
0x52474705f79882291030a8571ecfeccc01432a29,0.0,0.0,0.002608481715226556,0.0,0.0,0.0,0.0,0.002608481715226556
0x475ce2c6c65d8eb609b2a5ea05dcbac728b5dab7,0.0,0.0,0.0026021167168082332,0.0,0.0,0.0,0.0,0.0026021167168082332
0x72250676a4dfe8a8b365a9d213981a3ac9b2bbe2,0.0025802675034191512,0.0,0.0,1.7766155905468452e-05,0.0,0.0,0.0,0.0025980336593246197
0xdf6b3b4caa4d906b3a080ed6367b4e52d13fa34b,0.0,0.0,0.0,0.0025973557118247354,0.0,0.0,0.0,0.0025973557118247354
0xe818c7b2b5739482f5d1bb044408d640a9fdabb3,0.0,0.0,0.0,0.0025962214871396573,0.0,0.0,0.0,0.0025962214871396573
0x1a2598cd5bd4fd0ee3f99d73792668ea05b2daa0,0.0,0.0025890087072400424,0.0,0.0,0.0,0.0,0.0,0.0025890087072400424
0x679f43dc414360abc653ce385e13220f31268a6e,0.002587643112823766,0.0,0.0,0.0,0.0,0.0,0.0,0.002587643112823766
0x367909655f3be562f024de6e74a06438c077c44a,0.0,0.002574918080441573,0.0,9.472057414467705e-06,0.0,0.0,0.0,0.0025843901378560406
0x8154905bb81b4c1da8a6102d623869b6f3722b45,0.00043339988149889504,0.0021134160957003113,0.0,3.608221079049339e-05,6.969514533119046e-10,0.0,0.0,0.0025828988849411526
0x5cb58bfa6916c501cd3d0839df2318a6e288d05f,0.0025707267537980177,0.0,0.0,0.0,0.0,0.0,0.0,0.0025707267537980177
0x0f5a9e2ed8a2d256feb25abae7a53de7535119ae,0.0025696075732288487,0.0,0.0,0.0,0.0,0.0,0.0,0.0025696075732288487
0x7c8fc95961f6b6dabbe9b46adaa9d028ae8deffa,0.0,0.0,0.0,0.0,0.0025614292545192026,0.0,0.0,0.0025614292545192026
0x89db038684df4fd35a360e508a676d80fe681f29,0.0025429324506619716,0.0,0.0,1.6840319701129307e-05,0.0,0.0,0.0,0.002559772770363101
0x3f57d06403e9609d64a011209cc6f3054aca22ed,0.0,0.0,0.002558125142923551,0.0,0.0,0.0,0.0,0.002558125142923551
0xc8aab5a093c9816215246c9c4d891754e95c913a,0.0025381320413214877,0.0,0.0,1.721432072976087e-05,0.0,0.0,0.0,0.0025553463620512484
0x0b1b167d63fcd3a3f2bbc176698a057d18ee451a,0.0025518748277962022,0.0,0.0,0.0,0.0,0.0,0.0,0.0025518748277962022
0x0f546762c42c7719e1ef209a9767ae539308f050,0.00029257530625702977,0.0022560365365927914,0.0,0.0,0.0,0.0,0.0,0.0025486118428498213
0xa3cffe49e5ac85085057e9a85fde342d3d698f85,0.0,0.002546016118332441,0.0,0.0,0.0,0.0,0.0,0.002546016118332441
0x94eef9b6e6affb197a181fa2fb00d18f75edf9e2,0.0,0.0,0.0025454650658816177,0.0,0.0,0.0,0.0,0.0025454650658816177
0x93ff7898c4b1d782755bcc7a4945a7344b81b056,0.0,0.0025454548549875633,0.0,0.0,0.0,0.0,0.0,0.0025454548549875633
0x60e4d60854da1242b264e34d7f5b2fa6294b0783,0.0002940532257184337,0.0022475830925388312,0.0,0.0,0.0,0.0,0.0,0.002541636318257265
0x529f05e213eeba5a94bdebb405c70a478859a0cd,0.0,0.0025375769009666344,0.0,0.0,0.0,0.0,0.0,0.0025375769009666344
0xe751d56c31dc1b16595a2cdfc94388687e26a674,0.0,0.0,0.0025246429820570695,0.0,0.0,0.0,0.0,0.0025246429820570695
0x7b3dd278515a07c8e73ca259b15721525c4aa0b4,0.0,0.0025139975773963014,3.5976886964659025e-08,0.0,0.0,0.0,0.0,0.002514033554283266
0x2476fe4741312485613c131286b4e924306cd947,0.0,0.0025126522589220906,0.0,0.0,0.0,0.0,0.0,0.0025126522589220906
0xa4e0a87cd07a4275c6a91450d5058f984ac3f8f5,0.002508235725373908,0.0,0.0,0.0,0.0,0.0,0.0,0.002508235725373908
0x50d4df2878e44f0d4ba02502f0a3646f9daf5d5f,0.0,0.002504764904481902,0.0,0.0,0.0,0.0,0.0,0.002504764904481902
0xba64a4e5641bcd04530c0bfeaeb25471557634c5,0.0011476422027339077,0.0013549293751766952,0.0,0.0,0.0,0.0,0.0,0.002502571577910603
0x0909ad48e414797ad4acb711663b9244b2cc1d44,0.0,0.0,0.0024988543906202853,0.0,0.0,0.0,0.0,0.0024988543906202853
0x91d6f2f81df25da15d73e05f38eee23fcec8da10,0.0024693640028366406,0.0,0.0,1.72480377519055e-05,0.0,0.0,0.0,0.002486612040588546
0x2b076ad65ddd1609f38267666ff4c829eb607409,0.0,0.002483525162435769,0.0,0.0,0.0,0.0,0.0,0.002483525162435769
0x33f9d0e63fc5a48bfe35cabd3d1a2209de469087,0.0024708618059083374,0.0,0.0,0.0,0.0,0.0,0.0,0.0024708618059083374
0x573675b5d02b4d3b54e347f4848609702bbaed68,0.0,0.0024659909299922615,0.0,0.0,0.0,0.0,0.0,0.0024659909299922615
0xc4ef9496b336889561ddf417626994dc92553628,0.0013771239728754252,0.0,0.0,0.0,0.0,0.0,0.0010817696211614964,0.0024588935940369214
0x77fa62e63681f03c17e1f1211714be2c27639a84,0.0,0.0018539766862231543,0.0,0.0006013547835480784,0.0,0.0,0.0,0.0024553314697712326
0x927154b2a5b19638c2a452e8f74e0b496c2125b7,0.0,0.0018997999956116532,0.0005547990427236824,0.0,0.0,0.0,0.0,0.002454599038335336
0xb29da9e59210f12bbab71c1ad75b1694c25cdcc6,0.0,0.0,0.0024499567367827772,0.0,0.0,0.0,0.0,0.0024499567367827772
0x908fd82fdd31c66cfbc08817c838c1fdf8af5934,0.0,0.0,0.0,0.0,0.0,0.0,0.0024476163389328207,0.0024476163389328207
0xd2717b8f3729533df9b60b4bf562016b6a5c070b,0.002350658613052345,0.0,0.0,0.0,0.0,0.0,9.31283430526939e-05,0.0024437869561050388
0xd9638c35514f1d7bc013e90b7c21c282e9ebc1ac,0.0,0.0,0.002442250129242153,0.0,0.0,0.0,0.0,0.002442250129242153
0xf33dc0ffbc5107962439f545d64679d877a8aaf1,0.0,4.614918784759078e-05,0.0017251219660284174,1.716901629840417e-08,2.2338834370654768e-07,0.0,0.0006666564529523939,0.0024381681641884073
0x94791c864c2a2b534d063fa62434b55f96c02654,0.0,0.0013174000248838017,0.0,0.0,0.001120073346575494,0.0,0.0,0.0024374733714592955
0xe8b55fd62045d51274812e5c3ab803055c0e3eaa,0.0024324411503462953,0.0,0.0,0.0,0.0,0.0,0.0,0.0024324411503462953
0x6b1769815ab6556959999272cde36c6062f3a3d8,0.0024305871790687135,0.0,0.0,0.0,0.0,0.0,0.0,0.0024305871790687135
0x7f1164b1dc89b7806516e22afbeec5fa8a93e8d9,0.0,0.002425850653686355,0.0,0.0,0.0,0.0,0.0,0.002425850653686355
0x6e08cd75cf2cde820af943d0b1278b5b4645c7ab,0.002399978776307371,0.0,0.0,1.8381373232896015e-05,0.0,0.0,0.0,0.002418360149540267
0xbb714098a87b38adf9b79d7966cab6223d54b03d,0.0007070826298446954,0.0009284417789068107,0.0007777851627412731,2.7819266920362812e-06,0.0,0.0,0.0,0.0024160914981848154
0xb89cc1d2c0dea3ec004b4e63d351d1a7be032753,0.0023994761521012654,0.0,0.0,1.636832982545616e-05,0.0,0.0,0.0,0.0024158444819267215
0x5535c48511faa34bc3666f385b9b3ab93a65f845,0.0,0.0023334852160499606,0.0,0.0,7.714861068512901e-05,0.0,0.0,0.00241063382673509
0x38d4aa05b0c4445978bfb353c4aedfc31b01de86,0.001412852718560952,0.000988847845801596,0.0,5.622048263681276e-06,0.0,0.0,0.0,0.002407322612626229
0xb3b71e8d235603098cbc0425068df50b27deca6c,7.80072379822554e-09,0.002407199464770365,0.0,0.0,0.0,0.0,0.0,0.0024072072654941633
0x64d43f121b11210998a8516d618a9119cf4ea698,0.0024062515943773888,0.0,2.1400838664279307e-07,0.0,0.0,0.0,0.0,0.0024064656027640314
0xa06b4f71b94ec6b59e0633c015772d3f1efdf7ca,0.0,0.0,0.0018706473112996911,0.0,0.0,0.000534363201351563,0.0,0.002405010512651254
0x85b5594abfee34b56cbd4f07dd5ad5bca98b6190,0.0,0.0024027315116374364,0.0,0.0,0.0,0.0,0.0,0.0024027315116374364
0xa928099869f5b3fdf41c07d37d52e021140a8edf,0.0024008750595934407,0.0,0.0,0.0,0.0,0.0,0.0,0.0024008750595934407
0xd9fa0a8d7ed193d1b020f9d4b6888407e6382c04,0.0,0.002399483895398711,0.0,1.7688761089631927e-13,0.0,0.0,0.0,0.0023994838955755985
0x75f756a7e2a5e2a4292f45888a7f86deca5e4b24,0.0,0.0023516230715426296,0.0,4.5320912185492e-05,0.0,0.0,0.0,0.0023969439837281214
0xd644f4a648b99052805b971c330ed50f70848547,0.0,0.0023967497859301357,0.0,0.0,0.0,0.0,0.0,0.0023967497859301357
0x980d5c449b0ff3fdfac4b1ba8de7e9e250bd7a00,0.0,0.0,0.002393827277740474,0.0,0.0,0.0,0.0,0.002393827277740474
0xd0ef854b74d2fe1afe4c5267ce4c86ca915b0a6e,0.0008103547613776684,0.0,0.00158068511760212,0.0,0.0,0.0,0.0,0.0023910398789797884
0x407d956dcd0bd6cb0c5690aa66cd0368aab5e358,0.0,0.002328675583481962,0.0,0.0,5.512594707287179e-05,0.0,0.0,0.002383801530554834
0xe02ca790fc3b5053f9a4b4d67daa63af5e1094c2,0.0,0.0,0.0,0.0023805792601897992,0.0,0.0,0.0,0.0023805792601897992
0xe61e7c8153202305844694d0c3762868ff601523,0.0,0.0,0.002379479275354875,0.0,0.0,0.0,0.0,0.002379479275354875
0x564c3ec4dd8f874a3e8884972ba5cbed40b87490,0.0012190334529209705,0.0011371427919145973,0.0,2.303864430233649e-05,0.0,0.0,0.0,0.002379214889137904
0x6631b5138b3bd50fedab343c4d3bafab12dedd45,0.0,0.0,0.002375451509008719,0.0,0.0,0.0,0.0,0.002375451509008719
0xff3758ce1812c75a759c348cbfb89b20c2dcb4c2,0.0023753990060246533,0.0,0.0,0.0,0.0,0.0,0.0,0.0023753990060246533
0xf26af4507570eca53f612d8639305ce3f66a2806,0.0,0.0,0.0,0.0,0.0023697246846364774,0.0,0.0,0.0023697246846364774
0xffd4652dbabc041f01613ff42d53fb315fc7987c,0.0,0.0023692288821987955,0.0,0.0,0.0,0.0,0.0,0.0023692288821987955
0x8f278cd7be912af02df8bd65658a26bd3c28c6ba,0.0023689333932773444,0.0,0.0,0.0,0.0,0.0,0.0,0.0023689333932773444
0x676597b850f0d7d0b6047dd9756095b9032f90f5,0.0023687041313930094,0.0,0.0,0.0,0.0,0.0,0.0,0.0023687041313930094
0xa75b861f1753d2c0875eacf512bab511ea63d5ea,0.0,0.0,0.0023572404238326587,0.0,0.0,9.135779964066223e-06,0.0,0.002366376203796725
0x48c2613a31aff4c85c1fb36957bb9087864facc8,0.0,0.0018350484678433538,0.0005310105317915576,0.0,0.0,0.0,0.0,0.002366058999634911
0xa25a01284ed4bc3e45bc12008d1733eb1002d5a8,0.002365140066671492,0.0,0.0,0.0,0.0,0.0,0.0,0.002365140066671492
0x1ad37c45ebbd03caf2551c22541d7d5e4d8aadab,0.0023600040434265286,0.0,0.0,0.0,0.0,0.0,0.0,0.0023600040434265286
0xba78509ae5cf644a169807678cc7a047215d8621,0.0022225396632732826,0.0,0.0001359814638201891,0.0,0.0,0.0,0.0,0.0023585211270934717
0x00346162bc31750b3073ed531f4da1db3651d17e,0.0023526498366066967,0.0,0.0,0.0,0.0,0.0,0.0,0.0023526498366066967
0x6186290b28d511bff971631c916244a9fc539cfe,0.0023524504674203835,0.0,0.0,1.6145567662805884e-07,0.0,0.0,0.0,0.0023526119230970117
0x337189f12dccb10013de352f56ba34dc91b580d3,0.0023524497546281373,0.0,0.0,0.0,0.0,0.0,0.0,0.0023524497546281373
0x9ac0f4845ad0b59818e526170fba2d2e754f97d6,0.0023523354060388147,0.0,0.0,0.0,0.0,0.0,0.0,0.0023523354060388147
0x000000000000134c41930c0a6324efd7e8d4a3bb,0.0023522144694134643,0.0,0.0,0.0,0.0,0.0,0.0,0.0023522144694134643
0x1047010c23473735c046815611c3f5e8cd5a8c08,0.0023509913599124633,0.0,0.0,0.0,0.0,0.0,0.0,0.0023509913599124633
0x096f5ae2f2379b4922b5b26970492b064ae28ec0,0.002350138703409546,0.0,0.0,0.0,0.0,0.0,0.0,0.002350138703409546
0x696fcb5f6ec2f3c34fb75fd6d2ae85a6e3ad8b33,0.0006475380824377981,0.0017021373788510894,0.0,0.0,0.0,0.0,0.0,0.0023496754612888876
0x2cd1bdc8496f27d01d82a8df4eb724ab4227de9b,0.002331487198084824,0.0,0.0,1.6145889708339014e-05,0.0,0.0,0.0,0.002347633087793163
0xd823fee380ec1755902b35e69c1c3438c5f31a17,0.0,0.002333350905571317,0.0,0.0,0.0,0.0,0.0,0.002333350905571317
0xd8ec4e979b8db9f2ae6713d65256afdf825853d3,0.002011716984556966,0.00018571928328499343,2.4465339049904956e-05,0.00010390331140979225,0.0,0.0,0.0,0.002325804918301657
0xbb1598e6fdab904f2a62cb2e338ed44b3bf34951,0.0,0.002322002933501757,0.0,0.0,0.0,0.0,0.0,0.002322002933501757
0x259bde8429c62e48bf9bb781baae572677a65f42,0.0019312943181153766,0.0,0.0,0.0,0.0,0.00039019354211268015,0.0,0.002321487860228057
0x0693788aa657d71b92c9f3face34dc8929cda645,0.0,0.002320992898723644,0.0,0.0,0.0,0.0,0.0,0.002320992898723644
0x5fcb404e453335a5d38264b9800f09363184ddde,0.0,0.0,0.002253361955816603,6.61523527021315e-05,0.0,0.0,0.0,0.002319514308518735
0x8eeffbbff6cc917d333308c34df894e552975318,0.0,0.002318404786368224,0.0,0.0,0.0,0.0,0.0,0.002318404786368224
0x4e761a706142458435fe7348301e3fa80766fc0c,0.0,0.0023173287253224163,0.0,0.0,0.0,0.0,0.0,0.0023173287253224163
0x677e7a637baee026c3b9faf1634bf3833065321f,0.0,0.002315956508309896,0.0,0.0,0.0,0.0,0.0,0.002315956508309896
0x39fde624e251b42a43e2564ad9fd07160cb2abb2,0.0,0.002315148325863796,0.0,0.0,0.0,0.0,0.0,0.002315148325863796
0xd23dc3aeabbfddb5e8866f77f5336a627173584f,0.0,0.0023150852184209898,0.0,0.0,0.0,0.0,0.0,0.0023150852184209898
0x1b17bbb9b525421e22f89d96b5a650798e7286c4,0.0,0.0023129622459228485,0.0,0.0,0.0,0.0,0.0,0.0023129622459228485
0x37a2571d5ab4ec8372d28abeaef0142a4d2afbc0,0.00025762347671658305,0.0020545991774954166,0.0,0.0,0.0,0.0,0.0,0.0023122226542119997
0xfa8340878eccb4f7ce489201a1c6cceb3197cddb,0.0,0.002311234110392286,0.0,0.0,0.0,0.0,0.0,0.002311234110392286
0x043eee8223938ba2762fa35ba6b53a304d6455f4,0.0022945560873193463,0.0,0.0,1.4627634032161733e-05,0.0,0.0,0.0,0.002309183721351508
0x60437592183bbf9b5748e1ac724bfbf55aba14e1,0.0,0.0023075423623075543,0.0,0.0,0.0,0.0,0.0,0.0023075423623075543
0xd66592ddd522a989bcbb0aa83ca6a50875c7db12,0.0,0.0022988387982231452,9.135962617533701e-08,0.0,0.0,0.0,0.0,0.0022989301578493207
0x45077c8d9c10f99e913ba7998d4c247db1c8ee17,0.0008474913963877078,0.0,0.0,0.0,0.0014488142703869347,0.0,0.0,0.0022963056667746427
0xb2eed7de9b452ce483929958699cb0f04e0b4709,0.0,0.0022940296821161886,0.0,0.0,0.0,0.0,0.0,0.0022940296821161886
0x1a5b37d3ed535e25a4857c4a1d7cc2c174a487b6,0.0,0.0022848442591967607,0.0,0.0,0.0,0.0,0.0,0.0022848442591967607
0x7f8ea06a8b5bf859f48ed94166daf5ae26dd989e,0.002280824899833945,0.0,0.0,0.0,0.0,0.0,0.0,0.002280824899833945
0x8e85bd1ce488831846120c385dbefc730cc2d69e,0.0,0.0,0.0,0.002280112087642976,0.0,0.0,0.0,0.002280112087642976
0x7f812a524e72461b4aa20f3146a0b3c50271efbf,0.00015175523725153306,0.001529185688232188,0.0,0.0,0.0005957337964699867,0.0,0.0,0.002276674721953708
0xafb6289d4e1dc71d4968257435d7a7c16ff7dee2,0.0,0.0,0.0022744889312814372,0.0,0.0,0.0,0.0,0.0022744889312814372
0xd9474373e5be76317bec90190f7bd095c081d08f,0.0,0.0022732264969252815,0.0,0.0,0.0,0.0,0.0,0.0022732264969252815
0x5094725e368ffee3e88f9ddc44545ec12bc4c020,0.0,0.002273182736924276,0.0,0.0,0.0,0.0,0.0,0.002273182736924276
0x79d8dd56fd52393bd78cbe9538d9dedff7d899bb,0.0,0.002272066821263925,0.0,0.0,7.251539294803731e-10,0.0,0.0,0.0022720675464178545
0xb40d3742c05bd17cda31cfd8d39f2691a9bc93bc,0.0001630330119425955,0.0021001601945578484,0.0,6.368662010839155e-06,0.0,0.0,0.0,0.0022695618685112827
0x15cd7d7a1fc0ca1b91f58d64a591da4f5c50ad7e,0.0,0.0009945007492876642,0.0,0.001274017982344937,0.0,0.0,0.0,0.0022685187316326015
0xdc1425e23245c129dbdcc5516933144279e694bd,0.0022634226387990876,0.0,0.0,0.0,0.0,0.0,0.0,0.0022634226387990876
0xf17b03b741bb7162bd5236203b59197d216b7f3d,0.0,0.0,0.0022599450184969914,1.3994377755180337e-06,0.0,0.0,0.0,0.0022613444562725096
0x83e6fb0845dd795a81fb2315154389bf1c8129b9,0.0,0.0,0.0022604707081189,0.0,0.0,0.0,0.0,0.0022604707081189
0xb95ec00eaef72ee1cbe3f95c41e16b27da35c2f0,0.0,0.0,0.002252393550543459,0.0,0.0,0.0,0.0,0.002252393550543459
0x01305ec32d7f1e7a2d337cf072c79acf59e6109c,0.0,0.0,0.0022455592866782253,0.0,0.0,0.0,0.0,0.0022455592866782253
0x0cf1f1342e4f9c3a7fb29f804e6741dbe810d58e,0.000215698064515915,0.0,0.002029006657092457,0.0,0.0,0.0,0.0,0.002244704721608372
0xcf5e7e4031405eec2bfd5e72a5f5c1ae9837cd36,0.0022441881473239202,0.0,0.0,0.0,0.0,0.0,0.0,0.0022441881473239202
0xba5e296aef040af296d53564d70622dc39f90238,0.0012147713994747917,0.0010177005635294107,5.748748642341327e-06,1.8958535433255844e-09,2.3697228770290806e-07,5.2156883069018474e-06,0.0,0.002243675268094691
0x739d1728a3a6d1262f3456b5741c113445b4e857,0.0,0.0022418064274363227,0.0,0.0,0.0,0.0,0.0,0.0022418064274363227
0xa67fdce246f7d442bdbb3d9e286d4d5a59bdc8b7,0.0,0.0022284827268670895,0.0,0.0,0.0,0.0,0.0,0.0022284827268670895
0x09f80bed3148b724d9193e3cee8e6a56fad40c7b,0.0011133674791268015,0.001062410119746163,0.0,5.031468882340834e-05,0.0,0.0,0.0,0.0022260922876963726
0x893733d3e94633384229b9a0d0c3f5ca00eca0ed,0.0017684310459567126,0.000453534933044474,0.0,0.0,0.0,0.0,0.0,0.0022219659790011868
0x466c0b6200dc50b3834a33c14a67016bc8a1b539,0.002098314986135979,0.0,0.0,0.00011909529628035943,0.0,0.0,0.0,0.002217410282416338
0xd07e30ee3323b2e8bede8c6079be7d3010c980b9,0.0,0.002216906307331331,0.0,3.249627832578699e-13,0.0,0.0,0.0,0.002216906307656294
0x797c03e5baec0e948054b8d030e3b138674150cb,0.002213703630824705,0.0,0.0,0.0,0.0,0.0,0.0,0.002213703630824705
0xc74132d0364eb622838013ae04facea494e231bd,0.0,0.0016954561170714774,0.0,0.0,0.0005178307709768771,0.0,0.0,0.0022132868880483545
0x743d220de5b58a07d37995aa93d832ce6723947b,0.0,0.00221071841967286,0.0,0.0,0.0,0.0,0.0,0.00221071841967286
0xbcd79fe605cd8b0ff74cde17762f9f1cbdf2d39a,0.0007264414319127146,0.0,0.0,0.001463696974640926,0.0,0.0,0.0,0.0021901384065536405
0xad7944e6baa2ffcfbe96329f07b3bef456d18287,0.0021897259342479537,0.0,0.0,0.0,0.0,0.0,0.0,0.0021897259342479537
0xdb01bfab9d215c0815dc0cc138885ced3cf1cc81,0.0,0.0021885816435089993,0.0,0.0,0.0,0.0,0.0,0.0021885816435089993
0x7e73be2583128ccb67a7f626990c480891978b76,0.0021873227050741885,0.0,0.0,0.0,0.0,0.0,0.0,0.0021873227050741885
0xb879287b5e731dbfc2304b3135a32d949c2964ee,0.0,0.002178039808286194,0.0,0.0,0.0,0.0,0.0,0.002178039808286194
0x80f119e036699bf613ecd4ea5788ab15721ede57,0.0,0.0020551408338364482,0.0,0.00011930240824437081,0.0,0.0,0.0,0.0021744432420808192
0x2518b219be5865ed4e68a2b3d7e0f0544e6145a1,0.002172376427104866,0.0,0.0,0.0,0.0,0.0,0.0,0.002172376427104866
0xd054e19037c2665aadbad5dc80f7d8082689d643,0.0,0.0021694691895400493,0.0,0.0,0.0,0.0,0.0,0.0021694691895400493
0xf24a41d76cc26d779efc27c0f50d82376c8ef929,0.0,0.0021582223237949292,0.0,0.0,0.0,0.0,0.0,0.0021582223237949292
0x296fe5c0d402e86c8d6419d57c0cd22ef112e26f,0.0,0.0021571314880578863,0.0,0.0,0.0,0.0,0.0,0.0021571314880578863
0x536d4b7cf643d6ef627971470afccdfbebb1f632,0.0,0.0,0.0021542413836178713,0.0,0.0,0.0,0.0,0.0021542413836178713
0x8769a3f9c62bff8e5c48e22760eed691451b1fc8,0.0021392322908743676,0.0,0.0,1.4092021274043257e-05,0.0,0.0,0.0,0.0021533243121484107
0x3f467a415f32e6ece92bb7d33ca9793b346d519c,0.001176223763193643,0.0,0.0009705034793709695,0.0,0.0,0.0,0.0,0.0021467272425646127
0xabfe11163153e5c0d0202d3708deea94278b81f6,0.002141103521494698,0.0,0.0,0.0,0.0,0.0,0.0,0.002141103521494698
0x1d9e005c389bb0b164a472112d329abf5934cbb0,0.0,0.0021376121226395093,0.0,0.0,0.0,0.0,0.0,0.0021376121226395093
0x1e9264e33fa02406e41de611962a72653ee24bd6,0.0,0.0,0.0,0.0,0.0021368993140537364,0.0,0.0,0.0021368993140537364
0xf432c009174fb7e0af1597fd045e32ff356e9a4b,0.0021357320902270754,0.0,0.0,0.0,0.0,0.0,0.0,0.0021357320902270754
0x7712edeec7f22539a303b43ea6b76818aea848ae,0.0,0.00040808075954252925,0.0017274816130480276,0.0,0.0,0.0,0.0,0.002135562372590557
0x8e63da243cc0f5fe4fbd59949d3cbe925aee672d,0.001510801261158009,0.0,0.0,0.0006237487864282253,0.0,0.0,0.0,0.0021345500475862342
0xe2dbac0487c91dcf7d4a0046ade66effce0f4090,0.00013704202967845978,0.0,0.0019516754651334677,4.431232535839302e-05,0.0,0.0,0.0,0.0021330298201703204
0x8db292ded6f5b07295e23c79d86e3a5a9d8cc84c,0.0,0.002132639339983071,0.0,2.487974270749889e-13,0.0,0.0,0.0,0.0021326393402318687
0x56999466e04f32800d5000e664488e30fe8e6a3b,0.0021308766119173305,0.0,0.0,0.0,0.0,0.0,0.0,0.0021308766119173305
0x3f24a28a8a149de1390e43e1eb683a5570ad05b3,0.0,0.002130064430131888,0.0,0.0,0.0,0.0,0.0,0.002130064430131888
0xdaec2c114162743546a3c68becc780d5ceac440b,0.0,0.002128153095898009,0.0,0.0,0.0,0.0,0.0,0.002128153095898009
0xaeec530506309df9d90bfb091fa4e134402fb1b4,0.0021262890049573947,0.0,0.0,0.0,0.0,0.0,0.0,0.0021262890049573947
0xd3b45bbd86dcb8e00269355f690a1bb151ff563f,0.0,0.0021233608831950483,0.0,0.0,0.0,0.0,0.0,0.0021233608831950483
0x87414090acccf3e8df2894816e213a7debd88595,0.0021170179689327467,0.0,0.0,0.0,0.0,0.0,0.0,0.0021170179689327467
0x20d9c87e0efb750bd2fea8b1407bf4c42620bd2c,0.0021157259513522497,0.0,0.0,0.0,0.0,0.0,0.0,0.0021157259513522497
0x390d724955c26d38f1e90e494c929bd0a63988b1,0.0017406293492639475,0.0,0.00031850825135990143,8.059011996200757e-06,0.0,4.748043435241276e-05,0.0,0.0021146770469724625
0xb55405e490e9ca9908312ba53f1fd184258b4973,0.0,0.0009525169168060117,0.0,0.0,0.0,0.0011556561541094593,0.0,0.002108173070915471
0xad41eba80818ff79940ed1dd64eed64e2b884750,0.0,0.002105488351841647,0.0,0.0,0.0,0.0,0.0,0.002105488351841647
0x60db5e8fd5bde545c9c7521a81bd134d397705fc,0.0,0.0021033886880534574,6.689574090440687e-08,0.0,0.0,0.0,0.0,0.002103455583794362
0xb269c1e970fabfef968c27ce7eb2e54703d49e5a,0.0021015221110491,0.0,0.0,0.0,0.0,0.0,0.0,0.0021015221110491
0xd175fabcf6d2f2fe209602f1ebbce3b336f2bf7c,0.0,0.00208999783486762,0.0,0.0,0.0,0.0,0.0,0.00208999783486762
0x798ac827a1f5b5fd10d4de9afe6c65158e874566,0.0,0.0020880411477872266,0.0,0.0,0.0,0.0,0.0,0.0020880411477872266
0x23bde05b2caafb1e71f59c4caabdb499288d5c49,0.0,0.0,0.0020874596317111624,0.0,0.0,0.0,0.0,0.0020874596317111624
0xeac79cf703da919af9ff9c17a1e5b60d9c52c216,0.0,0.002087456974903454,0.0,0.0,0.0,0.0,0.0,0.002087456974903454
0x23888e77fc61e83dbda9569bec7df0d28324d001,0.0,0.0,0.0,0.002086876019533426,0.0,0.0,0.0,0.002086876019533426
0x99290e982c58c88c47c5203be38d554fddeec155,0.0,0.0,0.0,0.0,0.002085409301551131,0.0,0.0,0.002085409301551131
0x6140b013fd4acfe15c302b605b5de388cd8897bd,0.0,0.0,0.0020849043005143606,0.0,0.0,0.0,0.0,0.0020849043005143606
0x6f413b49673d2f918cde926256ab1b7191a87287,5.881124697094045e-13,0.0,0.002079062455672121,0.0,0.0,0.0,0.0,0.0020790624562602336
0x8969329d1cdac020d16fee9f5a4a8a5b9345f8b3,0.002075349780865999,0.0,0.0,0.0,0.0,0.0,0.0,0.002075349780865999
0xc5e0bbfb5a0bae8c4af604e31f32729f63c20129,0.002074598568604833,0.0,0.0,0.0,0.0,0.0,0.0,0.002074598568604833
0x09f2522360eec32c7d748023df6f87d557a7ccee,0.0,0.0014360219235032981,0.0,0.0,0.0006294154160839911,0.0,0.0,0.002065437339587289
0x80125990a16ccd189de09638466bab05970263f1,0.002062734728780417,0.0,0.0,0.0,0.0,0.0,0.0,0.002062734728780417
0x014f79d3852cff7a5541b9f73552c1420dbca786,0.0,0.0020589185888608454,0.0,0.0,0.0,0.0,0.0,0.0020589185888608454
0x2fe9811e6b3cceb5c14cca6523f10ffdf4288af6,0.0,0.0006900196389550624,0.0013687116089966843,0.0,0.0,0.0,0.0,0.0020587312479517467
0x8a29a73a456f21efc65438a7ae59c4b8bec8e627,0.0,0.0020585936240877286,0.0,0.0,0.0,0.0,0.0,0.0020585936240877286
0x55e5b34bf854608d032e3149f3b4afa3b3e8ebc9,0.002058570067019917,0.0,0.0,0.0,0.0,0.0,0.0,0.002058570067019917
0xa371073471811c5c56ebe8e45f46db63bbfd12f0,0.0,0.0009478513432944818,0.0,0.0,0.0,0.0011096064556358363,0.0,0.002057457798930318
0xa8435c600d7588333b1e26a7ba9890620d0e27f7,0.002054981828170754,0.0,0.0,0.0,0.0,0.0,0.0,0.002054981828170754
0xea8653a3b8579b243ea9a7e3920494c65c13718c,0.002054264166874629,0.0,0.0,0.0,0.0,0.0,0.0,0.002054264166874629
0xa66cb18766461203b0912f65f7e9b97604bfa779,0.0,0.0,0.002044210896555906,0.0,0.0,0.0,0.0,0.002044210896555906
0x748e64e49f1da552bc228ccafc098a1fd8f71fef,0.0,0.0,0.0,0.0,0.0020437283721089685,0.0,0.0,0.0020437283721089685
0x8752d3f76883230b7c733b2465ea3d3903b4ef46,0.0,0.0,0.002039771774126046,0.0,0.0,0.0,0.0,0.002039771774126046
0xea69707006620636dfe002c6963c8d4f67f9e89b,0.0,0.0,0.0020368478895333108,0.0,0.0,0.0,0.0,0.0020368478895333108
0x297f0334774a4228485def9022c183d913feb4bb,0.0,0.0009273627816231593,0.0,0.0,0.0011058055102538217,0.0,0.0,0.002033168291876981
0x5111fa46b34a5a89e76d0dab7993c0c28292f3a6,0.0,0.0,0.0,0.0,0.0020329947008565622,0.0,0.0,0.0020329947008565622
0x3adc78679c2855e17da635a3aac5e897e84abf25,0.00023524498611941842,0.0017967959724471483,0.0,0.0,0.0,0.0,0.0,0.0020320409585665665
0xb0e6dc2acfbf0ed28d93a02dbcea5f1d0b0b4d39,0.0,0.0,0.0020284346324328144,0.0,0.0,0.0,0.0,0.0020284346324328144
0xc2b041ad049225aff35ab1b89f4a9a77d8fe5394,0.0009931223837256987,0.0010345839275041388,0.0,0.0,0.0,0.0,0.0,0.0020277063112298377
0x79acc4206f4ebe38ba6b5648a371e223975d8d96,0.0020230033580116314,0.0,0.0,0.0,0.0,0.0,0.0,0.0020230033580116314
0x95b3f962d93acc0e94603f918b70557c6b121218,0.0,0.0020147464928209767,0.0,0.0,0.0,0.0,0.0,0.0020147464928209767
0xa1dee5c7da9ae618762ef6dc16d06a294381ff63,0.0,0.0017996133010937851,0.00020790583576755877,0.0,0.0,0.0,0.0,0.002007519136861344
0x9ac1638fac29c06880c668031f44c8677cb5bcd9,0.0005746994297804172,0.0012780670921763912,0.0,0.0001528018868125943,0.0,0.0,0.0,0.002005568408769403
0x9c9ac2dc01ff6d9bc9b1dd42e18051eebca1fbf2,0.0017601094599972154,0.0,0.0002448641538848582,0.0,0.0,0.0,0.0,0.002004973613882074
0xdef27d920be434fa870978c342671a9b7a7bd271,0.0,0.0,1.3069159193081802e-07,0.0,0.0,0.0,0.002001190563728468,0.002001321255320399
0x8da1b2dbe05a43f0639bd7b460335a48e0e7e8ec,0.0,0.001995977522365662,4.045279594615714e-06,1.4931570696519376e-14,0.0,0.0,0.0,0.002000022801975209
0xf26f650ebc7d43c778a30a181340b87513c68c08,0.001125032478517051,0.0006265860368573498,0.0,0.0,0.0,0.00024407213422025277,0.0,0.0019956906495946537
0x97fc1b68c4cc4c46fcd10111afe9e5a83e909604,0.0019535827215834546,0.0,0.0,4.065806530181169e-05,0.0,0.0,0.0,0.001994240786885266
0xbd4fa9c8f3e0445acd8bfbf36730d04a6f4ae9ab,0.0006724049782200254,0.0,0.0013142473261293043,0.0,0.0,0.0,0.0,0.00198665230434933
0xd30e4ddc3fee7ef8f94940bf70a92e7c680a3ccc,0.0,0.0019844984076680043,0.0,0.0,0.0,0.0,0.0,0.0019844984076680043
0x07cf7b53f524783858f2739737730d513643f909,0.0,0.0,0.00198354433567516,0.0,0.0,0.0,0.0,0.00198354433567516
0xca0073964efe7f9422ceb16901018b1db0cc4785,0.0,0.0,0.0,0.0019812379302388055,0.0,0.0,0.0,0.0019812379302388055
0xcf283caaa0de21df162293455d5d034098fad4a1,0.0010938891936594323,0.0008868693862774835,0.0,0.0,0.0,0.0,0.0,0.0019807585799369158
0x916666fab5bfb2ee0ed3cafc737dcf8a183acf2c,0.001970823287328821,0.0,0.0,0.0,0.0,0.0,0.0,0.001970823287328821
0x9a075c0db6bb6a19c589876697cb94a64e6764a3,0.0,0.0,0.0019663654866085415,0.0,0.0,0.0,0.0,0.0019663654866085415
0x4affe3fcbd25d1293632438cae93ec6f9eeff279,0.0019413698000465332,2.1958330341558313e-05,0.0,0.0,0.0,0.0,0.0,0.0019633281303880917
0x12b5bee1afb13d8f7cb856b4d878bab5e3879fb8,0.0,0.0,0.0019626797715343028,0.0,0.0,0.0,0.0,0.0019626797715343028
0xe63cc64bf5d84154a75f3b9616e8cb69e5e12f97,0.0,0.0,0.001953886201547697,0.0,0.0,0.0,0.0,0.001953886201547697
0x12952f756342b3c02b0bda15174e29687fffa783,0.0019525232864883476,0.0,0.0,0.0,0.0,0.0,0.0,0.0019525232864883476
0x5475c5d488882022980e49760290520ceb2c4e6e,0.0,0.0019524126044819753,0.0,0.0,0.0,0.0,0.0,0.0019524126044819753
0x106d14ce93f2b242acd1dbf12b96d59c1d8a64f3,0.0019513758588287473,0.0,0.0,0.0,0.0,0.0,0.0,0.0019513758588287473
0xb1d798d08765db495c460d008fd3201fc4b321be,7.5718545632676005e-06,0.0,0.0019437681324668225,0.0,0.0,0.0,0.0,0.00195133998703009
0x70d442d833ecaca12b0edb0e92df5059ad2366a2,0.0,0.0,0.0019491722027453232,0.0,0.0,0.0,0.0,0.0019491722027453232
0x5a71b3ce57cc3fa6db894726ba8dc67f18c76d59,0.0019463695821300357,0.0,0.0,0.0,0.0,0.0,0.0,0.0019463695821300357
0x68507c46beb88f3230c921e7f78b786e4c2d05d9,0.0,0.0019379237679298415,0.0,0.0,0.0,0.0,0.0,0.0019379237679298415
0x6a29feb5ba0215f7b0fd73c783239f0b81c143d3,0.0,0.0019378354881065924,0.0,0.0,0.0,0.0,0.0,0.0019378354881065924
0xdc7bf4d19f98e3082251a75938ce4775224b19bb,0.0001224097299160877,0.0018084763474723472,0.0,0.0,0.0,0.0,0.0,0.0019308860773884348
0x1d3a3ee0f35cc8ef645175ddbed97b289afcdc4d,0.0019286654429642785,0.0,0.0,0.0,0.0,0.0,0.0,0.0019286654429642785
0x58bd7893e731f539932a52e96f5b3f805457d315,0.0,0.0019281911722140743,0.0,0.0,0.0,0.0,0.0,0.0019281911722140743
0xcad9290430f7b8cd9a121e54544ba8b0cd68d9d1,0.0,0.0019172309428325584,0.0,0.0,0.0,0.0,0.0,0.0019172309428325584
0xfe7ea4051d04c1103c1e5d20880209c225c5491e,0.0,0.0004082869946241365,0.001508345614846966,0.0,0.0,0.0,0.0,0.0019166326094711026
0x77e012ab00d14e7febca3c3d8a286387c24cac69,0.0,0.001914793468707536,0.0,0.0,0.0,0.0,0.0,0.001914793468707536
0xf65e4b2147729de2f6c0e099787199beb4577cda,0.0,0.0019113071494088708,0.0,5.987992324945773e-08,0.0,0.0,0.0,0.0019113670293321203
0xb43cda0b90dd3b8469376ce34fc8bfa5fb731dfb,0.0,0.0,0.001906145472701829,0.0,0.0,0.0,0.0,0.001906145472701829
0xfc467d0123a08b58965a0a4821eadc0eeed8779e,0.0019047342769888142,0.0,0.0,0.0,0.0,0.0,0.0,0.0019047342769888142
0x2ede1eb7075ee398eb52fd878c8d467d41fbd0f2,0.00036429621969536803,0.0015379129383060958,0.0,0.0,0.0,0.0,0.0,0.0019022091580014639
0xedf6b5d35aeb9cfb8ad1d55f1855b6228466e942,0.0,0.0,0.0,0.0018962402925150946,0.0,0.0,0.0,0.0018962402925150946
0x1c4f553fc8696cdae3cf041053fbcfdfabfba38a,0.0,0.0018929573857577571,0.0,0.0,0.0,0.0,0.0,0.0018929573857577571
0x69f37e426bde3a41cc12bdabb8bb43a916816d4f,0.0,0.0018916368141600282,0.0,0.0,0.0,0.0,0.0,0.0018916368141600282
0x646c87a64311ff08f132a8efb8a61b627515cc0d,0.0,0.0018916158275937367,0.0,0.0,0.0,0.0,0.0,0.0018916158275937367
0x3d4b688814722ec3823edb4afcac10bde71559b3,0.0,0.0018834771391957597,0.0,0.0,0.0,0.0,0.0,0.0018834771391957597
0xf79bb4ade883c014bc2f1f0d237d0ff9c20f3b3c,0.0,0.001877098366619394,0.0,0.0,1.4388593727618018e-10,0.0,0.0,0.0018770985105053312
0x511ad3a22608a1a5398af1deea679651ba7a1ea3,0.0,0.0018743550587116428,0.0,0.0,0.0,0.0,0.0,0.0018743550587116428
0x6031f8cc24cdafd6e9445706617ac28466a6ea4c,0.0018743076888369475,0.0,0.0,0.0,0.0,0.0,0.0,0.0018743076888369475
0x10d48ffad16b9349030c1491d02d4070623d6719,0.0,0.0018727524039664678,0.0,0.0,0.0,0.0,0.0,0.0018727524039664678
0x842054ead81735295b89e2af48387659fe2ed6de,0.0,0.001870984605117271,0.0,0.0,0.0,0.0,0.0,0.001870984605117271
0xb4fe92fb47ff28f84956907da9a9f7241a53eda1,0.0,0.0018700932275400655,0.0,0.0,0.0,0.0,0.0,0.0018700932275400655
0xa488fc617b0d0c0548e8b5b46f9a6890d4e0b569,0.0018618998466319952,0.0,0.0,2.1433713962293217e-08,6.492930736412189e-06,0.0,0.0,0.0018684142110823698
0xfa9e3e9eddae31ef8e7fa15432855143e3467af7,0.0,0.00186653130411279,0.0,2.814065367276396e-12,0.0,0.0,0.0,0.0018665313069268553
0x719d7b33c63b8ae0984f1dc869d644bb931de83c,0.0018577672985377017,0.0,0.0,7.421064567984278e-06,0.0,0.0,0.0,0.001865188363105686
0xe3790ba7e1d677e557b86439bad1ab9d0e4a93c1,0.0,0.0018647479804607065,0.0,0.0,0.0,0.0,0.0,0.0018647479804607065
0xf9e637b56348fd3d11fb536ac189efb057533073,0.0,0.0,0.0018638406976757395,0.0,0.0,0.0,0.0,0.0018638406976757395
0xe7e57838a886a5cb1aae9fbcb9a54356d54e1c72,0.0,0.0018619332851784402,0.0,0.0,0.0,0.0,0.0,0.0018619332851784402
0x1efe0ed94660a8483bb3185cd0dc91d8f6eb6413,0.0,0.001861613888026383,0.0,0.0,0.0,0.0,0.0,0.001861613888026383
0x9a54c8409280df9ed9789311cd271d0a892fe69f,0.0,0.0018614240247973085,0.0,0.0,0.0,0.0,0.0,0.0018614240247973085
0x00120966f65a0e081fa223df284fbabd5bccc7a3,0.0,0.0018613252650705478,0.0,0.0,0.0,0.0,0.0,0.0018613252650705478
0x9bc184985c75b062fb1f5143938103bceeb20691,0.0,0.0018612064089904936,0.0,0.0,0.0,0.0,0.0,0.0018612064089904936
0xe577e007a7e68a33d9bf1a23b71a9fc4e2d7269c,0.0015035102343117128,0.0,0.0,0.00035757954208869735,0.0,0.0,0.0,0.0018610897764004101
0x7d7b90fb9f7c30352868b2fec06030814c283feb,0.0,0.0018578032553980242,0.0,0.0,0.0,0.0,0.0,0.0018578032553980242
0xf737d556b3baa2ec44e6d72418437842e291aec9,0.0,0.0018567774368599558,0.0,0.0,0.0,0.0,0.0,0.0018567774368599558
0x34b0becaa9685d462ed48a182cc3787710230954,0.0,0.0018558338144925677,0.0,0.0,0.0,0.0,0.0,0.0018558338144925677
0x65e56329bdd1013e7bf5cd85a1e4808728311e96,0.001855643863753002,0.0,0.0,0.0,0.0,0.0,0.0,0.001855643863753002
0x0448cb024711d99f1daed26a90408e58745ee66e,0.0,0.0018551240962038395,0.0,0.0,0.0,0.0,0.0,0.0018551240962038395
0xeaebed4d172b5820bf2a2125f2ac2311026b582b,0.0,0.0018543715182826454,0.0,0.0,0.0,0.0,0.0,0.0018543715182826454
0xffdb2d4eb40e3bc00fda2c6bc3d3a79ab4de5137,0.0,0.0018542986776566525,0.0,0.0,0.0,0.0,0.0,0.0018542986776566525
0xd16171a8a5d7ed7e7c0f767fb888f5e10779ba4c,0.0,0.001854149555329974,0.0,0.0,0.0,0.0,0.0,0.001854149555329974
0xf51d654612e5c219d10ae72c1b4735c26a59a533,0.0,0.001853499811426575,0.0,0.0,0.0,0.0,0.0,0.001853499811426575
0x6b8ffd111e2a70bbc9240a2e108985f8aa8d0ee9,0.0,0.0018530473794409119,0.0,0.0,0.0,0.0,0.0,0.0018530473794409119
0x051ac8fbdfa78d38fa992a2e9d117b04cf77864a,0.0,0.0018528986678968088,0.0,0.0,0.0,0.0,0.0,0.0018528986678968088
0xf46a7c9b83ec663dd13c5e52313b52710be0efc1,0.0,0.0018519611929038876,0.0,0.0,0.0,0.0,0.0,0.0018519611929038876
0xb13add6646de5ded49d9872cdef318c80a5013ac,0.0,0.0018504070178323097,0.0,0.0,6.915119991304067e-10,0.0,0.0,0.0018504077093443089
0xd7a77d909c674a909da237afc99172e7089303b0,0.0,0.0018498086890331403,0.0,0.0,0.0,0.0,0.0,0.0018498086890331403
0x77636d041c220cbee940b3073aecd693558befa3,0.0,0.0018469983986840962,0.0,0.0,0.0,0.0,0.0,0.0018469983986840962
0x04590aab86440f93166d2de1042f843f76c0c86d,0.0018464144318617109,0.0,0.0,0.0,0.0,0.0,0.0,0.0018464144318617109
0x9087195f63fd9efe20901782bc692524ebde3e9d,0.0,0.0018456897454315298,0.0,3.259619198618207e-10,0.0,0.0,0.0,0.0018456900713934496
0x8c0c3929388c8f86fbb62fdd0345f30d9b1e8cee,0.0,0.0018456438228402262,0.0,0.0,0.0,0.0,0.0,0.0018456438228402262
0x9a18b8bd29f744b0a4b8023dd1333c8e777b2318,0.0,0.0,0.0018444423475384225,0.0,0.0,0.0,0.0,0.0018444423475384225
0x0bd23f89dce8faa154bc510517a8fab364655b6f,0.0,0.0018381609239656416,0.0,0.0,0.0,0.0,0.0,0.0018381609239656416
0xb7d3c586a7c872dc8eafbb7389d6a0e6ecedffa2,0.0,0.0018350024642137044,0.0,0.0,0.0,0.0,0.0,0.0018350024642137044
0x6ef67daf06e3109b86b3047cfef1dc5e08542b0f,0.0,0.0018348867809573927,0.0,0.0,0.0,0.0,0.0,0.0018348867809573927
0x48b5f92a4d4a17bb6ec9a29305e5c673a38966da,0.001833159643941415,0.0,0.0,0.0,0.0,0.0,0.0,0.001833159643941415
0x5ae6a335b79fe534926ba97d2e30000791338f91,0.0018295685190680042,0.0,0.0,0.0,0.0,0.0,0.0,0.0018295685190680042
0xaab36f338ff5b970fc40af5ac6af2cba51b48cda,0.0018228215844061507,0.0,0.0,0.0,0.0,0.0,0.0,0.0018228215844061507
0x9ee280b9ab8a33a88cfba45f1b184d79bf552c3d,0.0005773132172884203,0.000816780865787156,0.00042861899899503814,0.0,0.0,0.0,0.0,0.0018227130820706143
0x04903be66f8dfd5956d28a41c4c75ed139f1192e,0.001818306874340102,0.0,0.0,0.0,0.0,0.0,0.0,0.001818306874340102
0x178a2718884fd5d219f9bcbee77a9a20bb626a97,0.0,0.0,0.0,0.0,0.0018149347037520287,0.0,0.0,0.0018149347037520287
0xecf03532c4dc429304d1fbf97e76651956b6c71b,0.0018144514111980872,0.0,0.0,0.0,0.0,0.0,0.0,0.0018144514111980872
0x2e2abcc418026ddeac10f9cdae3c32792f804d02,0.0,0.0018139904559385423,0.0,0.0,0.0,0.0,0.0,0.0018139904559385423
0x0e1cfef85d4e4eaf383dfa65fa3789c9a91b85f9,0.0,0.0,0.0,0.001813506407670403,0.0,0.0,0.0,0.001813506407670403
0x4891fce201e89b9636edb88b750066070940636b,0.0,0.001804362639842755,1.5954768078966628e-06,0.0,0.0,0.0,0.0,0.0018059581166506517
0x8f94557c6752155796c5ef4e3661f3dbc6910b98,0.0018014908970980601,0.0,0.0,0.0,0.0,0.0,0.0,0.0018014908970980601
0xe5d882ba0bbca7945c8f2f09b1d8cdebb6e0e92f,0.0,0.0,0.0,0.0017994543984908328,0.0,0.0,0.0,0.0017994543984908328
0x429433046bf7d1ca4ac8a18bd765be10c6afe0e5,0.0017989972677629681,0.0,0.0,0.0,0.0,0.0,0.0,0.0017989972677629681
0xb9ee5baf600fe297165edc369a651375c49510c7,0.0,0.001798166724979249,0.0,0.0,0.0,0.0,0.0,0.001798166724979249
0x93bf4c1383a86cc49ce536ad5643207f9f0eb733,0.0001305622609466962,0.001666699022391153,0.0,0.0,0.0,0.0,0.0,0.0017972612833378491
0x8e6371957aab7e89f974fb785e221f1b76a52aae,0.0017925274851805495,0.0,0.0,0.0,0.0,0.0,0.0,0.0017925274851805495
0x55cc5f2ecf7ce5df1324f7edfa961dbc73487221,0.0017897379232961759,0.0,0.0,0.0,0.0,0.0,0.0,0.0017897379232961759
0xa28981e6c8ebdd748af06563771c60f2ce429a99,0.0007325819174832205,0.0010565992971085395,0.0,0.0,1.8970939446983946e-11,0.0,0.0,0.0017891812335626995
0x3383820dfc906cc59b989ff7e87e68f0aca78c77,0.0,0.0017855971045368188,0.0,0.0,0.0,0.0,0.0,0.0017855971045368188
0x4621f6a77b26efe1ad4f516a6858267a2b4d0db3,0.001783829695934857,0.0,0.0,0.0,0.0,0.0,0.0,0.001783829695934857
0x5c563bd3d8f2a5c225f52e849f80fd9442f26118,0.0,0.0,0.0,0.0,0.0,0.0017761510126399994,0.0,0.0017761510126399994
0x5be6cf314650e3eacdb8066c0089bbf53fb99435,0.0,0.0,0.0017758687817619001,0.0,0.0,0.0,0.0,0.0017758687817619001
0xdd07217f8115f90569255b551459fbffb09a6b7e,0.0,0.0,0.0017724672812945979,0.0,0.0,0.0,0.0,0.0017724672812945979
0xe8fd24e54a92d827349502623ff453266e67b5fc,0.0,0.0017664395445814835,0.0,0.0,0.0,0.0,0.0,0.0017664395445814835
0xcb995e1c38d464f9db23c5a20903b95eb66e13d7,0.0017652195780679953,0.0,0.0,0.0,0.0,0.0,0.0,0.0017652195780679953
0xb63f20e84ebd6b9ebaee99845c68a18f0fc772bf,0.0004228973611341077,0.0013409940466570253,0.0,0.0,0.0,0.0,0.0,0.001763891407791133
0x555ae33620d3966aee5ec1a0e927095fb39c9ae1,0.0015082954945549367,0.0,0.00025529314157049667,0.0,0.0,0.0,0.0,0.0017635886361254333
0x3bce258d739dd8e5a42b6ce2c6ecf71512ee72e0,0.0015289394815380605,0.0,0.0,0.00023131695632801587,0.0,0.0,0.0,0.0017602564378660763
0x7216701a44e5f353816490fef68713c9aa34bd27,0.0,0.0,0.0,0.0017544676774683284,0.0,0.0,0.0,0.0017544676774683284
0x521fc2a58050eed1c0d9de690e290dd33cb6c952,0.0,0.0017497377441234021,0.0,0.0,0.0,0.0,0.0,0.0017497377441234021
0x329521ac5ea6024e8fc56f93ee8abf052addc3ee,0.0,0.0,0.0017409521095019741,0.0,0.0,0.0,0.0,0.0017409521095019741
0x2bdd161c8bac00e7b58cd69e90c153f88684851f,0.0,0.0017365626771193798,0.0,1.1057820230248875e-12,0.0,0.0,0.0,0.0017365626782251617
0x29609c8631a8f2a126685e11d9d43c7721edd1bc,0.0,0.001732460692641263,0.0,0.0,0.0,0.0,0.0,0.001732460692641263
0x6f1c1f47b8d1c324d0975299c8755e91ec0f7dd0,0.000143492849985927,0.0015874772314043272,0.0,0.0,0.0,0.0,0.0,0.0017309700813902542
0xb3b913b145fc3b4687696bcd2c328baf61e3adab,0.0,0.0,0.0017300881855565903,2.3456990006785112e-07,0.0,0.0,0.0,0.0017303227554566582
0xe91cbb01794abdee5d103e2e79ba54eab6a0c7bb,0.001725576659377588,0.0,0.0,0.0,0.0,0.0,0.0,0.001725576659377588
0x19e273a3f009fce49b114e0b6c38f687715f90c8,0.0,0.001716155037513222,0.0,0.0,0.0,0.0,0.0,0.001716155037513222
0xc40b3fca79deac16065d6443af51e4ee7c512d56,0.0,0.001714784116511844,0.0,0.0,0.0,0.0,0.0,0.001714784116511844
0xddece814a4a568524e37e63564e89d6c7ecbc810,0.0009603053272895243,0.0,0.000745240826800208,3.0857736532396512e-06,0.0,0.0,0.0,0.001708631927742972
0x63978663d2c24a1066fb54c43d6003ba2bd47ba3,0.000257325561507148,0.0,0.0,0.0,0.0,0.0,0.0014498145040901698,0.0017071400655973177
0xc040bf88685f3bba393a1e18c4c5d9770e8f8893,0.0017051509465191397,0.0,0.0,0.0,0.0,0.0,0.0,0.0017051509465191397
0x4127d8fa1867d829c48da4ad93506fbaac44d564,0.0017036244561149819,0.0,0.0,0.0,0.0,0.0,0.0,0.0017036244561149819
0x0485ab090b6cfe640aef8c9b227d11f9babe6280,0.0,0.0,0.0,0.0,0.0016986702149303589,0.0,0.0,0.0016986702149303589
0x17ddb27bad640c29d7116833874f271c104a84d7,5.881712809563753e-13,0.0016928389651105003,0.0,0.0,0.0,0.0,0.0,0.0016928389656986715
0x581ad21481ee691e008b2fe68ab6e2166c991fc8,0.001005159614867943,0.0,0.0005871821080580153,9.218241175214386e-05,0.0,0.0,0.0,0.0016845241346781022
0xa32b8ca2e112444b2b3469b572420e19503d5384,0.0,0.0016835001742065328,0.0,0.0,0.0,0.0,0.0,0.0016835001742065328
0xb5fe354a88a69298a4d56ce7b2363542bdd7e3e8,0.0,0.0,0.0,0.0,0.0016831655565469799,0.0,0.0,0.0016831655565469799
0xe8e03821e3ef26221a9f95998283dc36ea08ad13,0.0016808818219142898,0.0,0.0,0.0,0.0,0.0,0.0,0.0016808818219142898
0xeae192001f2579d6316ba20037776282aaccdaeb,0.0,0.001669489530642004,0.0,0.0,0.0,0.0,0.0,0.001669489530642004
0xe6c87789a9decab41024026811c9590f78d16639,0.0,0.0016618167868844053,0.0,0.0,0.0,0.0,0.0,0.0016618167868844053
0x5ba7be25e471dadffcb4effdcc0dd006408b83fe,0.0,0.0,0.0016543618103657656,0.0,0.0,0.0,0.0,0.0016543618103657656
0xc33c10e300c30bdc2bef8db8e4d981cfe78d709a,0.0006051943789420162,0.0,0.0,3.614821396443823e-06,0.0010448035844363363,0.0,0.0,0.0016536127847747964
0xf22790248e342178d9e1aa5f9df0772aa1901565,0.0,0.0012047217060708606,0.0,0.0004416681041408007,0.0,0.0,0.0,0.0016463898102116613
0x21757dadfb0fb936c42ea5a9e20a9636e692e5a7,0.0,0.001638908233121358,0.0,0.0,0.0,0.0,0.0,0.001638908233121358
0xfb8a6b48df458ec4cc496b53593f7c3c3848327c,0.0,0.0,0.0,0.0016372158148909967,0.0,0.0,0.0,0.0016372158148909967
0xef9e87f84644b02274bd5124f9e7588771b04828,0.0,0.001636863591403015,0.0,0.0,0.0,0.0,0.0,0.001636863591403015
0x7fb4fd47cac4b474ec2cf036a3894ec499c1a055,0.0,0.0016334604857644484,0.0,1.5834396616792358e-07,0.0,0.0,0.0,0.0016336188297306163
0xaa2f9084d1edc9fe9d9fcacbcb55214244a9cad0,0.0,0.0,0.0016321434658760612,0.0,0.0,0.0,0.0,0.0016321434658760612
0xccd724b9af92a3a389150334556330efd3f59487,0.0,0.0,0.0016309216936594524,0.0,0.0,0.0,0.0,0.0016309216936594524
0xd2d1e13f03a89162230b201cf0160a4ede41a304,0.0,0.0016304783572791861,0.0,0.0,0.0,0.0,0.0,0.0016304783572791861
0xac713409f668b40733a9d18eec9b4673cc30a6a2,0.0016290972617201663,0.0,0.0,0.0,0.0,0.0,0.0,0.0016290972617201663
0x0fb174e75fb6d9440ae966a40172314474aa08c3,0.0,0.0,0.0016261847643476495,0.0,0.0,0.0,0.0,0.0016261847643476495
0xb5f1fb8fc2772953f64c60820fb693e21a7fde26,0.001621080044730788,0.0,0.0,0.0,0.0,0.0,0.0,0.001621080044730788
0x9abbd32f91efe5ce01f4b245c63cf36cae26bb96,0.001611452411352053,9.000202386913486e-06,5.5180788598998304e-09,6.593406908717968e-12,4.602836535061855e-11,9.090930767034066e-12,0.0,0.0016204581935305295
0x26c7ef20ec5c10314a2c43d6853207bc89209e89,0.0,0.0016204219131432695,0.0,0.0,0.0,0.0,0.0,0.0016204219131432695
0x81714a5de55271a321734023911c0d83b6ec89e9,0.0016203523168854136,0.0,0.0,0.0,0.0,0.0,0.0,0.0016203523168854136
0x872bd07c3ffa09ffa3c634953defd4bda9723f40,0.00020738577896654335,0.0014119586093873818,0.0,0.0,0.0,0.0,0.0,0.0016193443883539252
0xe4770a54c2a11b20573cb2046e441b313abfada8,0.0,0.001618101400161179,0.0,0.0,0.0,0.0,0.0,0.001618101400161179
0xee3ea245bad63fd8921f6896f6934dc1982f03a1,0.0,0.0016131107298663148,0.0,0.0,0.0,0.0,0.0,0.0016131107298663148
0x3908079547b07d6ca7e8874181e3318a36f84821,0.0,0.0,0.0016111762737036706,0.0,0.0,0.0,0.0,0.0016111762737036706
0xa37dd822890beeb2892cfa59c423016205f0a642,0.0,0.0,0.0016110476969563806,0.0,0.0,0.0,0.0,0.0016110476969563806
0x3791d3b0b48aec6937ddd76e760339e19da2dd70,0.0,0.0016084738803209971,0.0,0.0,0.0,0.0,0.0,0.0016084738803209971
0xd40d965686ae9599693d32d12a481da0c1d893dc,0.0,6.970846303482994e-05,0.0015385523678362603,0.0,0.0,0.0,0.0,0.0016082608308710903
0x39fcc9c61e53639e280f14fe493eabfd66eedab4,0.0,0.0,0.0,0.0016066417543690809,0.0,0.0,0.0,0.0016066417543690809
0xe6efdb67409eaa0970e920f453fe18d2505bf6ff,0.0005522585059867669,0.0010541937599439183,0.0,1.169090834318613e-13,0.0,0.0,0.0,0.0016064522660475943
0xc31b5dd187ebb47ce4fe1699e4b4fe82f01c7345,0.0,0.0,0.001604584396546385,0.0,0.0,0.0,0.0,0.001604584396546385
0x5584cf54ade7c81ab6d6bc870c714f87fc0a7721,0.0,0.001602707851395237,0.0,0.0,0.0,0.0,0.0,0.001602707851395237
0x43b2c940e16ac374d5b612e35432993c866a3e59,0.0,0.0,0.0,0.0015956435762864585,0.0,0.0,0.0,0.0015956435762864585
0xfe9d4d161a60e309b65c6c038c6b9e1aa811d095,0.0,0.0013717870732031178,0.000220441710921912,0.0,0.0,0.0,0.0,0.0015922287841250299
0x30e25eaa01f60acf52470ccfc57cad3e245b43c9,0.0,0.000944978985422854,0.0006447534657628264,0.0,0.0,0.0,0.0,0.0015897324511856803
0x895b37f9a1399e088258c4ee6881d7319d47d544,0.001586176531671658,0.0,0.0,0.0,0.0,0.0,0.0,0.001586176531671658
0xda7abe029fa3d14a00aab4682afde1d035f317cf,0.00017850027744991854,0.0014059914874492917,0.0,0.0,0.0,0.0,0.0,0.0015844917648992103
0x83f77fb85c8cf96e40944e350077af81a20f3b9c,0.0,0.0,0.0,0.0015844618229310754,0.0,0.0,0.0,0.0015844618229310754
0x725fc05d35facc631dea811f1a40cda32e82646b,0.0,0.0,0.0,0.0015833042153044386,0.0,0.0,0.0,0.0015833042153044386
0x327da126460a1fc7f182c70cdea803c7b76c212c,0.0011247667462101346,0.00045839492043123827,0.0,0.0,0.0,0.0,0.0,0.0015831616666413728
0xf002fcaf8a060808ed39d04e6ff92425080a71d7,0.0015786824608945915,0.0,0.0,0.0,0.0,0.0,0.0,0.0015786824608945915
0x22dfcd14341f4e365694fd4c3f7b7b8f4e60ec5f,0.0,0.0,0.0015757301752524016,0.0,0.0,0.0,0.0,0.0015757301752524016
0xdcb56bb00e63d1efeb4073d52abda39f4dc201f3,0.0,0.0015750847991534533,0.0,0.0,0.0,0.0,0.0,0.0015750847991534533
0x85b125f0fc03b6ffe6cd4c5dd0d25f6b752f172a,0.0,0.0015745176400260195,0.0,0.0,0.0,0.0,0.0,0.0015745176400260195
0x3c1934812be8ed0181fd9d0f31de747b51b4d90a,0.0,0.0,0.001574186285608003,0.0,0.0,0.0,0.0,0.001574186285608003
0xed1112defb964be0d071a999182fae709e42a169,0.0009507345545692623,0.0006199004389234421,7.519961846989037e-08,0.0,0.0,0.0,0.0,0.0015707101931111743
0xa6c2a8cb88f2cafadd9fd6b39aad5c9d0d18cc0b,0.0,0.0015669315800469863,0.0,0.0,0.0,0.0,0.0,0.0015669315800469863
0x41b28f2024fbf84a6f344cd79f86b497ec3f0f29,0.0,0.0,0.0,0.0015664411218973679,0.0,0.0,0.0,0.0015664411218973679
0xa72443ba9a40d52a1bb4fae0c7ef9e92105a1646,0.0,0.0,0.001563793317807815,0.0,0.0,0.0,0.0,0.001563793317807815
0x06253f963c242f3ac57201ff8298d7e5df3e8c4c,0.0015620442369899527,0.0,0.0,1.2183550001602337e-06,0.0,0.0,0.0,0.001563262591990113
0xa224935d47e2160ceda9f68479f039036b3dc7ab,0.0,0.0,0.0,0.0,0.0015619117943671424,0.0,0.0,0.0015619117943671424
0x0374f0273e01841f594a4c0becdf7bfbd9b13a42,0.0,0.0012667704772888716,0.00028552756913317103,0.0,0.0,0.0,0.0,0.0015522980464220426
0xad99c596d2cef64cb027fe81169d6d179d340a76,0.00017644549845731572,0.0013628870816206004,0.0,0.0,0.0,0.0,0.0,0.001539332580077916
0x91a595979aad9e89b52c19873897b8e13eead91a,0.0,0.0,0.0,0.0,0.0,0.0,0.001534523786547727,0.001534523786547727
0xdc743a544c1c919bd894546668723f0c4599940d,0.0,0.0015333774245695553,0.0,0.0,0.0,0.0,0.0,0.0015333774245695553
0x76ccc6562c377d08a0707452786063d2497a2e41,0.001529092421244166,0.0,0.0,0.0,0.0,0.0,0.0,0.001529092421244166
0x70963986610ac4ead87b99a8b0ffcb01b07e35ae,0.0015289112882494388,0.0,0.0,0.0,0.0,0.0,0.0,0.0015289112882494388
0x0dd4eb62a53f22f3afc5d78c6390ca3a6ad868a3,0.0,0.0015288758740435928,0.0,0.0,0.0,0.0,0.0,0.0015288758740435928
0x88c27c70f264096d20c71e995e9556808706dc5f,0.0001855752059978983,0.0,0.0012990507382402371,4.0821312708876684e-05,0.0,0.0,0.0,0.0015254472569470121
0xdde1c178e86558d9f896fd8a5ce3bdbdd75c4a0f,0.0,0.0,0.00018389160066976603,0.0,0.001325445116831885,0.0,0.0,0.001509336717501651
0x98de95158cc3199e19955c21fd9e4b9f965f56d0,0.0014831978310459173,0.0,0.0,2.2477681046837454e-05,0.0,0.0,0.0,0.0015056755120927549
0xba70fc3e345d818541227225282e01a576396586,0.0,0.0014996266803657327,0.0,0.0,0.0,0.0,0.0,0.0014996266803657327
0x5a7ca6697a07f74bde6e719be55dedca00127f27,0.0,0.0014941807610470551,0.0,0.0,0.0,0.0,0.0,0.0014941807610470551
0x895e89c7a51d053dc3e35212270c7bae74fc626d,0.0,0.0,0.0014878258929471124,3.087858628094586e-07,0.0,0.0,0.0,0.0014881346788099218
0xab03204bef8b551716ee1465f33b4c65e91713fc,0.0,0.0,0.0,0.0,0.0014862714217071138,0.0,0.0,0.0014862714217071138
0xf1cdeef23ed057c0f56bbb922d67389611d6e55e,0.0,0.0,0.0014859906926393146,0.0,0.0,0.0,0.0,0.0014859906926393146
0x93fcd278f74047ca52e5ce9174fbef61341732c2,0.0,0.001485250577682756,0.0,0.0,0.0,0.0,0.0,0.001485250577682756
0x11ade46aa8f0043da31e778d11e0b15651d8b436,0.0,0.0,0.0014839368600112113,0.0,0.0,0.0,0.0,0.0014839368600112113
0xff66f9a26468c9348d7a7727d2bd1a8a849bb90a,0.0,0.0014805884986062957,0.0,0.0,0.0,0.0,0.0,0.0014805884986062957
0x7abff3d6d1f8795b6515033481de27b7645499fb,0.0,0.0014788223518888755,0.0,0.0,0.0,0.0,0.0,0.0014788223518888755
0xab92f0fec46230312f48bbd52a21edf8cff90f94,0.0,0.0,0.001477976260725435,0.0,0.0,0.0,0.0,0.001477976260725435
0xfd6c61c946fa096e44f2464fb473f317c01e9a82,0.00017088502432328122,0.001303077425310955,0.0,0.0,0.0,0.0,0.0,0.0014739624496342362
0x7d137c86dc954f4eadd38957a7cd8a6007ce13c5,0.0,0.0,0.0014726963300260693,0.0,0.0,0.0,0.0,0.0014726963300260693
0xee97d7e528cb6be0ae9897910c25e3dbf1a7f202,0.0,0.0,0.0008855508026038221,0.0005856502944968758,0.0,0.0,0.0,0.0014712010971006978
0x42fa34caf53e79fcef0d147da7e1c31123fede21,0.0014706529556874357,0.0,3.085545460205458e-08,1.3917702158991366e-13,5.669640373470153e-11,0.0,0.0,0.0014706838679776186
0xe2fd2ecf60cb665570a54a19f552d7e86d48a2d7,0.0014705698722155163,0.0,0.0,0.0,0.0,0.0,0.0,0.0014705698722155163
0xed5d0c967f238ec3676efcbe428dec7aa19c7390,0.001464566018796154,0.0,0.0,0.0,0.0,0.0,0.0,0.001464566018796154
0xb168eb2d0cba59d1f59fb6f74520190ec21c192f,0.0014600107762174858,0.0,0.0,0.0,0.0,0.0,0.0,0.0014600107762174858
0x953a5d31855cd9330f9027270a2b42fe7207a4bd,0.0,0.0,0.0014572328614214818,0.0,0.0,0.0,0.0,0.0014572328614214818
0xce10ff8371a0051e5ad3bba15de42606b90f4d6f,0.0,0.0014569645241040525,0.0,0.0,0.0,0.0,0.0,0.0014569645241040525
0xff03e4519e9775f0d5388ecb0bd2a8cd36d9a457,0.0014550913911235918,0.0,0.0,0.0,0.0,0.0,0.0,0.0014550913911235918
0xbb82848d35b0d15531f274762bd1c0e825425614,0.00040673323222729636,0.0010413911301290746,0.0,0.0,0.0,0.0,0.0,0.0014481243623563709
0xc285f7e39affafbef242880c52f51260ab1989f3,1.6593064031628102e-05,0.0014315242516367952,0.0,0.0,0.0,0.0,0.0,0.0014481173156684233
0xda51fae5c71770c6f416e49b1d39a5afe7a2a916,0.0,0.001447133712858151,0.0,0.0,0.0,0.0,0.0,0.001447133712858151
0x0482b2aa10783e226bada033ed4084d60bfd1d94,0.0012982624752505862,0.0,0.00014668352780943878,0.0,0.0,0.0,0.0,0.001444946003060025
0x678806d763d794b341054def718c08e6e6bb3adb,0.00143401751376132,9.26420323917299e-06,0.0,0.0,0.0,0.0,0.0,0.001443281717000493
0x938472bc19b7b4850bc6c26ddaf210f20c42a713,0.001440735249618433,0.0,0.0,0.0,0.0,0.0,0.0,0.001440735249618433
0x97518452ec958be01457e55b96c12bc02a532945,0.0,0.0014381647508397155,0.0,0.0,0.0,0.0,0.0,0.0014381647508397155
0x6daa3175992fd338c482d3c09c2b5df1b783a03a,0.0,0.0014360507570414336,0.0,0.0,0.0,0.0,0.0,0.0014360507570414336
0x1cee32876cf66e90c0aab0789cd4de6d7993cd34,0.0,0.0014353546352949178,0.0,0.0,0.0,0.0,0.0,0.0014353546352949178
0x343c423f31078293587b2396afb413c2e1854a85,0.0,0.0014345169846882017,0.0,0.0,0.0,0.0,0.0,0.0014345169846882017
0x10cb3cfd947727986fa3c98e7af0d92922fbf173,0.0,0.0,0.0014327022093611492,0.0,0.0,0.0,0.0,0.0014327022093611492
0xb975a436e6a93d89f9ee710e6a6e26d1560ceac5,0.0,0.0014316950676186487,0.0,0.0,0.0,0.0,0.0,0.0014316950676186487
0x5a3ede322b72ee5fe7dc9cf7606e6fa8ae845e03,0.0,0.0,0.0014313408364729024,0.0,0.0,0.0,0.0,0.0014313408364729024
0x12dabf19ca73017f465c2bd69ebf2dbc6842e6db,0.00048298785023572806,0.0009462596617421044,0.0,0.0,0.0,0.0,0.0,0.0014292475119778326
0xf83d5283452122e59a2139812cf49010fe5061c6,0.0,0.0,0.0,0.0014220140600431958,0.0,0.0,0.0,0.0014220140600431958
0x0a16d190d213e8ac142e6f6b215e881758f7f092,0.0,0.0014140662732730453,0.0,0.0,0.0,0.0,0.0,0.0014140662732730453
0x826fddce98785d34131b95b8401412d29b0145df,0.0014137987077530157,0.0,0.0,0.0,0.0,0.0,0.0,0.0014137987077530157
0xaedf90b1c727bea2f7567364cae60c907ac3699c,0.001412087644177458,0.0,0.0,0.0,0.0,0.0,0.0,0.001412087644177458
0x28acde450499e23abfbbc7a713d332d5ba48d9dd,0.0014120876418252028,0.0,0.0,0.0,0.0,0.0,0.0,0.0014120876418252028
0xd3e279bafd15910804f16d8daf2bb0d9a79af997,0.0014114134686230412,0.0,0.0,0.0,0.0,0.0,0.0,0.0014114134686230412
0xce137e6f6937eb0d9972cb9fc1336e81ba07cd03,0.00141139910080015,0.0,0.0,0.0,0.0,0.0,0.0,0.00141139910080015
0x8a91a1aa58ac4d5f44ef2a6c3169fa412c6a6334,0.0014111219783182816,0.0,0.0,0.0,0.0,0.0,0.0,0.0014111219783182816
0x54bf9e10a1b034de5322821bec8b71053a7dbf77,0.0,0.0,0.0,0.0014105585600061163,0.0,0.0,0.0,0.0014105585600061163
0xf06da6d014b80823f5baf91e83934bfc959f3c11,2.3524728387444364e-05,0.001384079371052132,0.0,0.0,0.0,0.0,0.0,0.0014076040994395764
0xb8e943d7cd1cec0213b0c553aff9a2d2891ef88e,0.0,0.001405571578363179,0.0,0.0,0.0,0.0,0.0,0.001405571578363179
0x11208dfb0be8ae9e3cf7ffad176261b632dcf40b,0.0,0.0014023366289463894,0.0,0.0,0.0,0.0,0.0,0.0014023366289463894
0xc986e537443a89279d4cf60697dcf29b8f212184,0.0,0.0014009461767764241,0.0,0.0,0.0,0.0,0.0,0.0014009461767764241
0xce9e38118b31aa6463d85663702ae7382640a0db,0.0,0.0,0.0,0.0,0.001400727992532931,0.0,0.0,0.001400727992532931
0x3b92f03921b7aae284621bf14ef411dcd5c47bec,0.0,0.0,0.0,0.0,0.001400364892210176,0.0,0.0,0.001400364892210176
0x05cc78d47483e8557fd0361fed385401a17121d8,0.0013993195246191777,0.0,0.0,0.0,0.0,0.0,0.0,0.0013993195246191777
0xf0b9d12ff67940c930a643e9705da3910ac79077,0.0,0.0,0.0013991937983556324,0.0,0.0,0.0,0.0,0.0013991937983556324
0xb7871797e653a7605b0d03749854f5149021a5af,0.0,0.0,0.0,0.0,0.0013971756151318893,0.0,0.0,0.0013971756151318893
0x01236b25979d547f214f67a14618dc0238169ecf,0.0,0.0013971642010661603,0.0,0.0,0.0,0.0,0.0,0.0013971642010661603
0xb226dc9cee94a71cc6c010fb798228f06199c98c,0.0,0.0,0.0,0.0,0.0013965194527207998,0.0,0.0,0.0013965194527207998
0x4129842c20a32479a3d2866b6a884a9d700fab76,0.0013934859188215907,0.0,0.0,0.0,0.0,0.0,0.0,0.0013934859188215907
0x201a86a6d26a96af49ebb1da390d12aeaa7f906e,0.0,0.0013907487853503729,0.0,0.0,0.0,0.0,0.0,0.0013907487853503729
0x982ed57138443e83d1c140575adba43a48829701,0.0,0.0,0.0013901376566591553,0.0,0.0,0.0,0.0,0.0013901376566591553
0x2c2fa8a0b0aa01169d1f7e2dc70829572c263d58,0.0,0.0013897018375357752,0.0,0.0,0.0,0.0,0.0,0.0013897018375357752
0x69322d1527f0071de9b265fc213c8645e93f1f9f,0.0,0.0013896947466294166,0.0,0.0,0.0,0.0,0.0,0.0013896947466294166
0x3d9ea672845e3fa07a644a23a9c817fc30cc1a51,0.0,0.0013896897830757732,0.0,0.0,0.0,0.0,0.0,0.0013896897830757732
0xdf5a338b6e938981a84fb6eb8854798b014f4cdf,0.0,0.0013890226373353516,0.0,0.0,0.0,0.0,0.0,0.0013890226373353516
0x348f400804b10e0791463ae7f02d48e1cfd73900,0.0013888513795458643,0.0,0.0,0.0,0.0,0.0,0.0,0.0013888513795458643
0x3d9f281865504238b2abbc541ce8ed3d74c20bc6,0.0,0.0013864845609725663,0.0,0.0,0.0,0.0,0.0,0.0013864845609725663
0xc3e639af11c6304cc47ce316960f312380a2c5cf,0.0,0.0,0.0,0.0,0.0013851696369104613,0.0,0.0,0.0013851696369104613
0x5c0aed74917667f07786947ed677a7e3c808e006,0.0,0.001384643225161808,0.0,0.0,0.0,0.0,0.0,0.001384643225161808
0xe702fa35674e54a446fd5cb783286ae872fcbe16,0.0,0.0013843850526221693,0.0,0.0,0.0,0.0,0.0,0.0013843850526221693
0x26d82ecace3ea30a8f61cec406ad8b8df5c7de2d,0.0,0.001380466635159434,0.0,4.225966821130197e-08,0.0,0.0,0.0,0.0013805088948276453
0x19bf8d22f9772b1f349a803e5b640087f3d29c2a,0.0013795171127264083,0.0,0.0,0.0,0.0,0.0,0.0,0.0013795171127264083
0xdd4ef60dbd3b6ff131dfcb7469600165a83b5a0c,0.0008821626005445594,0.0004917464384673962,0.0,0.0,0.0,0.0,0.0,0.0013739090390119555
0x6497af269cddd099c82f09208b89c62faeef0545,0.0,0.0,0.0,0.0,0.0013717070949858402,0.0,0.0,0.0013717070949858402
0xd38855b165eec6812b938cd909109a68c94ecca2,0.0,0.0013713450548477957,0.0,0.0,0.0,0.0,0.0,0.0013713450548477957
0xe394c410acadb7e0d352e467fe91262f1c3be1d1,0.0003811071575210913,0.0009841108677854941,2.1521538718898737e-08,0.0,0.0,0.0,0.0,0.0013652395468453044
0x1110db08c952d632df1e68f3ee40d3ca33c65d71,0.0,0.0009928953710031862,0.00037216184147694393,0.0,0.0,0.0,0.0,0.00136505721248013
0xd2e2df4a49c322d0a0e87ebc3a0d1da3f3001a7e,0.0,0.001363996291929931,0.0,0.0,0.0,0.0,0.0,0.001363996291929931
0xad66c362906fa61a7207ff56ecd9215696aaf849,0.0013632310723393395,0.0,0.0,0.0,0.0,0.0,0.0,0.0013632310723393395
0x5e900c2cb2200b5992500874427d910c2da4ed7d,0.0,0.0013616489593851937,0.0,0.0,0.0,0.0,0.0,0.0013616489593851937
0x085759bccb0fe14d6e7ff8405229091a26600bf2,0.0,0.0,0.0013610159876985672,0.0,0.0,0.0,0.0,0.0013610159876985672
0x597329dea3bc52d19092b8b093cc8d2f4d790d13,0.0,0.000911789608687874,0.000449205865583801,0.0,0.0,0.0,0.0,0.001360995474271675
0xb8cfc18afa16d2e1ca0bdef4d744361466349e1d,0.0,0.0013599307006687726,0.0,0.0,0.0,0.0,0.0,0.0013599307006687726
0xdc8cfedf320e48497eef11b5cc6094c8d067d3e3,0.0,0.0013588079409362652,0.0,0.0,0.0,0.0,0.0,0.0013588079409362652
0x60e13609811fc325eab9173959fec575f077e248,0.0,0.00135692853062583,0.0,0.0,0.0,0.0,0.0,0.00135692853062583
0x6e56cb1caf56493b80029c897e2c56fcad6fdf40,0.00047048527204384115,0.000648798323658752,0.0001533302823630562,0.0,0.0,7.655826209944929e-05,0.0,0.0013491721401650988
0x21bee2bf8cad118055f6bcb840f9e0e660fa3244,0.0,0.0013486480823253575,0.0,0.0,0.0,0.0,0.0,0.0013486480823253575
0x885d3cdec8cac655058e0b8e4019986c79331ddd,0.0013466477982630595,0.0,0.0,0.0,0.0,0.0,0.0,0.0013466477982630595
0x0be37c9b6ad1d2775ac65872cdfbe1f394d11408,0.0,0.0,0.0,0.0,0.0,0.0013402933311228002,0.0,0.0013402933311228002
0x7ef15a168fd036a4df0c6c4ee5949d57e8c4862c,0.0010610383830961312,0.0,0.0,0.0002784976124699577,0.0,0.0,0.0,0.001339535995566089
0xa5403e380e67a952e991b84ae5f2c84e8203d08a,0.0,0.0,0.0,0.0013374713480473514,0.0,0.0,0.0,0.0013374713480473514
0x29e18e11dad5e7764bf95df1ad34eb713975f1bc,0.00038032336203476215,0.0009088204308804376,4.5560557757533895e-05,0.0,0.0,0.0,0.0,0.0013347043506727338
0x19d7a7086e3a96e0aa783e59594eff743eb12acf,0.0,0.001334381237542371,0.0,1.3266550626301021e-08,0.0,0.0,0.0,0.0013343945040929972
0x4a51c6a0a3db288dfe38d9d19fd706faa53f6ad7,0.00022569203280758412,0.0011086547583385477,4.060866293476376e-09,0.0,1.658946755960325e-10,0.0,0.0,0.0013343510179071008
0x287f496f69573568b2cb8d4d145a4b0133335c82,0.00014516852367674904,0.0011698312801306726,0.0,0.0,0.0,0.0,0.0,0.0013149998038074217
0xee659f1f00a10b1ac28e81a66b06c8bfae44ca07,0.0,0.0,0.0013147842936915807,0.0,0.0,0.0,0.0,0.0013147842936915807
0xfea7b94c9de6ce68d34c4ae45397cb30f257956a,0.0008284527663654882,0.0,0.00037788794765303475,0.0,0.0,0.00010210855477821996,0.0,0.0013084492687967428
0x043e8d1aa62597cf1eb37ef1a40012a3c5e28c89,0.00023524483732696947,0.0010728155097315434,0.0,0.0,0.0,0.0,0.0,0.0013080603470585128
0x9617818378546acaa2284941bb7c069c5871c5f5,0.0,0.0,0.0,0.0013071010250886833,0.0,0.0,0.0,0.0013071010250886833
0x20d55e8541b5eb2bd12ce608debddf82bc48439e,0.0,0.0013008473642183616,0.0,2.6525013498473504e-11,5.056413811351579e-09,0.0,0.0,0.0013008524471571864
0x9a53473dfa74919e38a24d54cbf45a7acc3c53f3,0.0013000048855244329,0.0,0.0,0.0,0.0,0.0,0.0,0.0013000048855244329
0xb056d755f88938086032e1f1695f2ca70a12af9f,0.0,0.0,0.0,0.0,0.0012988946906917073,0.0,0.0,0.0012988946906917073
0x65c52e23568021edaf727d0d85a7d091a6c5479d,0.0,0.0,0.0012983887669922114,0.0,0.0,0.0,0.0,0.0012983887669922114
0xc2ad62a699b7985f0f9aa13585ffc9c9e58d91e5,0.0,0.0,7.606386622661113e-05,0.0012223158921040671,0.0,0.0,0.0,0.0012983797583306783
0xe8b1eaf7d00ba9da0da4476c11effd63c5f915fe,0.0,0.0012967449925814299,0.0,0.0,0.0,0.0,0.0,0.0012967449925814299
0xa6b609b5c1beda9b2c76d169f6159f0a6ffe7fe0,0.0012943645587732047,0.0,0.0,1.2599991795797277e-12,0.0,0.0,0.0,0.001294364560033204
0x6f1a3caff865b1b1fa1f564c6467831642e18d5c,0.0012938097943977198,0.0,0.0,0.0,0.0,0.0,0.0,0.0012938097943977198
0x7e9da4fa8e53f8c396405e8ac356ebb0bf5bf925,0.0012912457255380904,0.0,0.0,7.720868933926109e-07,0.0,0.0,0.0,0.001292017812431483
0xbdd1d4510c1c9878c031caa75695c13ff20176a4,0.0,0.0012840528614473882,0.0,6.952901435765604e-06,0.0,0.0,0.0,0.0012910057628831538
0xa7d30a33b78a71992175724bc10f78c4420a9997,0.0,0.0,0.0012876441199865382,0.0,0.0,0.0,0.0,0.0012876441199865382
0x6bcb56a7744d4a7a9a1c5ed0741922f61c6cd92c,0.0,0.0012741061751819932,1.2525306912661876e-05,0.0,0.0,0.0,0.0,0.001286631482094655
0x7f0ff637ce7252b32b46f58f1eea3cbb8f4dfdc5,0.0003446689816893496,0.0009413387098238072,0.0,0.0,0.0,0.0,0.0,0.0012860076915131567
0xadfc30c49ff44861d4662d7b4752a0d86511d652,0.0012844392590346618,0.0,0.0,0.0,0.0,0.0,0.0,0.0012844392590346618
0x33d06920e51371e29a770b773dce0b5b0a475ffa,0.00038242601467072384,0.0,0.0,0.0,0.0009004426005504347,0.0,0.0,0.0012828686152211585
0xa9e0421bb3f49b08710c7a332f76971c93965660,0.0,0.0012047042015960992,7.271519306573077e-05,0.0,0.0,0.0,0.0,0.00127741939466183
0x66c8a71b65d84fb9c73ae9355cbb16816a3e5428,0.0,0.0,0.0,0.0,0.0012759367212792532,0.0,0.0,0.0012759367212792532
0x5196a3115d2290558601cd8f80a7a41ce6ba6e57,0.0,0.0012758636218612874,0.0,0.0,0.0,0.0,0.0,0.0012758636218612874
0x52289e28c4d611f9bd17d6700f277f74020885db,0.0009391990250020365,0.0,0.0,0.00033527490923021005,0.0,0.0,0.0,0.0012744739342322466
0xd99ae01ffb9516dd667872bca134b7dd844bdafe,0.0,0.0012743544501968374,0.0,0.0,0.0,0.0,0.0,0.0012743544501968374
0x206b5bc5a6f98cc118f78b92b06ed0225ba7d5e8,7.174972130454733e-12,0.001264154573476457,0.0,1.480883829544956e-07,0.0,9.732328833219036e-06,0.0,0.0012740349978676028
0xf696c630dc4ee0be79f27625881ba625a2bd7c54,0.0,0.0,0.001273314087926464,0.0,0.0,0.0,0.0,0.001273314087926464
0x2eb5f72fd3d8077d3b4b9bd9ab3fe5dcf2927c07,0.0,0.0,0.0,0.0012720950551278797,0.0,0.0,0.0,0.0012720950551278797
0x35d039a6035c5052b627b78af16a594fa3df4371,0.0,0.0,0.00127197749769678,0.0,0.0,0.0,0.0,0.00127197749769678
0x6ce3a014c8550fa2423cd7c4eaa787591b27d161,0.0,0.0012700404865449522,0.0,0.0,0.0,0.0,0.0,0.0012700404865449522
0x4969fdfd8ddba35380443557f737bee0baf930ef,0.0012696500540412378,0.0,0.0,0.0,0.0,0.0,0.0,0.0012696500540412378
0x9f3cb1d13ad41056cdbba5c06f0fe974b159c02a,0.0,0.0012667672244690725,0.0,0.0,0.0,0.0,0.0,0.0012667672244690725
0xb41d9b7cc1fdcee5e6516ae19c40a3525b96dd38,0.0,0.0,0.0012648150637585161,0.0,0.0,0.0,0.0,0.0012648150637585161
0xf6f10dd85598402a29893b9a31d9beba93a5b0b3,0.0012642298065040157,0.0,0.0,0.0,0.0,0.0,0.0,0.0012642298065040157
0x8a06e05d82b640de3a9759ba8343d8a004f37ed0,0.0,0.0012612509228857483,0.0,0.0,0.0,0.0,0.0,0.0012612509228857483
0xd23943b531e18a7208cdd8654fc390d6be55dd6a,0.0,0.0012598735811855043,0.0,0.0,0.0,0.0,0.0,0.0012598735811855043
0x415d2c80fdafc4170287accb26fa4f5bd495d0d5,0.0,0.0012565756679695393,0.0,0.0,0.0,0.0,0.0,0.0012565756679695393
0x052a695b596db62266b4e0a84aefb85ef97a60ef,0.0,0.0004639303669620491,0.0007910420425486781,0.0,0.0,0.0,0.0,0.0012549724095107272
0xc99e4a94d33ad1fe233cb0e9cae13102a6c9b2b7,0.0,0.0,0.0012539787080827682,0.0,0.0,0.0,0.0,0.0012539787080827682
0x038ac1795d2c99b312e981e2992bfc45d0b3c73e,0.0012528320579265392,0.0,0.0,0.0,0.0,0.0,0.0,0.0012528320579265392
0x69b772c69f2998310aee4895257c5cd7b7928fdd,0.0,0.0,0.0,0.0,0.0,0.0,0.0012485660299083865,0.0012485660299083865
0xf6ed65fc5c0cd1f0614bb7bd4b6865c21186bcbe,0.0,0.0012441205152612471,0.0,0.0,0.0,0.0,0.0,0.0012441205152612471
0xa11d66540b956eba4c11416ce605e8a69d54fe58,0.0012421045539600059,0.0,0.0,0.0,0.0,0.0,0.0,0.0012421045539600059
0x7febf8deb3969929d9a71dc108cbb1c8caa9f7f9,0.0012371833299693034,0.0,0.0,0.0,0.0,0.0,0.0,0.0012371833299693034
0x9b431a91e9c4dc41a3c336acbd6a5e476aaa21a3,0.0,0.00037190699577693706,5.40021000349488e-05,1.1904438985058537e-06,0.0008099190749618055,0.0,0.0,0.0012370186146721971
0xf0c734b6578db7a56ec5c115d639acd1aadadc1a,0.0,0.0,0.0,0.001236204703966457,0.0,0.0,0.0,0.001236204703966457
0x1d7a29e2b3d9c1637b0fc422425e8c590d28c84e,0.0012313400803033432,0.0,0.0,0.0,0.0,0.0,0.0,0.0012313400803033432
0xa8c9dd5cd674a7fecd044d769b741ece98ec8737,0.0007154308221304063,0.0,0.0,0.000511303764202111,0.0,0.0,0.0,0.0012267345863325174
0xe24e0a1cbfbab7f586c657800d9f69ab651c2b80,0.0,0.0012262190231388079,0.0,0.0,0.0,0.0,0.0,0.0012262190231388079
0xdb77d93a976081cd2c97914b72d27f9b053c843f,0.00016424356277187913,0.0005904504892023428,5.789644645675928e-06,5.6156482307119e-14,0.00029152420181352036,9.175631417571577e-06,0.00016164616350907427,0.0012228296934162204
0xa6bdb7468f369f07048fc706259f8dc09d40816b,0.0,0.0012220823206706354,0.0,0.0,0.0,0.0,0.0,0.0012220823206706354
0x04a2a3c0079b9b08fe9d4dde702e906a7f04d433,0.0002828295806422724,0.0009343779269917061,0.0,0.0,0.0,0.0,0.0,0.0012172075076339784
0x25f9278827072c1f3e66bb115acecb35ee33da12,0.0,0.00121618711088365,0.0,0.0,0.0,0.0,0.0,0.00121618711088365
0x734459d20d57cb748090dec99375efa3c8c42ebc,0.0,0.00121573027425717,0.0,0.0,0.0,0.0,0.0,0.00121573027425717
0x133a77fc7e4ae66b946f580ed22f16139690e1a8,0.0,0.0012156103147234023,0.0,0.0,0.0,0.0,0.0,0.0012156103147234023
0x507e42f3e1612ca996d87230c7686de89abfed6b,0.0012151387091743123,0.0,0.0,0.0,0.0,0.0,0.0,0.0012151387091743123
0x932ce0cbcd156c624d63ec351e14efd5dcc4af1a,0.0,0.0012147188503893822,0.0,6.021596930891075e-08,0.0,0.0,0.0,0.0012147790663586911
0xea1273fbc8e1159583d1d52e03e59ae97fbfdca3,0.0,0.0,0.0,0.0,0.0012106382868781467,0.0,0.0,0.0012106382868781467
0x090f6f00ae41f7e0aed211436213fae953550ff4,0.0,0.0012102505262493613,0.0,0.0,0.0,0.0,0.0,0.0012102505262493613
0x0b4a54808c8d6847fec5f0107e490aac81aa25ec,0.0,0.001163204737282972,4.6515052249240874e-05,0.0,0.0,0.0,0.0,0.001209719789532213
0x635b9b9f1da50eb0cd6883cf9f42a49555838575,0.0,0.0,0.0012090919449128665,0.0,0.0,0.0,0.0,0.0012090919449128665
0xbb083da0be49244966f1b16740e30241b932f1dd,0.0,0.001204971699980107,0.0,0.0,0.0,0.0,0.0,0.001204971699980107
0x6ca5584a814471680d823a787eeeb58c1e03e1e0,0.0008849113270748628,0.0,0.00031930275289280034,0.0,0.0,0.0,0.0,0.001204214079967663
0x0bc1b2d67f1d6c3923c329146e81215f16663227,0.0,0.0012039583937134809,0.0,0.0,0.0,0.0,0.0,0.0012039583937134809
0xcf272d039ff88643f74eb4f7d6f5778c7a487eb0,0.0,0.0,0.0,0.0,0.001203862357754209,0.0,0.0,0.001203862357754209
0x3b930ae8389c857477a937a6c91c4b6ca0c6de0b,0.0,0.0,0.0,0.0,0.0012037680092482368,0.0,0.0,0.0012037680092482368
0x7bf1b1f18f16a64c5e85da978076799d8f44622b,0.0,0.0012036528935710313,0.0,0.0,0.0,0.0,0.0,0.0012036528935710313
0x25268869efc127aaf837486365733332abf06dbe,0.0,0.0012028626778026875,0.0,0.0,0.0,0.0,0.0,0.0012028626778026875
0x5d350ab034c774acf188a8b11215a5128e1f4044,0.0,0.00120262963354473,0.0,0.0,0.0,0.0,0.0,0.00120262963354473
0x7e236e03634b97bdc42169d7cdec6c3282a428f3,0.0,0.0012019187967012078,0.0,0.0,0.0,0.0,0.0,0.0012019187967012078
0x3e21866760236ebb93cdc093d49a7c5f4c7e505c,0.0010961868320442131,0.0,0.0,9.805183322686228e-05,0.0,0.0,0.0,0.0011942386652710755
0x451dfb51f30ed3e51fff562e67a5eb89bb885b4b,0.0011935457080610478,0.0,0.0,0.0,0.0,0.0,0.0,0.0011935457080610478
0x9fa163662dd770b5bfac57b6a0e69846107e999b,0.0,0.001193533744238664,0.0,0.0,0.0,0.0,0.0,0.001193533744238664
0xc026400b91a83ba6147bb4eaef6b86fac685dca8,0.0,0.0011894714732470113,0.0,0.0,0.0,0.0,0.0,0.0011894714732470113
0x2a20d3697bd20e607589a4536cab599e56f2b355,0.0,0.0011873864404594698,0.0,0.0,0.0,0.0,0.0,0.0011873864404594698
0xef3cb3fa5d57828a8235d1398ca543de4bdd5251,0.0011873172921292314,0.0,0.0,0.0,0.0,0.0,0.0,0.0011873172921292314
0x3a7b7068b912cceeb027e9603f940f25531ac6c5,0.001183164643742422,0.0,0.0,0.0,0.0,0.0,0.0,0.001183164643742422
0xc1269b5614c6f5cc50affa5e62d403622c6cdb3f,0.0,0.0011823912213068718,0.0,0.0,0.0,0.0,0.0,0.0011823912213068718
0xaa1efb71c754db022c0250105b7f9f075aa4b4d8,0.0005881135367806193,0.0,0.0,0.0005940777586643909,0.0,0.0,0.0,0.0011821912954450102
0xebdca36ea7be9c96b75240355ec1dd5e88dd8e74,0.0010364614224620352,0.0,0.0,0.00014537943311614978,0.0,0.0,0.0,0.001181840855578185
0x23fcd104a217f316dbfa66efcef38f0a084971ad,0.0011799895649598554,0.0,0.0,4.8345804232662274e-12,0.0,0.0,0.0,0.0011799895697944358
0x6eb4d3f5834fd36e39807f7ef379e55c9b662988,0.0011795441191654247,0.0,0.0,0.0,0.0,0.0,0.0,0.0011795441191654247
0x59eb858af223bddd381fb1ba856587bd956e0e0f,0.0011785302463196302,0.0,0.0,0.0,0.0,0.0,0.0,0.0011785302463196302
0x9c6ea0a475cbd6989b48534e102be278e822fb79,0.00023530380371800997,0.0009427866146069877,0.0,0.0,0.0,0.0,0.0,0.0011780904183249976
0x47a6b229aaf701ae7e7dbbb2d814ae7418876bba,0.0011771892325008067,0.0,0.0,0.0,0.0,0.0,0.0,0.0011771892325008067
0x1f33c0edbe591a2194978069c40bddf8c2059a5e,0.001177024885883034,0.0,0.0,0.0,0.0,0.0,0.0,0.001177024885883034
0x73191b655bbcd9b38e5161c2245c86d19a7dadc9,0.0011769306743823359,0.0,0.0,0.0,0.0,0.0,0.0,0.0011769306743823359
0xa1562e0548614a11a9f95b4fc33a3302a0b9db2c,0.0011762249394186887,0.0,0.0,0.0,0.0,0.0,0.0,0.0011762249394186887
0xecee211d2726304fc38a7cf9e51a96e24ad5dc23,0.0011762249280092636,0.0,0.0,0.0,0.0,0.0,0.0,0.0011762249280092636
0xe2127ba22e5e226a56d1c0bab8ca8ac731843747,0.0011762247787464176,0.0,0.0,0.0,0.0,0.0,0.0,0.0011762247787464176
0x3bb2db39050bde51c6fc82be2bc63f3d71bc2c1a,0.0011761660695956697,0.0,0.0,0.0,0.0,0.0,0.0,0.0011761660695956697
0x04704ecaab8f063b76a6f2ff45d2f414f0acaa68,0.001175851847781619,0.0,0.0,0.0,0.0,0.0,0.0,0.001175851847781619
0x0e2fe00504d1e3fddcf58162177482fe97b0542a,0.001175636826948929,0.0,0.0,0.0,0.0,0.0,0.0,0.001175636826948929
0xf85f5741aa92bb1ee2f6f1456c10597f7c832c0f,0.00117559575458548,0.0,0.0,0.0,0.0,0.0,0.0,0.00117559575458548
0xe5c4fcc72c670430ba7639f9b193f1d564dd5a59,0.001175249700386977,0.0,0.0,0.0,0.0,0.0,0.0,0.001175249700386977
0xd42b21b1d86a6ab8aa22a966e826244fcbd1498a,0.0011750772716228645,0.0,0.0,0.0,0.0,0.0,0.0,0.0011750772716228645
0xd9e040f27afc9f5ecbc8699d9d0f2415425ebe76,0.001175048056851791,0.0,0.0,0.0,0.0,0.0,0.0,0.001175048056851791
0x771999982fc377611aba04b212dbcce76f8a3cba,0.0,0.0,0.0,0.0,0.0011750069618020997,0.0,0.0,0.0011750069618020997
0x80cdc32eb10f4ceb0990f6622b7d0e21b06ec5f4,0.0,0.0011744544133077894,0.0,0.0,0.0,0.0,0.0,0.0011744544133077894
0x81effb2bd71d49b31a38aa697d9899c06adc582d,0.0,0.0,0.0011737946341802352,0.0,0.0,0.0,0.0,0.0011737946341802352
0x7f0a67ee674ce59d1cbd39aa03c6469d89621241,0.0,0.0,0.0011690555609824172,0.0,0.0,0.0,0.0,0.0011690555609824172
0x2ea892903007db172ee1d6770eab1adfa7b145d7,0.0,0.0,0.0,0.0011646922425731503,0.0,0.0,0.0,0.0011646922425731503
0xec686836f18b36b8af527cb309394113d0b6d859,0.0,0.0,0.001162955650148283,0.0,0.0,0.0,0.0,0.001162955650148283
0x06405dcf38a61487c57066d07c1d8e09e0514778,0.0011628933391871462,0.0,0.0,0.0,0.0,0.0,0.0,0.0011628933391871462
0x2322dab459f349aace77b530a0c14198cb66d9b5,0.0,0.0011615287010690529,0.0,0.0,0.0,0.0,0.0,0.0011615287010690529
0x1538bee8f8352d0b1456293234a7f54a2358e540,0.0,0.0011613050106016383,0.0,0.0,0.0,0.0,0.0,0.0011613050106016383
0x3dabe01d3a191cb1a7b8973fd7608eb3ed5ae1a6,0.0,0.0,0.0011609812138776746,0.0,0.0,0.0,0.0,0.0011609812138776746
0x1a55ffecdd38eb2c43e4e9464e228f218a61f4ad,0.0,0.001158620606909299,0.0,0.0,0.0,0.0,0.0,0.001158620606909299
0x0be12b8f26acc52bb613527638fe5cb49f416d87,0.0010363408787811316,0.0,0.0,0.00012002165273226338,0.0,0.0,0.0,0.001156362531513395
0x2d216786b339af61770f8c42108881d041d5e880,0.0,0.0011557138763429128,0.0,0.0,0.0,0.0,0.0,0.0011557138763429128
0xd9fdfa8083499fa445c9104cef8c47c01c50c39b,0.0,0.0011550364327528619,0.0,0.0,0.0,0.0,0.0,0.0011550364327528619
0x7432d3ee6fb2d5aef1086ee0d1a7b0d4c7181f45,0.0009953387328519062,0.0,0.0,0.0001593426881069305,0.0,0.0,0.0,0.0011546814209588366
0xb8d7202b5e0ec440bd0e87d016dd6a9d346c9726,0.0,0.0011537205564805851,0.0,2.1526507624528576e-07,0.0,0.0,0.0,0.0011539358215568304
0xdb78454be23f98acb586b2a96e34b75384b81c7c,0.0,0.0,0.0011532351686007638,0.0,0.0,0.0,0.0,0.0011532351686007638
0x253cd70d977177839b537a11c14e4d0fbf58f68d,0.00024695948042820453,0.0009045717126497676,0.0,0.0,0.0,0.0,0.0,0.0011515311930779721
0x4a37f44ecb084c6ccf887516a3100681bf5627fa,0.0,0.0011501549143776095,0.0,0.0,0.0,0.0,0.0,0.0011501549143776095
0x54749fdd0406cf078134d34fc5f60e956cb1ba40,0.0,0.0,0.0011492882642480105,0.0,0.0,0.0,0.0,0.0011492882642480105
0xe8e50fd0fd080573e80777eb5468b6200711db36,0.0,0.0011467906042740427,0.0,0.0,0.0,0.0,0.0,0.0011467906042740427
0x615cde3506e8dcb6ddb0be912f3fad2cf3181324,0.00011860507344084834,0.0,0.001028137318022337,0.0,0.0,0.0,0.0,0.0011467423914631853
0x4fd64038e5fed1c312b413675a8e6239c4f37231,0.0,0.0011446719474580763,0.0,0.0,0.0,0.0,0.0,0.0011446719474580763
0xaf6d5de979d8c863d3c52ac7dbf5215773687f69,0.0,0.0008798936628234669,0.0,0.0,0.0002616830551151205,0.0,0.0,0.0011415767179385873
0xe81e54f36a9e6ee871aa0f2e9991889f7c414bae,0.0,0.001140907306921598,5.9025740795014025e-08,0.0,2.157441069125741e-10,0.0,0.0,0.0011409665484064999
0x984b218dfc581798e3be0aeb099789e333e23619,0.0011395959429696984,0.0,0.0,0.0,0.0,0.0,0.0,0.0011395959429696984
0xb52fda14a7968c31ea03aaa3ca17bf5b8745709f,0.0,0.0009722396737989667,0.00016572638111860824,4.819607250912152e-09,0.0,0.0,0.0,0.0011379708745248257
0xfe650e681f31439f0783cb8e31ff1816c653730e,0.0,0.0011333961310916808,0.0,0.0,0.0,0.0,0.0,0.0011333961310916808
0xae7507aace474cd005ccb542598f56877eb1164d,0.0,0.0,0.0,0.0,0.0011316235702871242,0.0,0.0,0.0011316235702871242
0x8f596c62bbb19c0039f0771c39f963725958ba96,0.000879723759178584,0.0,0.00025177294351213733,0.0,0.0,0.0,0.0,0.0011314967026907214
0x9315f147e64ef0f477857f1e66e235f753e51273,0.0,0.0011302084061885357,0.0,0.0,0.0,0.0,0.0,0.0011302084061885357
0xdbcf1d2a0657b820a6b983261bbc07414ba55fd4,0.0,0.0011283874673929223,0.0,0.0,0.0,0.0,0.0,0.0011283874673929223
0x67e3301839d2a8988598572e79076cdcb0f6fdd8,0.0,0.0,0.0,0.0,0.0,0.0,0.0011265332095633568,0.0011265332095633568
0x4c5e3b09a380ff9ccf3f7454b645c593c1066d85,0.0,0.0011264216053905223,0.0,0.0,0.0,0.0,0.0,0.0011264216053905223
0xe86d822d593992ea9d0105cd47a0fe8c1bfd728b,0.0,0.0008888121503322591,0.0,0.0,0.00023502351752082806,0.0,0.0,0.0011238356678530872
0x996f79aa44630200912ab144b97c93e5365a4bd9,0.0,0.0,0.0011236934469514399,0.0,0.0,0.0,0.0,0.0011236934469514399
0xa16d56cb098814641fa9d5c3e3f2b591a344e924,0.0,0.0009374460385866043,0.0,1.3005432537982616e-06,0.0,0.00018012427191808908,0.0,0.0011188708537584915
0x32713ee7b7d340b433c6cedbedfccc77b5e43c09,0.0,0.001118159584358105,0.0,0.0,0.0,0.0,0.0,0.001118159584358105
0x16f04722feeb47799749b711ed9dd6bdf6f46328,0.0,0.001115434753490987,0.0,0.0,0.0,0.0,0.0,0.001115434753490987
0x097c52d4345b6020815a1c0ff3d8ac75789c1347,0.0,0.00111213856506737,0.0,0.0,0.0,0.0,0.0,0.00111213856506737
0x9205b9efd236610bd99ba4adbbcf39330c188692,0.001108939851033162,0.0,0.0,0.0,0.0,0.0,0.0,0.001108939851033162
0x95045076fc93a14a4e9b576599479cb4f58a1b11,0.0,0.001106902456749669,0.0,0.0,0.0,0.0,0.0,0.001106902456749669
0x0217a7bd7dcf81d2b87af4e55cca3181c9dbda67,0.0,0.0,0.0,0.0,0.0011054967999107692,0.0,0.0,0.0011054967999107692
0x2c4998ae3f780187d5b54463c8fa7d9c393f22a8,0.00022846490887566348,0.0,0.0,0.0008769310646514383,0.0,0.0,0.0,0.0011053959735271017
0xeedc57a8a24f9fe798c79a7f9e0e95e93a470341,0.0,0.001105303913004645,0.0,0.0,0.0,0.0,0.0,0.001105303913004645
0x428ba87cc89d457ea0754b7fa8bf39cfb53ed63a,0.0,0.0010855851805779682,1.7400348648826897e-05,0.0,0.0,0.0,0.0,0.001102985529226795
0xad8d22b89e55490e72bb5b06971f47c4b329e8b2,0.0,0.0,0.0,0.0,0.0,0.0,0.0011017219484351496,0.0011017219484351496
0x6dc44d8810b454124be1bfcbc84d9b908dc8b14c,0.0,0.00109330610676399,0.0,1.4875766380224958e-07,0.0,7.493263325440505e-06,0.0,0.001100948127753233
0x172f5a1147c2b65e88b8d1f14af55c9fa304b639,0.0007362233487341175,0.0,0.0003640683442735772,0.0,0.0,0.0,0.0,0.0011002916930076946
0x804b465d8f5ff4cf3541c0c7b3330dde91041159,0.0,0.001096328333510347,0.0,0.0,0.0,0.0,0.0,0.001096328333510347
0xb3dfcddcca5adfecf11571bab1e34a47db6e77dd,0.0,0.0010953952323009785,0.0,0.0,0.0,0.0,0.0,0.0010953952323009785
0xb91c4144fa0cc8854b7952aec9934c273b73a96c,0.0,0.0010942291607344257,0.0,0.0,0.0,0.0,0.0,0.0010942291607344257
0xd90772ff9af6d53ac5a05ad0c4e35779b508cace,0.0,0.0,0.0,0.0010909023719300611,0.0,0.0,0.0,0.0010909023719300611
0x4616963ec961cd267f064133b64ba98dd28a9952,0.0010901668227604104,0.0,0.0,0.0,0.0,0.0,0.0,0.0010901668227604104
0xc4a29db0c6caef72883a9daad1aca2616a248aa5,0.0,0.0,0.0010844076707023542,0.0,0.0,0.0,0.0,0.0010844076707023542
0xda071750f4dd6167775ccd3d1b2300819c796bf8,0.0,0.0010794994748940783,0.0,2.68570579541298e-06,0.0,0.0,0.0,0.0010821851806894912
0xaae7489bcf33abdb0deba7e0b3a2727e8340e3a9,0.0,0.0,0.0010821346545534106,0.0,0.0,0.0,0.0,0.0010821346545534106
0xff84aaa3211476431e20ecd1b417392138bfd144,0.0,0.0,0.0010780375811122796,0.0,0.0,0.0,0.0,0.0010780375811122796
0x58f7781c28e6c35a37e0a9577f94ebd797ba8d1c,0.0,0.0,0.0,0.0,0.0010750344725241445,0.0,0.0,0.0010750344725241445
0x77e00adf06c5f9bd7792152598a61db019641de0,0.0,0.0010699787713590355,0.0,2.1389506172606038e-06,0.0,0.0,0.0,0.001072117721976296
0x5aa060103a4eba3012cc36c990cd9259a20cfc17,0.0,0.0,0.001071512271087221,0.0,0.0,0.0,0.0,0.001071512271087221
0x8ad12cadc0057cd3aa8ee0de2741b512158de61a,0.0,0.0,0.0,0.00106995182003911,0.0,0.0,0.0,0.00106995182003911
0xf5348a50a748ea997242dcff3cef695ad43b2b0e,0.0005835046036817683,0.0,0.0,0.0004862585808271038,0.0,0.0,0.0,0.0010697631845088722
0x2dc64ae53956e0ac0facc87ebb558cbcbd478e6c,0.0,0.0,0.0010697198594267444,0.0,0.0,0.0,0.0,0.0010697198594267444
0x4ee685f5be216ec96cde234d8cb5c485014af027,0.0,0.0010690183797247943,0.0,0.0,0.0,0.0,0.0,0.0010690183797247943
0xcda361c43f2cb7c4bf52eae21415da1d5a770b55,0.0,0.0,0.0,0.0010689177973715039,0.0,0.0,0.0,0.0010689177973715039
0xd89226af46668c95b37361fdca47687a201b2e77,0.0,0.0,0.0,0.0010682464636105533,0.0,0.0,0.0,0.0010682464636105533
0x689afbae02a62d10e9a20a6f76b08d94eb7361f0,0.0,0.00106798647115828,6.942433722449273e-08,6.600441529754705e-13,0.0,0.0,0.0,0.0010680558961555487
0x42d2f639488d924c4ffe81e716e37962268ead09,0.00012303420643805586,0.0009427104177482222,0.0,0.0,0.0,0.0,0.0,0.0010657446241862782
0x69c12e2ca4886e7e5945cdd9b2be2e5fd89532bb,0.0,0.001062784234144263,0.0,0.0,0.0,0.0,0.0,0.001062784234144263
0x8d00e2690ab5bffe145cc77bce5e0d5647e984a7,0.00035300862881833603,0.0,0.0,0.0007086712829588683,0.0,0.0,0.0,0.0010616799117772044
0x9d8d954c1127a30c7b684d13d5189e61a549251e,0.0006654536747852716,8.129206491247854e-05,0.0,0.0,0.0003146749963760044,0.0,0.0,0.0010614207360737545
0xf42bcdbfc8f93cd325810802db5c74cc8f1fe794,0.0,0.0,0.0010581651713070998,0.0,0.0,0.0,0.0,0.0010581651713070998
0x6905c0fd28a802e421dfc742fc8629a3801c92c1,0.0010566787973387717,0.0,0.0,0.0,0.0,0.0,0.0,0.0010566787973387717
0x609ec5256f9de31bd22daa8962f28859610211bc,1.176224939418809e-13,0.0,0.001052649891370217,0.0,0.0,0.0,0.0,0.0010526498914878394
0x2be46588ef39403ddfdbb5cfb0a484eaa5fe32d9,0.0,0.0,0.0,0.0010472857393563945,0.0,0.0,0.0,0.0010472857393563945
0x1589672948b939fa3e4019ec33831413631a38f5,0.00044751971181799654,0.0005995159864165665,6.8759186297297045e-09,0.0,5.536162699356805e-11,0.0,0.0,0.0010470426295148198
0xa21957306bd617e489f2a4070975e5abf4f6f1af,0.0,0.0,0.0010465649351204616,0.0,0.0,0.0,0.0,0.0010465649351204616
0xfd25ec907b1aecb23f23c0622efa51d789f73012,0.0,0.0,0.0010388041791320956,7.329666090270702e-06,0.0,0.0,0.0,0.0010461338452223664
0xaeee0428416435bb599a0684480c58e18434ad46,0.0004472948735977297,0.0,0.0,0.0005987632141125402,0.0,0.0,0.0,0.00104605808771027
0x2ca783d338276b568b38978bf64a5011c43dce10,0.0,0.0010448075890432849,0.0,0.0,3.8563946669939125e-10,0.0,0.0,0.0010448079746827516
0x075ce5fbeb20f068f9d82fd08305cf489be7beef,0.00011882247862507596,0.0009258764109236041,0.0,0.0,0.0,0.0,0.0,0.00104469888954868
0x9e0d1ea056820b4b8d7e14ff74c9c68da768537b,0.0,0.0010430522662746773,0.0,0.0,0.0,0.0,0.0,0.0010430522662746773
0x4a2d7da70ec8deb5dc8018190a1b66ce5dd84449,0.0,0.0010388322762197046,0.0,0.0,0.0,0.0,0.0,0.0010388322762197046
0xb973ac4cc47154604a613e2c2b180e0bd6ee529d,0.0,0.0010364079304411747,0.0,0.0,0.0,0.0,0.0,0.0010364079304411747
0x4a9bec3c2754b494fc81e8e4bbe7b8e48e216844,0.0,0.0010362239573862347,0.0,0.0,0.0,0.0,0.0,0.0010362239573862347
0x11ee3df2a93ac9c5fbf8528d84bf1a8303077453,0.0,0.0,0.0010356947170825392,0.0,0.0,0.0,0.0,0.0010356947170825392
0x6c07bee398a98b5e7d15aa1bc2cc4300514cabf7,0.0001187808991910888,0.0009153002785022242,0.0,0.0,0.0,0.0,0.0,0.001034081177693313
0xd9d3607cb0b1e7ed140f2c3793e070fb288bdc69,0.0,0.0,0.0,0.0010336420395373371,0.0,0.0,0.0,0.0010336420395373371
0x123fd41a159b8a69c6515c1fe46fcc1581eb2356,0.0,0.0010312879025258998,0.0,0.0,0.0,0.0,0.0,0.0010312879025258998
0xad7f321730941bc096f91066eee4295b4ced8fc9,0.0,0.0,0.0010306538387206165,0.0,0.0,0.0,0.0,0.0010306538387206165
0x3cfad2f324d175047166cddb677976f7539d76e9,0.0,0.0010296700049580126,0.0,0.0,0.0,0.0,0.0,0.0010296700049580126
0xbc3d5e1e22fe56ae0a6c0777d8b569dfec92a979,0.0,0.0010296145854038414,0.0,0.0,0.0,0.0,0.0,0.0010296145854038414
0x032828d34bf30fb02d0cc43d0f4e0891eab2305e,0.0,0.0010282517043076864,0.0,0.0,0.0,0.0,0.0,0.0010282517043076864
0xb0eb086006506381e310347ebbb0506320618b81,0.0,0.000680570987118486,0.0,0.0003471895515474716,0.0,0.0,0.0,0.0010277605386659577
0x907b332f4d2190027b115224a0ba7c8ef9f30273,0.0,0.0010266233023926393,0.0,0.0,0.0,0.0,0.0,0.0010266233023926393
0xb9b913f4abf4fb3966c906f1dd567fe8d23ed2b9,0.00011755780168781417,0.0009087968369562795,0.0,0.0,0.0,0.0,0.0,0.0010263546386440937
0x02650c0e46733dc67b052deae215ef3a1aae6532,0.0010256711583090529,0.0,0.0,0.0,0.0,0.0,0.0,0.0010256711583090529
0x3e77c4fec7bcf4a5ea4a6369abcb1b36e6308068,0.0,0.0,0.0010249378064339477,0.0,0.0,0.0,0.0,0.0010249378064339477
0x979a6bfc457f3a7da6544a96a8559a6bd749c42a,0.0,0.0,0.0010241154035120503,0.0,0.0,0.0,0.0,0.0010241154035120503
0xe5f735f10faec93e5fb95e396db917777d671e50,0.0,0.0010137782256335805,0.0,0.0,9.947246150781125e-06,0.0,0.0,0.0010237254717843616
0xa96c55be53b46283eac5728283abe953b95d526a,0.0007273582464414851,0.0,0.0,0.0002954136627618608,0.0,0.0,0.0,0.0010227719092033459
0xbe68954cc75902bdd0b8c71a4bdd0be88c6bde00,0.0,0.0010213645342669313,3.1654920224504433e-07,0.0,0.0,0.0,0.0,0.0010216810834691764
0xd229a3c9c05185d4ce2f453724877ecb1bd3d269,0.0,0.0010208100846295699,0.0,0.0,0.0,0.0,0.0,0.0010208100846295699
0xefa8b98e6ee6234b2955281f273a97424c77e2f3,0.0,0.0010206407864542316,0.0,0.0,0.0,0.0,0.0,0.0010206407864542316
0x79bb8826f741127e20a91e24e3dbdedc7d40e8ed,0.0,0.0010205627711118305,0.0,0.0,0.0,0.0,0.0,0.0010205627711118305
0xbd73c7fe629b85dde4b4bb02cdaa7a799fcdee3d,0.0,0.0,0.0010200257195396223,0.0,0.0,0.0,0.0,0.0010200257195396223
0xe0eb727e5c338ba6be1361e0c84e26b60175f488,0.0,0.0010196496033309445,0.0,0.0,0.0,0.0,0.0,0.0010196496033309445
0x23fc1fce0adacfe2ab728d82d564eae09cf46101,0.0,0.0010173968991305793,0.0,0.0,0.0,0.0,0.0,0.0010173968991305793
0x334fd14b418059766b6ef99fa555d2e73cd6f729,0.0,0.0010165800466678855,0.0,0.0,0.0,0.0,0.0,0.0010165800466678855
0x32aed78b9a98b9e67edace01cc9c87444117c9d1,0.0,0.0010165089393180293,0.0,0.0,0.0,0.0,0.0,0.0010165089393180293
0xa6c1b4478d91c4a3e6b6ae6621524438a09b4323,0.0,0.0010152547800653423,0.0,0.0,0.0,0.0,0.0,0.0010152547800653423
0x10b795ed913c579c300451b1dc2f19e6d94f49b6,0.0,0.0004555744312937396,0.0005371629994458076,1.8123415882286338e-05,0.0,0.0,0.0,0.0010108608466218335
0x9dfedf081978ef88c0c93a69c7fc9a69f7dfb8cc,0.0,0.0,0.0,0.0010105420755428976,0.0,0.0,0.0,0.0010105420755428976
0xf22b17b2f2f827b2ee0c7fbf45c59fa59eb1a383,0.0,0.0,0.0010056364699447139,0.0,0.0,0.0,0.0,0.0010056364699447139
0x76c1f5008c5119708cf3b9ab578e35a0500eeb34,0.0,0.0,0.0010043120636344797,0.0,0.0,0.0,0.0,0.0010043120636344797
0x1eb18844ab577b5ad6ff35d1b6412839a4dcdf31,0.0,0.0009487297754335351,0.0,8.729764527063278e-07,0.0,5.45568517484528e-05,0.0,0.0010041596036346942
0xd79ea99288c5118c3a1a7f83ae21736acdcdd4b4,0.0,0.0,0.0,0.0,0.00020664530462796482,0.0007966970581192583,0.0,0.001003342362747223
0x10a94222705724b99955be453b462bfdd73a7fa3,0.0,0.001002214141772271,0.0,0.0,0.0,0.0,0.0,0.001002214141772271
0x56008c7cd8b95f6f2852ca4484f23a7b14058592,0.0,0.0010001205308614895,0.0,1.557967096218077e-06,0.0,0.0,0.0,0.0010016784979577076
0x2b27cc4f3cad6490a58df4548f60c5929c5b775f,0.0,0.0,0.0010013258275377273,0.0,0.0,0.0,0.0,0.0010013258275377273
0xc9a3f8c57fd90ccb4bf501e445c40677b7012167,0.0,0.0009344923601188772,6.29764669776062e-05,0.0,0.0,0.0,0.0,0.0009974688270964834
0x1e8a4ec0a8546c532a929c7d53fc3e8853b963f1,0.0,0.0,0.0,0.0009947107886675208,0.0,0.0,0.0,0.0009947107886675208
0x3a3d17189dc6815344023c91f1bb4a310b7f2fd1,0.0009938212627095338,0.0,0.0,0.0,0.0,0.0,0.0,0.0009938212627095338
0xd26f5cc2eae77a679b293f905b93da0cc9c21d50,0.0,0.0009933111371380292,0.0,0.0,0.0,0.0,0.0,0.0009933111371380292
0x65a3e526a42118c29c90ab74aeae3f5b2a261182,0.0,0.0,0.0009919250413623869,0.0,0.0,0.0,0.0,0.0009919250413623869
0xd29e0a9d3ad74a631703caa0f435e591ac2932cf,0.0,0.0009897330672823004,0.0,0.0,0.0,0.0,0.0,0.0009897330672823004
0x8d832e03f199948b412660ed0064d6fd5a3609f6,0.0,0.0009896984422895373,0.0,0.0,0.0,0.0,0.0,0.0009896984422895373
0xc4e2b9874e4564082695a5412ff28e64a073f7a7,0.0,0.0009891199979442653,0.0,0.0,0.0,0.0,0.0,0.0009891199979442653
0xf4b60bac4de10a4d18c1e76dd18f9706cca17aa8,0.0009888643505245331,0.0,0.0,0.0,0.0,0.0,0.0,0.0009888643505245331
0x1fa5e9ff9bd83bacf93993b1276e2f906b2d6302,0.00022924795104152786,0.0007487193304677281,0.0,1.4799545524023247e-07,0.0,1.034252936448363e-05,0.0,0.0009884578063289798
0xecbbebeb4fbef7021d5b60f80beeca74d229ed46,0.0,0.0,0.0009881229766557256,0.0,0.0,0.0,0.0,0.0009881229766557256
0x7e456346987b2d87f3dc6cf1e3e404d79a7586af,0.0,0.0009857387921109752,0.0,0.0,0.0,0.0,0.0,0.0009857387921109752
0xb6d714bbd1d41faff6dfc74b4ea0128a5cb99c27,0.0009842488984825799,0.0,0.0,0.0,0.0,0.0,0.0,0.0009842488984825799
0x28e5308ac437c3c3a9a02847dc1dea27d941d8c4,0.0,0.0009841991653504023,0.0,0.0,0.0,0.0,0.0,0.0009841991653504023
0xa5d91486783a30fcaf9a7ea51714b92a81e8ab0c,0.0,0.0009824652365750582,0.0,0.0,0.0,0.0,0.0,0.0009824652365750582
0xe39476eb228d5577d7f38c0781118c8a2610af7d,0.0,0.0,0.000982133194188968,0.0,0.0,0.0,0.0,0.000982133194188968
0x5f193e139fa2c4a57044f331863f64eb5a797af2,0.0,0.0,0.0009781076362820006,0.0,0.0,0.0,0.0,0.0009781076362820006
0x3847b31dc01bdea4942c41d98204485d7994530f,0.0009781045418930058,0.0,0.0,0.0,0.0,0.0,0.0,0.0009781045418930058
0x8d802682991154601b2785fc91bba229848383bf,0.0,0.0009266875921120026,4.850984156714754e-05,0.0,0.0,0.0,0.0,0.0009751974336791501
0xae9dbe3feb9fd03945ed79f79142e8787fe47907,0.0,0.0009070743542706968,0.0,0.0,0.0,0.0,6.808004800321631e-05,0.0009751544022739131
0xf5818d92489291fc51d94962b660e5c070ce2503,0.0,0.000973999342905931,0.0,0.0,0.0,0.0,0.0,0.000973999342905931
0x985c80febcf6629806d0c2d2ffbfa43f93cc1909,0.0,0.0009739934068414395,0.0,0.0,0.0,0.0,0.0,0.0009739934068414395
0xbd52975b44d821898f15abff495b7ba49f831707,0.0,0.000973447777869643,0.0,0.0,0.0,0.0,0.0,0.000973447777869643
0x38d706a9e0ff9a7b7208c577748fc3317ff50076,0.00014600991489730622,0.00027956377652845285,0.0,0.0,0.0005478302822634381,0.0,0.0,0.0009734039736891972
0x670fcb37398936cf2f52a5c3023ef16b5e2f2904,0.0,0.0,0.0009724470971396155,0.0,0.0,0.0,0.0,0.0009724470971396155
0xe78d6c6a739f3b68edb1ff6a80a977952c21c781,0.0009723166643099805,0.0,0.0,0.0,0.0,0.0,0.0,0.0009723166643099805
0x8e004ec0473a0151017311fe2a837a3dbd451a3f,0.0,0.0009710473341845948,0.0,0.0,0.0,0.0,0.0,0.0009710473341845948
0x34f8fc96ed067a5d1cdf06b9dd1253943ae1deb6,0.0,0.0009710469919228227,0.0,0.0,0.0,0.0,0.0,0.0009710469919228227
0x6df3548c067ab40e07f22f4adee3b74da36ee483,0.0,0.0009710423564744984,0.0,0.0,0.0,0.0,0.0,0.0009710423564744984
0xb0e9e92418f72a375572b8b33b191a56c9803be2,0.0,0.0009707469162273805,2.2703152478920138e-08,0.0,0.0,0.0,0.0,0.0009707696193798595
0x923cfad5804fe11f307c2a1f61807965a704d658,0.0009702109057341374,0.0,0.0,0.0,0.0,0.0,0.0,0.0009702109057341374
0x3d2c1b89c23ae2aaf8341f92cd79a36a91826783,0.0,0.0009696841261521655,0.0,0.0,0.0,0.0,0.0,0.0009696841261521655
0x35a6c3ff826406fb7a060c6a1f4896b910680ceb,0.0009685587016824303,0.0,0.0,0.0,0.0,0.0,0.0,0.0009685587016824303
0x8ce85a7a28d13a9254d1ce318194b382276a7827,0.0,0.0009229299762473152,4.4857369925236765e-05,0.0,0.0,0.0,0.0,0.0009677873461725519
0x06a6fa24cd1d1c158d797b9421d08b9a4c052131,0.0009065601746426417,0.0,4.3314125341853635e-05,1.661267079750129e-05,0.0,0.0,0.0,0.0009664869707819966
0x349dd66d555a26d890f6bb996ef1eadf9f65bdd3,0.0,0.00064127465802075,0.0003250408764643529,0.0,0.0,0.0,0.0,0.0009663155344851029
0x3af6a5ee1f278ebc8d1f9e38ea50110a79f0b3e8,0.0,0.0009656656506704764,0.0,0.0,0.0,0.0,0.0,0.0009656656506704764
0x7d8af66a4bc99a74ec97ac49aacc1c6fc77961a5,0.0,0.0009584649958988059,4.8398124265344284e-06,1.8099904943376916e-08,0.0,2.2766068251144083e-08,0.0,0.0009633456742985349
0xd9218fec4c3f9ac28721987efc3b2a8575fe8a3e,0.0,0.0009607572269417085,2.3606121819009633e-07,3.4442203894067045e-10,3.537618997791292e-10,0.0,0.0,0.0009609939863438373
0xa52e168f101fbbea240f4e9e47753d7150b0ba00,0.0,0.0009607538084752804,0.0,0.0,0.0,0.0,0.0,0.0009607538084752804
0x8042a1e006beb0435345216e43e5a0443d185050,0.0,0.0009598218502799102,0.0,0.0,0.0,0.0,0.0,0.0009598218502799102
0x3a6e5372d3de7ec9ebbb41bdd54979b1340ad286,0.0,0.000957284800122528,0.0,0.0,0.0,0.0,0.0,0.000957284800122528
0xf6b5f89e7b41fc597e2bb04a81db361de78157d3,0.0,0.0009262170112163769,0.0,1.438111152655958e-07,1.261365281337912e-05,1.78665767739899e-05,0.0,0.0009568410519190116
0xacaceac2d04aed83d93a22dd7d18e8ee32ae0d47,0.0,0.0,0.0009557601519038268,0.0,0.0,0.0,0.0,0.0009557601519038268
0x3ca76669e189849bdb76c3b6c811576d15fc2359,0.0,0.0009556967026189649,0.0,0.0,0.0,0.0,0.0,0.0009556967026189649
0x14b1c1f17ce4d7cddf73d23dc1c09ece9bcf6f40,0.0009551979748762762,0.0,0.0,0.0,0.0,0.0,0.0,0.0009551979748762762
0xd3e973266b5060aca22544aa2f8f9d1c32cd0791,0.0009541803024708365,0.0,0.0,0.0,0.0,0.0,0.0,0.0009541803024708365
0x761599064123baf63413e5c7b84e25ed64531867,0.0,0.0009496585138082751,1.1771090845694672e-07,2.1655073260415043e-08,2.544797643110308e-06,0.0,0.0,0.0009523426774331029
0x4157fe6ad673ac3d996fd2effd4b81bbcf061691,0.00037549527882711536,0.0005766171935178438,0.0,0.0,0.0,0.0,0.0,0.0009521124723449591
0x90ff44506837b7b5217a1da1707874c741b0b6fe,0.0,0.0009511578209283741,0.0,0.0,0.0,0.0,0.0,0.0009511578209283741
0xffd1a241100eb38adc9e4133334f59687fffc1f3,0.00021319126204930036,0.0007376853693417724,0.0,8.960608216353877e-12,0.0,0.0,0.0,0.000950876640351681
0x22da0df1f73132bd84e1f5705bf542b796d696a3,0.0,0.0009459821688633291,0.0,0.0,0.0,0.0,0.0,0.0009459821688633291
0x678ab7ff0262e4ed8a0ce2e8971fd45f7ccfcd94,0.0,0.0,0.0009457995816053333,0.0,0.0,0.0,0.0,0.0009457995816053333
0xbfa71a6cdc7e0ef079596d2462b134181b0ddb59,0.0,0.0009451739784724463,0.0,0.0,0.0,0.0,0.0,0.0009451739784724463
0x2957c2968ebcb91f5683768a9bdc468d08c2a2c2,0.0,0.0009449917038760867,0.0,9.837514454840804e-08,0.0,0.0,0.0,0.0009450900790206351
0xe905c4b8c6e0504e076844e53a08a9cd97fa8e79,0.0,0.0009444125005415641,0.0,8.061423404644403e-08,0.0,0.0,0.0,0.0009444931147756105
0x44ff172964330163baf92c50e379a4541e74c1a8,0.0,0.0009440240094254323,0.0,0.0,0.0,0.0,0.0,0.0009440240094254323
0x758d1a61d581dc6992c4772e92181da8465d95e8,0.0,0.0009430414951551679,0.0,0.0,3.3994597742956874e-10,3.28138953601767e-10,0.0,0.0009430421632400989
0xc91c1f719056db3a2abb3054d3a4c95076a0978b,0.00016730069595137918,0.0007749655802027381,0.0,0.0,0.0,0.0,0.0,0.0009422662761541173
0xebb95ed19c0bfc1e86bdf9789eb05bfa651cdb6f,0.0,0.000941632545236796,0.0,0.0,0.0,0.0,0.0,0.000941632545236796
0xb89166bd8d6c4bf7c12f445a26c26605acf969fd,0.0009410920387141312,0.0,0.0,0.0,0.0,0.0,0.0,0.0009410920387141312
0xc6963f45f159425f26770bcf0d78bfeb882a9cde,0.0,0.0009315010663768304,0.0,0.0,9.242089285163026e-06,0.0,0.0,0.0009407431556619935
0xa0dd77e4273b46655e106f14e2f9f46b636f90ce,0.0,0.0,0.0009060943926355874,0.0,3.376527191634976e-05,0.0,0.0,0.0009398596645519372
0xe8aca4881e58bcfdbd429e0c9a195ac4bcd501e9,0.0,0.0,0.0009387385988635138,0.0,0.0,0.0,0.0,0.0009387385988635138
0xc457ff8d72166a851aebc8824c4ddf517a55f336,0.0,0.0009381299011386622,0.0,0.0,0.0,0.0,0.0,0.0009381299011386622
0xe31bc5157d6109e148fa5e3354f8387129304031,0.0009378088607428546,0.0,0.0,0.0,0.0,0.0,0.0,0.0009378088607428546
0x81dfd4cc20c7c37ab29484d6b3d7654c99231d11,0.0,0.0009370302607875243,0.0,0.0,0.0,0.0,0.0,0.0009370302607875243
0xdede0f6a5f8da76f08b6a15a480a1e216a4f5f8c,0.0,0.0009370207918849123,0.0,0.0,1.791644366416261e-10,2.5529078257614123e-10,0.0,0.0009370212263401315
0x0531ae30533bcd14ac103127fbde1abd0ba4bbe2,0.0,0.0009369825245011189,0.0,0.0,0.0,0.0,0.0,0.0009369825245011189
0xedee4752e5a2f595151c94762fb38e5730357785,0.0,0.0009366727391445566,0.0,0.0,0.0,0.0,0.0,0.0009366727391445566
0xf340182120b3ae50223966cb3a7c8ed809281678,0.0,0.000936441659589624,0.0,0.0,5.678966289370056e-10,0.0,0.0,0.0009364422274862529
0x16064a2ced7727fd91aeb7f3f00a18661e28681a,0.0,0.0009363658121932926,0.0,0.0,0.0,0.0,0.0,0.0009363658121932926
0x78cb1a319c0cb0186cccc56ebd344645df1070f6,0.0,0.0009359940377741395,0.0,0.0,0.0,0.0,0.0,0.0009359940377741395
0x02c637ad991bde42800e63b53a8d97388bc86562,0.0,0.0,0.0009358298540921878,0.0,0.0,0.0,0.0,0.0009358298540921878
0x1d8c4d80464270afb50576cab66f08a29903747f,0.0,0.0009355955762511042,0.0,0.0,0.0,0.0,0.0,0.0009355955762511042
0x77d4d6f3bf28987c6b5edadb6170bacf47a1007b,0.0009346943985113304,0.0,0.0,0.0,0.0,0.0,0.0,0.0009346943985113304
0x9b70cbe99bd57280c9fd68f5c7f118b8ecdd9cdb,0.0,0.0009345658085357739,0.0,0.0,0.0,0.0,0.0,0.0009345658085357739
0xb2a9d8ddc5ae15db7b77842b9adc4408daee2a27,0.0,0.0009344658761381969,0.0,0.0,0.0,0.0,0.0,0.0009344658761381969
0x65038e17714ef11f5eadc176105d16fd8faeec1a,0.0009340858572150334,0.0,0.0,0.0,0.0,0.0,0.0,0.0009340858572150334
0x09db4167fce02a676c05c204075e6f37c4cd2bb0,0.0,0.0009326257721067743,0.0,1.951111841084388e-12,1.7724645942164688e-10,0.0,0.0,0.0009326259513043455
0x961dd6d42b3f02f81eb8163f3182a37e662dd4fe,0.0,0.0009322211112913323,0.0,0.0,0.0,0.0,0.0,0.0009322211112913323
0xf010128e081f242e463efdd60d217991908baf2d,0.0,0.0009315200288071949,0.0,0.0,0.0,0.0,0.0,0.0009315200288071949
0xb5617bfc48ed7c00d7f8f0220443794813996ef4,0.000931476091781216,0.0,0.0,0.0,0.0,0.0,0.0,0.000931476091781216
0x5c5f887237882ee7c56fa754b37c776bcc4f801b,0.0,0.000930626766606278,0.0,0.0,0.0,0.0,0.0,0.000930626766606278
0x19bd91a727073d43701592bbcbfbdad21cd9c126,0.0,0.0,0.0009304516641178262,0.0,0.0,0.0,0.0,0.0009304516641178262
0x04d4cab79fe1cc523beba1240ba159b9824513fd,0.0,0.0009276439630996379,0.0,2.480710687184794e-06,0.0,0.0,0.0,0.0009301246737868227
0xd5f0883341d4227304f2bdb105cf4adcc4062287,0.0,0.0,0.0,0.0,0.0,0.0,0.0009288234906923228,0.0009288234906923228
0x991bc891057047e12827fa21890dbce5586f774e,0.0,0.0009285922355603934,0.0,1.3922478468777098e-13,9.109098007440345e-10,0.0,0.0,0.0009285931466094189
0xe9d6ee3900624d3fda4a5d7d49a9b7a145668fa1,0.0,0.0009285838210807335,0.0,0.0,0.0,0.0,0.0,0.0009285838210807335
0x7faffcba45607ce029cf6197acb2d868bcb6a49b,0.0,0.0009256475326172629,0.0,2.240422567312548e-06,0.0,0.0,0.0,0.0009278879551845755
0xb08024e7bc7f5a6c1f7d7559ac796f54adce47fc,0.0,0.0009275949340554236,0.0,0.0,8.923425273128733e-11,1.2812596474086124e-10,0.0,0.000927595151415641
0x7ece2eed80a8bf801653114d205353b7c4681610,0.0,0.0009273146695702252,0.0,1.3917685468333993e-12,5.663302336710564e-10,0.0,0.0,0.0009273152372922274
0xc63b10683360afccf4ad5523a51c83f07ffe8c87,0.0009272794509457818,0.0,0.0,0.0,0.0,0.0,0.0,0.0009272794509457818
0x2e3bfa4ec650437a264def51ad47dff08a91c146,0.0,0.0009272300301231463,0.0,0.0,3.4403341056935285e-10,2.1985332741540228e-10,0.0,0.0009272305940098843
0x79d29f42b32ed8d77a1eecbab3084912bba55daa,0.0,0.000926994257953345,0.0,2.5657296907118216e-12,8.800728578867678e-10,0.0,0.0,0.0009269951405919325
0x5b0fc61879701cd1404266d3c0e39423f00c99b0,0.0,0.0009265939598428934,0.0,0.0,0.0,0.0,0.0,0.0009265939598428934
0x0df747e8a4c94e60ae66b4e772d8e103410cbcf8,0.0,0.0009265658566328095,0.0,0.0,0.0,0.0,0.0,0.0009265658566328095
0x02532e6164fd4ebd0fad96bf624a85d758ededc1,0.0,0.000926483600132421,0.0,0.0,0.0,0.0,0.0,0.000926483600132421
0xb015e5ac1ee452c61ee52bde3bd52bb3bbfbab9b,0.0,0.0009258513798930654,0.0,0.0,0.0,0.0,0.0,0.0009258513798930654
0x92e9a00971d65ade7df5ef4bdf99f59a6a3db7d5,0.0,0.0009256271406487752,0.0,0.0,0.0,0.0,0.0,0.0009256271406487752
0xcef822c81718d0620489a9bacf5902d38a7f73cc,0.0,0.0,0.0009253154184672235,0.0,0.0,0.0,0.0,0.0009253154184672235
0x0f0608183afac3a23d80f9c27dafa96a028597bf,0.0,0.0009242964931053975,0.0,0.0,0.0,0.0,0.0,0.0009242964931053975
0x852e24c17ce36d3c13f7b50061c29db4a5a35dbf,0.0,0.0009238652005451781,0.0,0.0,0.0,0.0,0.0,0.0009238652005451781
0xda6d0cb786672d9d6801c7db3b216c8b0bbd70fc,0.0,0.0009237652505721663,0.0,0.0,0.0,0.0,0.0,0.0009237652505721663
0x32e2cabfc598f7d4a126d7f874f859a990b6260f,0.0,0.0009233015157765214,0.0,0.0,0.0,0.0,0.0,0.0009233015157765214
0xbee195f98b99ae2a7b90387e6430204029a69bae,0.0,0.0009133185601167478,0.0,2.9534526150075653e-07,0.0,7.786690727392561e-06,0.0,0.0009214005961056411
0x016bd4b49fe287ef282650ab02cf9827e181c86d,0.0,0.000917629089412638,0.0,0.0,0.0,0.0,0.0,0.000917629089412638
0x49f20b913d1f16a9e69701bac66a8666da3ce742,0.0,0.0009176132605853819,0.0,0.0,0.0,0.0,0.0,0.0009176132605853819
0x397a5fa2fc18eb5408d758e86e014fad44cd0033,0.0,0.000917604205451625,0.0,0.0,0.0,0.0,0.0,0.000917604205451625
0x2165bd29244aea65b0001f819be663ad158a61b8,0.0,0.0009175962686686987,0.0,0.0,0.0,0.0,0.0,0.0009175962686686987
0x820aed4f01e5c634f48cd07c47d9a80ecd22e115,0.0,0.0009174852727126801,0.0,0.0,0.0,0.0,0.0,0.0009174852727126801
0x847109b881d064a6a6d54ec0bebf4daba7e4636b,0.0,0.0009174319312108159,0.0,0.0,0.0,0.0,0.0,0.0009174319312108159
0x98f38bca96b9321226a1900cf9795926e4af565f,0.0,0.0009174043885331673,0.0,0.0,0.0,0.0,0.0,0.0009174043885331673
0xbb840c34815398104da3b32e1ad8d98947fc5b1d,1.1763425619127506e-13,0.000914981538201217,0.0,0.0,0.0,0.0,0.0,0.0009149815383188513
0xf631f45e0786a1f3e074fa1063de48d001dbaa9a,0.0,0.0009140329172773913,0.0,0.0,0.0,0.0,0.0,0.0009140329172773913
0xafa15981c0d6eff77512806dc6b71b7a34604cbd,0.0,0.0,0.0,0.0009138587214204223,0.0,0.0,0.0,0.0009138587214204223
0x9a85bd8bd893b4e9c8eaba833be24b0c09dc6e14,0.0,0.0009047557352459542,0.0,7.783421108461335e-06,0.0,0.0,0.0,0.0009125391563544155
0x0eb322ca9133a4d9a0432b38282424b5bdca0d79,0.0,0.0009112835321978115,0.0,0.0,0.0,0.0,0.0,0.0009112835321978115
0x0e49b49e8ba640974478dd1c45312123d44f3f18,0.0,0.0009094493787088349,0.0,0.0,0.0,0.0,0.0,0.0009094493787088349
0x56d641ab541b16fadc37c018f72230fbb4e5b5c8,0.0,0.0009094221321758795,0.0,0.0,0.0,0.0,0.0,0.0009094221321758795
0x5d153d2a354994ef80f053c581caff770f84e0e7,0.0,0.0009094163968432035,0.0,0.0,0.0,0.0,0.0,0.0009094163968432035
0x3b68b2d2fc0fb1ea0e852bb92449edec3834d197,0.0,0.0009092622290141908,0.0,0.0,0.0,0.0,0.0,0.0009092622290141908
0x227907796f9d158b0d29f70ac06b675c505ff4f4,0.0,0.0009089075852556161,0.0,0.0,0.0,0.0,0.0,0.0009089075852556161
0xb5415930f8a40e4968d5a38265854c8146062327,0.000624085509268985,0.0,0.0,0.00028472635223517057,0.0,0.0,0.0,0.0009088118615041556
0x087a04babe7cc40a67a28a384c540b2c9bc3b60a,0.0,0.0009068795297318658,0.0,0.0,0.0,0.0,0.0,0.0009068795297318658
0xcf9514723b0a4e0783cd842518a462e91871fcba,0.0,0.0009050060792810924,0.0,0.0,0.0,0.0,0.0,0.0009050060792810924
0x8a4cd3db5a63dafe5e7e754eef12510e6c9fa51c,0.0,0.000904545712255412,0.0,0.0,0.0,0.0,0.0,0.000904545712255412
0xa9df739513633e656fe9b05b2f7dff17b6252766,0.0,0.0009044092288724834,0.0,0.0,0.0,0.0,0.0,0.0009044092288724834
0x139dc0b5ecd5b95fb5920b849530a0db6a0b2d7c,0.0009031333148009388,0.0,0.0,0.0,0.0,1.0326905190258249e-06,0.0,0.0009041660053199646
0x598e30286a8d30ff2fa8e353b98a19742f7d3e6b,0.0,0.0009039345005303233,0.0,0.0,0.0,0.0,0.0,0.0009039345005303233
0xf0695ca5066ac05d5f7ce59facf9cc046a4e4a9b,0.0,0.000899313479158311,0.0,0.0,0.0,0.0,0.0,0.000899313479158311
0xcea77a54b3f99fe3f64ac0d9f8b8afcfc2a02511,0.0,0.0008167660863448374,7.921687572716179e-05,0.0,0.0,0.0,0.0,0.0008959829620719992
0x92fb229c4ce528baa00a648a646d9d0787f65e1d,0.0,0.0008958967272879226,0.0,0.0,0.0,0.0,0.0,0.0008958967272879226
0xc513fb4b979f1cefc43682ca7ab4a19cee1cacc2,0.0004657748297965961,0.00042605872645286937,5.0127228116432935e-09,0.0,0.0,0.0,0.0,0.000891838568972277
0x42c660bae479e46f3f5e8a86dbe505431f08cd8d,0.000787057829990066,0.0,0.00010354095117678062,0.0,0.0,0.0,0.0,0.0008905987811668466
0xf58dd26ff08a50ac56795f74dc6cdca2a77bb2f4,0.0,0.0,0.0008902218793540253,0.0,0.0,0.0,0.0,0.0008902218793540253
0x7b050231ae60410446333912f76449ac953af670,0.0,0.0,0.0,0.0,0.0,0.0,0.0008901571955256304,0.0008901571955256304
0xa00b18eb74db053263168022672349d83478baf4,0.0,0.0,0.0008884893672980941,0.0,0.0,0.0,0.0,0.0008884893672980941
0xb80463fbd5eeb52d7dd27af39655aab92c84a92d,0.0,9.107447611090897e-05,0.0007968696662676564,0.0,0.0,0.0,0.0,0.0008879441423785653
0xc9b7411fd802bdfa055cfd469d1aecac2ac64394,0.0,0.0002172923683342641,0.0,0.0,0.0006643768590962076,0.0,0.0,0.0008816692274304718
0x509d12672affbd99427fdeb4a812a284c6a834ef,0.0008809421449600656,0.0,0.0,0.0,0.0,0.0,0.0,0.0008809421449600656
0x10ab02c08c0fe20d284cf82bd32ef0eee80ee7a2,0.0,0.0008788088886720383,0.0,0.0,0.0,0.0,0.0,0.0008788088886720383
0xca09411e423fb4bc3d3789337c70fc1a0f17314c,0.0,0.0,0.0,0.0,0.0,0.0008763533162978638,0.0,0.0008763533162978638
0x914e175924379010635f6f7072d99925ad6aba26,0.0,0.0,0.0008744058793268458,0.0,3.473613439466479e-09,0.0,0.0,0.0008744093529402852
0xf06e78f3b46aff25c5b3ffdcd30641682f474d34,0.0,0.0008715059480639785,0.0,0.0,0.0,0.0,0.0,0.0008715059480639785
0x57114f61b5a3c18df06a2976c991e7ac1558650a,0.0,0.0008710094742230284,0.0,0.0,0.0,0.0,0.0,0.0008710094742230284
0xbd326dbb8ef72d5469d7f9db5185a283c1a290cf,0.0,0.0,0.0008697006556697486,0.0,0.0,0.0,0.0,0.0008697006556697486
0x92652f2284c69bc24836e232362277d3edda9ddf,0.0,0.0,0.0008678578679161627,0.0,0.0,0.0,0.0,0.0008678578679161627
0x2ed0127c4fbbd28b231af02db9df6e982a6831c4,0.0,0.0008675340888121181,0.0,0.0,0.0,0.0,0.0,0.0008675340888121181
0x3b27944505847cb14f3f2983638d082c8d9526d0,0.000866773775954637,0.0,0.0,0.0,0.0,0.0,0.0,0.000866773775954637
0x40eb8fddd37cc5e0176bc38c51366c84806a0f69,0.0,0.0008658989100363752,0.0,0.0,0.0,0.0,0.0,0.0008658989100363752
0x30b8bf38a7914f7c95ac44f2ee040ff7f2af3881,0.0,0.0,0.0008632844672170363,0.0,0.0,0.0,0.0,0.0008632844672170363
0x284c1a9b65db0ed188aade33c36303825e189795,0.0,0.00086307939489595,0.0,0.0,0.0,0.0,0.0,0.00086307939489595
0x787f509197c7774eaf83d1ea36ef32097f976a90,0.0,0.0008550063214164311,0.0,0.0,1.3180462454047131e-10,0.0,0.0,0.0008550064532210556
0x3a63566673e640fa83b2d35a3061f8dca8e852da,0.0,0.0005549215896532613,0.0002968437655222673,0.0,1.516811474655808e-06,0.0,0.0,0.0008532821666501844
0xd6d377819a5920218e95f8a396b89932187508dc,0.0,0.0008525465076096557,0.0,0.0,0.0,0.0,0.0,0.0008525465076096557
0xca44cf3c56572075f5dd6e36d75f15e70f7e167d,0.0,0.0008525193998505565,0.0,0.0,0.0,0.0,0.0,0.0008525193998505565
0x4bb5f67936ef0a7374f56ed17bf5de82ea94f6f9,0.0,0.0008516549662871764,0.0,0.0,0.0,0.0,0.0,0.0008516549662871764
0x8fc64ff6a759a50b1050b2cc3e841c578a4535f8,0.0,0.0,0.0,0.0008486028185314437,0.0,0.0,0.0,0.0008486028185314437
0xa138d9b4547dda7b6b4373cbd6f09103e07ff841,0.0,0.0008473136087211032,0.0,0.0,0.0,0.0,0.0,0.0008473136087211032
0xbd6c38116a7307fdcc1ae77c33254dcc3b0459f9,0.0,0.0008472062622798585,0.0,0.0,0.0,0.0,0.0,0.0008472062622798585
0xe4037497a2c68580fcca72835aa755fda35eecee,0.0008333592372408844,0.0,0.0,1.2636777801718097e-05,0.0,0.0,0.0,0.0008459960150426025
0x9118e9cb1b544af0617d22e1e402121555933471,0.0,0.0,0.0004922627375643879,0.0,0.0,0.00035292441977609356,0.0,0.0008451871573404814
0x9cfe361a5aa3b0fe67fda06da07c9248a4a405a0,0.0,0.0008449337014107308,0.0,7.85229126182223e-09,0.0,0.0,0.0,0.0008449415537019927
0xf0d1fb07c8089b0c640d64187eede95f51264cbd,0.0,0.0008446588705889263,0.0,0.0,0.0,0.0,0.0,0.0008446588705889263
0xf7fa2300082a20bad1996eb45897795de84e74e4,0.0,0.0008445513155480013,0.0,0.0,0.0,0.0,0.0,0.0008445513155480013
0x9949fb0275e2f950c26dc79249e5ff3d8c5d965f,0.0,0.0,0.0,0.0,0.0,0.0,0.0008419147940544825,0.0008419147940544825
0x94f567bf71a4a7a88114ab679336522120ee3788,0.0,0.0,0.0008412158639451332,0.0,0.0,0.0,0.0,0.0008412158639451332
0xb56858e8be09d61b8bd76c8ff460aac71bf886f9,0.0008409442177430809,0.0,0.0,0.0,0.0,0.0,0.0,0.0008409442177430809
0x941373bb4a8b0861568501e4365daa6b2c7e09bb,0.0,0.0,0.0,0.0008405786293511639,0.0,0.0,0.0,0.0008405786293511639
0x4bb32d86606f0601aad2ae36c8b153968544dee2,0.0,0.0005871989681167369,0.00025295501377485736,2.693138646785147e-08,0.0,0.0,0.0,0.0008401809132780621
0xb166c5493ed5c2031a9367068b342d31d948a991,0.0,0.0008379623646942565,0.0,0.0,0.0,0.0,0.0,0.0008379623646942565
0x3ad61b61a33b2e64b78539f35bdbea7c8116fa21,0.00017188004368232128,0.0006644679423958895,0.0,0.0,0.0,0.0,0.0,0.0008363479860782107
0xa55ca84c4932d9fa42ca52591b3a8d7e48fe5255,0.0,0.0008348970838137248,0.0,0.0,4.812320348784766e-07,8.995280662920716e-09,0.0,0.0008353873111292662
0x8e19c0f2a3ef17ca4b6faf44de87e56105da45d9,0.0,0.0008342679597340346,0.0,0.0,0.0,0.0,0.0,0.0008342679597340346
0x4da888a618001447c1d1030333067ca26bf81628,0.0008341275710645315,0.0,0.0,0.0,0.0,0.0,0.0,0.0008341275710645315
0x0e8e26048c71e53cd92100fb6ab58850eb47933f,0.0,0.0,0.0,0.0008307061304262283,0.0,0.0,0.0,0.0008307061304262283
0x3290b5ef298d03d65b716d1ff8d2a16f2c3134a4,0.0,0.0008303818831584506,0.0,0.0,0.0,0.0,0.0,0.0008303818831584506
0x2919e853da5f1cc9c8985e318927746513728769,9.409799515350472e-13,0.0,0.0008300429516480929,0.0,0.0,0.0,0.0,0.0008300429525890729
0x8651c59940e8f35373e52ef1c14363659817e404,0.0,0.0008300265625474353,0.0,0.0,0.0,0.0,0.0,0.0008300265625474353
0xa335815f5c01acd0425c70cd0a2397ebf94f2d8c,0.0,0.0,0.0,0.000829512332794835,0.0,0.0,0.0,0.000829512332794835
0x55b483d48dcc1bdb21830d95033e47d24dc8a30d,0.0008294336573143022,0.0,0.0,0.0,0.0,0.0,0.0,0.0008294336573143022
0x0fcb525ab01e32fc74a48860c37942a9401d909b,0.0008285112519542349,0.0,0.0,0.0,0.0,0.0,0.0,0.0008285112519542349
0x9b18a0317ca454084157dba122468f99e8861695,0.0,0.0,0.0,0.0008259412062243689,0.0,0.0,0.0,0.0008259412062243689
0x9ca04364f4af0f11e6bc3b7aa749fd19e936d5d3,0.000823580935626666,0.0,0.0,0.0,0.0,0.0,0.0,0.000823580935626666
0xabda8ead0b45bd99fc7400fb2fd5dbc80c5a815a,0.0008233266140344505,0.0,0.0,0.0,0.0,0.0,0.0,0.0008233266140344505
0x4b2f2372bd6be5a26de6de7c75198d54fa4020d7,0.0008227983827059717,0.0,0.0,0.0,0.0,0.0,0.0,0.0008227983827059717
0xbaa3c6560855bce72db03ddf54393f4eece01fca,0.0008221647891466646,0.0,0.0,0.0,0.0,0.0,0.0,0.0008221647891466646
0x61a8f726515c23ffc097d7b370f154688912b9f4,0.0,0.0,0.0008209332210019336,0.0,0.0,0.0,0.0,0.0008209332210019336
0x8b6e3bafb61d98b847fd13686c989f6ae5845226,0.0,0.0008203911615651785,0.0,0.0,0.0,0.0,0.0,0.0008203911615651785
0x447d51ade989db50a8ccf523f5f79079303e377e,0.0,0.0008191324139391259,0.0,0.0,0.0,0.0,0.0,0.0008191324139391259
0x2f8d82ab817a0881be3f0dab323b9b94f219784a,0.0002523311309385102,0.0005634926895632317,0.0,0.0,0.0,0.0,0.0,0.0008158238205017419
0xa3528c19aff550c087e4b05cd6642407fb0bd985,0.0,0.0008145493180619158,0.0,0.0,0.0,0.0,0.0,0.0008145493180619158
0xea711dff9cdd5cd155e87b558d12a827de34033b,0.0,0.0008142607263119263,0.0,0.0,0.0,0.0,0.0,0.0008142607263119263
0xd4f20f43eef492a6cb117c698c0a1cbba42811e4,0.0,0.0,0.0,0.0,0.0008140170407783257,0.0,0.0,0.0008140170407783257
0xb1e94e8467bc0604fdf99a588317ae63c2348132,0.0,0.000813689522854781,0.0,0.0,0.0,0.0,0.0,0.000813689522854781
0xe4e1fd4daa0c47d1a198633f0f33fc3b82d2b79a,0.0,0.000813118287412522,0.0,0.0,0.0,0.0,0.0,0.000813118287412522
0xa630d96cd6876bee4707b9a286f2437e3e1815f8,0.0,0.0008130139309981678,0.0,0.0,0.0,0.0,0.0,0.0008130139309981678
0xac7d4adbed8533a3252f74c5ed96818bfc794bbb,0.0,0.0008119209166412512,0.0,0.0,0.0,0.0,0.0,0.0008119209166412512
0xfa11a18537ea38e06689141d89f1a22e372057cb,0.0,0.0008115887555947281,0.0,0.0,0.0,0.0,0.0,0.0008115887555947281
0x14ce18587ab7650c882dac1623a28f9a77a4d445,0.0,0.0008107093272795826,0.0,0.0,0.0,0.0,0.0,0.0008107093272795826
0x89aa0d7ebdcc58d230af421676a8f62ca168d57a,0.0008096862715766411,0.0,0.0,0.0,0.0,0.0,0.0,0.0008096862715766411
0xb415a9c81c7dec0a6623fb0838591516f9629348,0.0,0.0008079297469704307,0.0,0.0,0.0,0.0,0.0,0.0008079297469704307
0x2365ac88ffef7731e76e4473aa6b91dab2ec1907,0.0,0.0008073584241277772,0.0,0.0,0.0,0.0,0.0,0.0008073584241277772
0xf9c35eb8eb1883966d036c3765a29a2b8e6ce7d2,0.0,0.0008064997847823275,0.0,0.0,0.0,0.0,0.0,0.0008064997847823275
0x53551d40666223f74a0cf14fc17636f2804a0945,0.0,0.0,0.0008048672327117811,0.0,0.0,0.0,0.0,0.0008048672327117811
0x7c08e771d192a3e65336b1c863d05b4e19567a57,0.0,0.0008033422192693642,0.0,0.0,0.0,0.0,0.0,0.0008033422192693642
0x9b48feff1121288862943ba8d5b7de26157076d2,0.0,0.000803071888006902,0.0,0.0,0.0,0.0,0.0,0.000803071888006902
0x21e682434502501e017d59518862e7900a42f10b,0.0,0.0008021585268377525,0.0,0.0,0.0,0.0,0.0,0.0008021585268377525
0x61ade4f64d7155eec0c9396b7b7ab3006881698f,0.0,0.0,0.0008021337119161687,0.0,0.0,0.0,0.0,0.0008021337119161687
0x6cede1cdb1b570a4052c6c7b791092b780727b54,0.0,0.0008019944252256799,0.0,0.0,0.0,0.0,0.0,0.0008019944252256799
0x46e3f55949c762576e6fef9523dd7a2ffec4d18e,0.0008019223202165968,0.0,0.0,0.0,0.0,0.0,0.0,0.0008019223202165968
0x9b806cca9afdb8a11d30d815eab118232b61ff65,0.0,0.0,0.0,0.0008014422670385118,0.0,0.0,0.0,0.0008014422670385118
0x746e9131fb6cf999bea03019f3d592e7de3a5dfa,0.0,0.0,0.0008012961457833505,0.0,0.0,0.0,0.0,0.0008012961457833505
0x3315a4f27cdb86c391ab39ab2ac4ec63a8cc6bda,0.0,0.0008002439678829333,0.0,0.0,0.0,0.0,0.0,0.0008002439678829333
0xbde82e32097e45a4c69817bbcb2ff87cbcb9810c,0.0,0.0,0.000798833255308374,0.0,0.0,0.0,0.0,0.000798833255308374
0xb1237c8478de6a7fe9b8b6ce303c0ae6b571149c,0.0,0.0,0.0,0.0007985060139985717,0.0,0.0,0.0,0.0007985060139985717
0xe5e38c3db065ba1672587eb52c7d038bd536aef5,0.0,0.0007975383445893284,0.0,0.0,0.0,0.0,0.0,0.0007975383445893284
0x546e42d3223a6dae3a3b33d304e44d7ce8566bad,0.0,0.0007975297305624553,0.0,0.0,0.0,0.0,0.0,0.0007975297305624553
0xa7b6e0649066811bd8135e084b02f99355a6645b,0.0,0.0,0.0,0.0007965264248707002,0.0,0.0,0.0,0.0007965264248707002
0x4297e43a415d348677f9bcdd787be0f1be522bce,8.745341931120703e-05,0.0007087058626882227,0.0,0.0,0.0,0.0,0.0,0.0007961592819994297
0xe804848ac3b6aecb5a2a908db9f86106071c05dd,0.0,0.0007940607786373117,0.0,0.0,0.0,0.0,0.0,0.0007940607786373117
0x19b494f6d199cbad1dcc230e8983ea9859f4cb75,0.0,0.0007940515751641543,0.0,0.0,0.0,0.0,0.0,0.0007940515751641543
0x2d79559842b125ff98ed640a031e50e2d5061e9e,0.0007936071738534249,0.0,0.0,0.0,0.0,0.0,0.0,0.0007936071738534249
0x3046000a485615cca23614ec1900ea00f5f3c0c2,0.0,0.0007930555075104213,0.0,0.0,0.0,0.0,0.0,0.0007930555075104213
0x38af1c2e2dafafecdd0449e7f51a968c3987f779,0.0,0.0007929913336949343,0.0,0.0,0.0,0.0,0.0,0.0007929913336949343
0xb6b14d0521cdd4ff8f89b15caaf151babd14b53e,0.0,0.0,0.0,0.0007926470402320696,0.0,0.0,0.0,0.0007926470402320696
0x2e54b344ca10ca204079fa5f4154be209d1383c8,0.0,0.0007923159580157657,0.0,0.0,0.0,0.0,0.0,0.0007923159580157657
0xa5d209ed936618c4976a68b42d0a7e83cb0d9fcb,0.0007919812315405053,0.0,0.0,0.0,0.0,0.0,0.0,0.0007919812315405053
0x69e4c1e3d4efec0213ed58d39b26d12924461464,0.0,0.0007914936812731532,0.0,0.0,0.0,0.0,0.0,0.0007914936812731532
0x51f1402c23d4176c6a7582865954be20998b5cdf,0.0,0.0007914180476772842,0.0,0.0,0.0,0.0,0.0,0.0007914180476772842
0x797ae17ab4fda327e0697b99e5671e5e963a8838,0.0003287428706076126,0.0004624163020448304,0.0,0.0,0.0,0.0,0.0,0.000791159172652443
0xb9b4a3ac360d15953ad2dc1424f48e64a3608bec,0.0,0.0007910866187990939,0.0,0.0,0.0,0.0,0.0,0.0007910866187990939
0x6667bf056bdf2755515659f78123f9e31c0d6d69,0.0,0.0,0.0007907778545132784,0.0,0.0,0.0,0.0,0.0007907778545132784
0xef75963d01270a2750fb2349e1059f2121e4d940,0.0,0.0,0.000790493921505636,0.0,0.0,0.0,0.0,0.000790493921505636
0xeaac658c718f19b40677477766e7e27dddfb5c45,0.0,0.0,0.0007888834406219808,2.4893181182065263e-07,0.0,0.0,0.0,0.0007891323724338015
0x7c2091ec91e22086aa516958aa57d58416b8f15a,0.0,0.000788824278782782,0.0,0.0,0.0,0.0,0.0,0.000788824278782782
0x90c6c0ffb015ffaadcd53f80536aa4f750e9802e,0.0,0.0007875308839616127,0.0,0.0,0.0,0.0,0.0,0.0007875308839616127
0x00638bdfed063b5e5e208050dc77c1cbba00ae1f,0.0,0.0007874027484146965,0.0,0.0,0.0,0.0,0.0,0.0007874027484146965
0xfde8c38564adf80c9e97cce001be923897307962,0.0,0.0007873458655327301,0.0,0.0,0.0,0.0,0.0,0.0007873458655327301
0x21efe624381dd442063c1f1661dbaf7f345b79e2,0.0,0.0007868695918158469,0.0,0.0,0.0,0.0,0.0,0.0007868695918158469
0xbf652ec8a5928fcaa0aeb5a5fa55bc918930a0a8,0.0,0.0007862336208119676,0.0,0.0,0.0,0.0,0.0,0.0007862336208119676
0x6b07573439e7754b72e92784a7e7d593af47d85b,0.0,0.0007858856114648556,0.0,0.0,0.0,0.0,0.0,0.0007858856114648556
0x6509f753ef156bcb8f0aa4e73e23ea49de379442,0.000785697908960576,0.0,0.0,0.0,0.0,0.0,0.0,0.000785697908960576
0xa83ef082031a5733fbc13927b2e6928d2eed0cf1,0.0,0.0007846905550154736,0.0,0.0,0.0,0.0,0.0,0.0007846905550154736
0x9020d2115a4d6151b5307aa9a58b9e8601e2187d,0.0,0.0,0.0,6.627502894683558e-07,0.0007840134376261571,0.0,0.0,0.0007846761879156254
0x912168d354690a0f2513bc50925bdb3d13151931,0.0,0.0,0.0007844187658420996,0.0,0.0,0.0,0.0,0.0007844187658420996
0xa02dbf1fa6e9e6dafe3a024d22b42e79752d4449,0.0,0.0007836692698704966,0.0,0.0,0.0,0.0,0.0,0.0007836692698704966
0x8bf482a88f75117737b87d1b3a4753e448fe3bb4,0.0,0.0007832628481320625,0.0,0.0,0.0,0.0,0.0,0.0007832628481320625
0xe356e7af80b8626a2b6ec11c32ad936c50a98a92,0.0,0.0,0.0,0.0,0.0007830564805043732,0.0,0.0,0.0007830564805043732
0xaba46597eeaa6c76431d7b1bc0439fe82d9913c5,0.0,0.0007812269637074078,0.0,0.0,0.0,0.0,0.0,0.0007812269637074078
0xe14e4f62150cad4f20f70aa30158bf917eb324a2,0.0,0.0007811382635086713,0.0,0.0,0.0,0.0,0.0,0.0007811382635086713
0xbc6ce2c97c60bb6dded7f6b9da93a2134284a3fb,0.0,0.0007803682165747157,0.0,0.0,0.0,0.0,0.0,0.0007803682165747157
0x318f53533f0e0ea716299709103aee3988b02917,0.0,0.0,0.0007802688663833385,0.0,0.0,0.0,0.0,0.0007802688663833385
0x76183e4930888d02dfbe61e387a3982bfb136874,0.0,0.0007791220525546261,0.0,0.0,0.0,0.0,0.0,0.0007791220525546261
0x7935724b15bfaa8af0506453e087d2026237dfd2,0.0,0.0007779634576410587,0.0,0.0,0.0,0.0,0.0,0.0007779634576410587
0x7e2227427e3396502c1363639f3c08c824932b36,0.0,0.0007777886178534691,0.0,0.0,0.0,0.0,0.0,0.0007777886178534691
0x9e2cf2dfbe925b3228ff1bc9d957848763069a9f,0.0,0.0,0.0,0.0007765998838494443,0.0,0.0,0.0,0.0007765998838494443
0xc13d3e8fcedfc07f0d446526299f5600dd73e771,0.0007765060552199002,0.0,0.0,0.0,0.0,0.0,0.0,0.0007765060552199002
0xefc8d05a780e052d2969f3d268f05c0d7032ff76,0.0,0.0007758947001013681,0.0,0.0,0.0,0.0,0.0,0.0007758947001013681
0xf00bf8c41ab0d56230f764b8506a0b111c724b7d,0.0,0.0007751379562723461,0.0,0.0,0.0,0.0,0.0,0.0007751379562723461
0xf74b1f4a5dd72144b5159821ae2a894f44bd2409,0.0,0.0,0.0007743241738924031,0.0,0.0,0.0,0.0,0.0007743241738924031
0xee525a275d1f54c22cccf1a3314f13c712d7f3a8,0.0,0.0,0.0,0.0,0.0007740668003573709,0.0,0.0,0.0007740668003573709
0x039c1843818e3a744a9c7372f503922f83623707,0.0,0.000773954450323046,0.0,0.0,0.0,0.0,0.0,0.000773954450323046
0x00cb0ff35ace85dedcc8d2632c62497e49aed2d6,0.0,0.0,0.0,0.0,0.0007738828065414428,0.0,0.0,0.0007738828065414428
0x20db3713fd9b856374b1e7f4226eab665212ed37,0.0007738661353778978,0.0,0.0,0.0,0.0,0.0,0.0,0.0007738661353778978
0x8979c4563774549900771fb9e5b5f3205607c2b8,0.0,0.0007730701765912086,0.0,0.0,0.0,0.0,0.0,0.0007730701765912086
0xc7722551e80151f374ba82358c3a52b1497576ae,0.0007728963956075244,0.0,0.0,0.0,0.0,0.0,0.0,0.0007728963956075244
0xf7d7964bd8b389080cc9cb6de55cb3680e3cfde6,0.0,0.0007724270474389727,0.0,0.0,0.0,0.0,0.0,0.0007724270474389727
0x481a9116be35097ac4212185f595608e73128961,0.0,0.0007723395455891405,0.0,0.0,0.0,0.0,0.0,0.0007723395455891405
0x14e65570b639d0b17070ae715f922f0206ccab35,0.0,0.0007715811328007733,0.0,0.0,0.0,0.0,0.0,0.0007715811328007733
0x659b82aaf9c15d3c82abf71b73e627c8c903b33e,0.0,0.0007715391453933345,0.0,0.0,0.0,0.0,0.0,0.0007715391453933345
0x969c6bdb66a65c22cae270bbffa12e2cc2371c9d,0.0,0.0007652269275657261,0.0,1.479642301668548e-07,0.0,5.423534870645891e-06,0.0,0.0007707984266665389
0xd8b0d4a94ff1e0e88c6ed3f52b3a5998c66afc7e,0.0,0.0007704927978195327,0.0,0.0,0.0,0.0,0.0,0.0007704927978195327
0x1357a62d1271e3e1fdda4529274d540d49287ca2,0.0,0.0007676199553066161,0.0,0.0,2.4129999530034578e-06,0.0,0.0,0.0007700329552596196
0x1805475ce1324e9e03a61715d57464fef8aba7f4,0.0,0.0007689510366386773,0.0,0.0,0.0,0.0,0.0,0.0007689510366386773
0x4bdcba858dca35ecdc2a61bf0db4780e19a2d7dd,0.0,0.0,0.0,0.0,0.0007684736250676748,0.0,0.0,0.0007684736250676748
0x2fbff5af0bfa93e16318cb689ce800a13ef9e522,0.0,0.0007679264849729093,0.0,0.0,0.0,0.0,0.0,0.0007679264849729093
0x4a5aacc71255b84c2b52100e77bfe4ba2464b7b3,0.0,0.0,0.0007678392878854728,0.0,0.0,0.0,0.0,0.0007678392878854728
0xbefe7b41d45082e4353695dcec26bef8e220b46a,0.0,0.0007657543651121087,0.0,0.0,0.0,0.0,0.0,0.0007657543651121087
0x68b535ca77d990b608c0d5c2677488b9f8e0653c,0.0,0.0007638496527822335,0.0,0.0,0.0,0.0,0.0,0.0007638496527822335
0x0f3d05fdd8335d73d3d483ec9c26222a1fa92a85,0.0,0.0007629231008085183,0.0,0.0,0.0,0.0,0.0,0.0007629231008085183
0xe89bebef66f520b89b05f8b776dd3e572e5c4cef,0.0,0.0007628851573096122,0.0,0.0,0.0,0.0,0.0,0.0007628851573096122
0xd04700486936a5bc23b1b5791e06f760176783bd,0.0,0.000761807708733529,0.0,0.0,0.0,0.0,0.0,0.000761807708733529
0x2544b1ed59e2fa029b36019d3e043b06a9ad9e8f,0.0,0.0007617033837168845,0.0,0.0,0.0,0.0,0.0,0.0007617033837168845
0xcb628f86b6062a83a9137a289e46684634b8ab1c,0.0,0.0007612109923560474,0.0,0.0,0.0,0.0,0.0,0.0007612109923560474
0x733c8a0f60a8d0fa2d72fcb16c3c6c8a1c039b80,0.0,0.000760188337419861,0.0,0.0,0.0,0.0,0.0,0.000760188337419861
0x0a7cbfbbb13f7853da04630350e44324e6ccd56a,0.0,0.0007576172804659288,0.0,0.0,0.0,0.0,0.0,0.0007576172804659288
0x000a255d60455b1df32ddde9169b3e37920a1080,0.0,0.0007575015066935926,0.0,0.0,0.0,0.0,0.0,0.0007575015066935926
0x0bbdff99496e963db250ba8221f96e2b93480156,0.0,0.0007571244219850778,0.0,0.0,0.0,0.0,0.0,0.0007571244219850778
0xccb6f19d770b4573e656e1a644ca57b2cc18eade,0.0,0.0007559656610374086,0.0,0.0,0.0,0.0,0.0,0.0007559656610374086
0x4bd5dbe7901927d8a2c38bc4504d243dae940bfb,0.0,0.0007549395268167833,0.0,0.0,0.0,0.0,0.0,0.0007549395268167833
0x1acb7dc1090a82968b9ee9e0fe38b2d08be13c7a,0.0,0.0,0.0007520255398697688,2.6109513875597067e-06,0.0,0.0,0.0,0.0007546364912573285
0x5f9fd9d36dede90c36ce744b546c028b3c66045b,0.0,0.0007541683144017265,0.0,0.0,0.0,0.0,0.0,0.0007541683144017265
0x91d65349cc3260e6f20e5294c019492f5f3435f7,0.0,0.0,0.000754034980358483,0.0,0.0,0.0,0.0,0.000754034980358483
0x01075b118e78efa1fe17afdcccba14a7e2970fe3,0.0,0.0007529586814854404,0.0,0.0,0.0,0.0,0.0,0.0007529586814854404
0x7083af2ffa518cdee6523bb6f8e95d1e8eb38b45,0.0,0.0,0.0007524294111295138,1.475606989371199e-13,0.0,0.0,0.0,0.0007524294112770745
0xa092a15f46a858920cd6bfbf7bdf3dd81d405500,0.0,0.0007507701190128905,0.0,0.0,0.0,0.0,0.0,0.0007507701190128905
0x72677a609222443495385dea8e0f8907aa5806b5,0.0,0.0,0.0007506124223695598,0.0,0.0,0.0,0.0,0.0007506124223695598
0x0dd9e6dd9f72a340eeac822a2b050d948b133263,0.0,0.0,0.0007469248306793567,0.0,0.0,0.0,0.0,0.0007469248306793567
0x5e8c6989414ad9e9c151f8977aaf472d1524fba9,0.0,0.0007465701025464764,0.0,0.0,0.0,0.0,0.0,0.0007465701025464764
0x047257f96a99f05305e5954c8d6b3f57ab90abf2,0.0,0.000745763035846351,0.0,0.0,0.0,0.0,0.0,0.000745763035846351
0x372e35c91aadde00627dc7e5f72bf93c36a98730,0.0007457345818092855,0.0,0.0,0.0,0.0,0.0,0.0,0.0007457345818092855
0x2609c675989ed80e4e7c3a4bc0143aa592e39927,0.0,0.0007455773021132905,0.0,0.0,0.0,0.0,0.0,0.0007455773021132905
0xe72ea1ce8d9755cd4909e95d3ab5bfbb758fbd66,0.00043042010416388904,0.0,0.0,0.00031489190877301667,0.0,0.0,0.0,0.0007453120129369057
0xd25891cfaf13c9ca8a102709261da2ffd0fb0a1f,0.0,0.0,0.0,0.0,0.0007447134814840327,0.0,0.0,0.0007447134814840327
0x6f2ed16e9514c8ea1075ea8508589abf64cc6715,0.0,0.0,0.0,0.0007433363610864232,0.0,0.0,0.0,0.0007433363610864232
0xee1932ef59cba7e77121e4826c64d74d9932ba9b,0.000742800205187068,0.0,0.0,0.0,0.0,0.0,0.0,0.000742800205187068
0xd0d1ccaf071fecc802b78f275595317263ae5df2,0.0,0.000741661877577012,0.0,0.0,0.0,0.0,0.0,0.000741661877577012
0x7c51cf04c743b1531321d2123a179f2e7028b04a,0.0007415258852453244,0.0,0.0,0.0,0.0,0.0,0.0,0.0007415258852453244
0x80ec8fa45dc03a0044d206cfe995f828842ead50,0.0,0.0007414992405018236,0.0,0.0,0.0,0.0,0.0,0.0007414992405018236
0xa6f95ffa23ca53d33390f3ad6d1da06f8a456ccf,0.0,0.0007414218261293591,0.0,0.0,0.0,0.0,0.0,0.0007414218261293591
0x28b07a5e0aed46cf2f9ea5f0a733a3f540ff441f,0.0,0.0007407703655970509,0.0,0.0,0.0,0.0,0.0,0.0007407703655970509
0x52b3ce2a2eb0fe1254860e4e9d050cb7803ed307,0.0,0.0007401414296348377,0.0,0.0,0.0,0.0,0.0,0.0007401414296348377
0x0e6c04dead34268db6dd856f1a2d02b812377bf9,0.0,0.0007393667591034737,0.0,0.0,0.0,0.0,0.0,0.0007393667591034737
0xa1671cd2ab2073a27c4df4befbeff3850f573086,0.0,0.0007382809477594028,0.0,0.0,0.0,0.0,0.0,0.0007382809477594028
0x3ef266ed2391cd3b8da378f2b92b7f588e661048,0.0,0.000737208354785801,0.0,0.0,0.0,0.0,0.0,0.000737208354785801
0x880fc11f916334b84626bdb6f69502e013f69223,0.0007350029697233486,0.0,0.0,0.0,0.0,0.0,0.0,0.0007350029697233486
0x83ef2c4ae18cd2baf1febd6c41c75130a8382078,0.0,0.0,0.0007346364979996516,0.0,0.0,0.0,0.0,0.0007346364979996516
0xb61dea03836d09b1397cfcfb7191b048c641beb1,0.0,0.0007335433363512277,0.0,0.0,0.0,0.0,0.0,0.0007335433363512277
0x50e9b6e5c567730510fde4d55f49b5b2eef62ec4,0.0,0.0,0.0007322566474875679,0.0,0.0,0.0,0.0,0.0007322566474875679
0x86a0c2a8c7112d95200ebe65e3cd20550de34911,0.0,0.0007322233967233012,0.0,0.0,0.0,0.0,0.0,0.0007322233967233012
0x174adea044f5f89e68feb17fc49f0af34aad8506,0.0002955410519343995,0.0,0.0,0.00043653491930273146,0.0,0.0,0.0,0.000732075971237131
0x97e060b0b3680efc5802d32d59ae31fad6ea8bc8,0.0,0.0,0.0,0.0007311644882987864,0.0,0.0,0.0,0.0007311644882987864
0x1e07c4ce7d95d3dddc14c6536b1f1fd1a00c7c7e,0.0,0.0007308934463918433,0.0,0.0,0.0,0.0,0.0,0.0007308934463918433
0xf3b695e517a2d722e708887730367fbf70d87fe0,0.0006963743524514169,0.0,0.0,3.3724359345486734e-05,0.0,0.0,0.0,0.0007300987117969036
0xad2eb0e6e91ef81daf709cb73bd24dbd9ef4bd92,0.0,0.000727497975948161,0.0,0.0,0.0,0.0,0.0,0.000727497975948161
0xae8e77aa1b398aa16e4382ca26f4356e41b433ae,0.0,0.0007254954633449608,0.0,0.0,0.0,0.0,0.0,0.0007254954633449608
0x0e87f2fe65333351eb586c9b0bd232ae8cf27065,0.0,0.0,0.0,0.0,0.0,0.0,0.0007250496858354772,0.0007250496858354772
0xcb3e37743eb1bfbd51a78243abd4f3f6955bcd7c,0.0007177333503174558,0.0,0.0,6.634139934375725e-06,0.0,0.0,0.0,0.0007243674902518316
0xf84950c25562a74fb0fbbf694ca80279d66bb45a,0.0,0.0007233641714210844,0.0,0.0,0.0,0.0,0.0,0.0007233641714210844
0x38d2dfc2f67ce4a9daefe6c2f2e3882042f5e439,0.0,0.0,0.000723180801743308,0.0,0.0,0.0,0.0,0.000723180801743308
0xdd6971e971d3531327ef4091124c058992afb9fb,0.0007229061234207512,0.0,0.0,0.0,0.0,0.0,0.0,0.0007229061234207512
0xa38b24766c6a2b75b9d218e153c12f08f7b4d4ca,0.0,0.0,0.0,0.0007219633753612982,0.0,0.0,0.0,0.0007219633753612982
0x8397c507d0bf7170d239873a31c6891ef139bbd5,0.0,0.0007216983512118134,0.0,0.0,9.225493769524395e-11,0.0,0.0,0.0007216984434667512
0xef7ebb7ea1f3b51f7219dcdf7f2cd4b4e17104bd,0.0,0.0007207228171999903,0.0,0.0,0.0,0.0,0.0,0.0007207228171999903
0x3e00999c8c3e8f739be80f5fece5ce702243b745,1.1758720719369833e-05,0.0006849292958042127,0.0,0.0,2.3290406389718344e-05,0.0,0.0,0.000719978422913301
0x3062fdbe83c28261693f1f65506c100d51fa8fc0,0.0,0.0,0.000719752547647832,0.0,0.0,0.0,0.0,0.000719752547647832
0xfd770e87532b82caaadb071d952290dc1917ee7f,0.0,0.0,0.0007193442334937628,0.0,0.0,0.0,0.0,0.0007193442334937628
0x20acc22e63883e4628d61605f9f550506e115992,0.0,0.000718744078292629,0.0,0.0,0.0,0.0,0.0,0.000718744078292629
0x08859288c8bc07edbf9f8a6959029080ae582014,0.0007179736440156598,0.0,0.0,0.0,0.0,0.0,0.0,0.0007179736440156598
0x7ace45d2d2c231ccf85a30743fffc3542fb1a23f,0.0,0.0,0.000614625230505133,0.0,0.00010239342670926915,0.0,0.0,0.0007170186572144022
0xaf1b8b5f2bcf1a109337aafe465a73d6edff69ed,0.0,0.0,0.0,0.0007166693992545179,0.0,0.0,0.0,0.0007166693992545179
0x311e4c17358e36ddff382e17a0f7892f208dbfe6,0.0,0.0007165046419051661,0.0,0.0,0.0,0.0,0.0,0.0007165046419051661
0x1ce8ed87b7b4cb60f0cc3664bf1fe216163ff55a,0.0,0.0,0.0007153258231797896,0.0,0.0,0.0,0.0,0.0007153258231797896
0xbe9e0c20ee408a3b4cb95bcd672e1de7cefb5cbb,0.0007152979774037695,0.0,0.0,0.0,0.0,0.0,0.0,0.0007152979774037695
0x2e15e002e19ea1a36e3034252280c94b1ac86872,0.0004763599205639365,0.0,0.0,0.00023822264451927395,0.0,0.0,0.0,0.0007145825650832104
0x8e83c0526bbd843bb4e0fcb664ac93faf6f2de00,0.00025993634744956787,0.00045339274993087873,0.0,0.0,0.0,0.0,0.0,0.0007133290973804465
0x15fd758ffec2d0007877df3817b2feae2d36067d,0.0,0.0,0.0,0.0,0.0007126163634713022,0.0,0.0,0.0007126163634713022
0x810dad9c922ea6161f9eaf9775cbc7c68bfe5b9b,0.0,0.000711914869909694,0.0,0.0,0.0,0.0,0.0,0.000711914869909694
0x2778cfe13cbc5f2a8846d55080045b958c9e55ef,0.0,0.0,0.0007116498688364306,0.0,0.0,0.0,0.0,0.0007116498688364306
0x79e494897199664726a8e9b6a7be3b49a42e0fca,0.0007116418617889986,0.0,0.0,0.0,0.0,0.0,0.0,0.0007116418617889986
0xbb86d5181780ebf2dfb9fec6a57b675155523527,0.0007116351630238011,0.0,0.0,0.0,0.0,0.0,0.0,0.0007116351630238011
0x8b49281f08600295b3033f359ebef189352af2bd,0.0,0.0007106862655653127,0.0,0.0,0.0,0.0,0.0,0.0007106862655653127
0x5608e7baa63543509098cf11601c3ed17f549221,0.0,0.0006686004026986445,4.202940461145034e-05,0.0,0.0,0.0,0.0,0.0007106298073100948
0x52bfb207e6d54e95e308719449ce7e02d631bf65,0.0007069936619546494,0.0,0.0,0.0,0.0,0.0,0.0,0.0007069936619546494
0xa3f646f08c7e00f45f648f2e742264f119dfca0b,0.000706593661963348,0.0,0.0,0.0,0.0,0.0,0.0,0.000706593661963348
0x5f17ac20c855321449d24fbc7a03d0ac9c8c4aa0,0.0007063653721666942,0.0,0.0,0.0,0.0,0.0,0.0,0.0007063653721666942
0x8415f2739d0a87a496c220a274d44f14eb4c70b5,0.0007058506113105331,0.0,0.0,0.0,0.0,0.0,0.0,0.0007058506113105331
0x3a56f565be399b2b6011d030a4ad3f789eb7aaf1,0.0007058408278948693,0.0,0.0,0.0,0.0,0.0,0.0,0.0007058408278948693
0x82928be5bce6885256d07b8704eae2f0fa46c371,0.0007053919756072712,0.0,0.0,0.0,0.0,0.0,0.0,0.0007053919756072712
0xaf12f95a23f79c541e079924ec3089280373f692,0.000705311522673025,0.0,0.0,0.0,0.0,0.0,0.0,0.000705311522673025
0x61cb01bd3825100e16877b704818b6471b7e7464,0.0,0.0,0.0007024040969704202,2.0582742685614834e-06,0.0,0.0,0.0,0.0007044623712389817
0xf9bd5d696f519a7b9c4c7f7329fa19da5026ce25,0.0,0.0,0.0007038355943298173,0.0,0.0,0.0,0.0,0.0007038355943298173
0x087a928a9215840df3109acccca681e1f743b0dd,0.0,0.0007002177962529819,0.0,0.0,0.0,0.0,0.0,0.0007002177962529819
0x4afbca2d59b8c981ef1247640147ac0f546736cb,0.00035882330053769215,0.0,0.0003395561595419759,0.0,0.0,0.0,0.0,0.000698379460079668
0x878a4c184c981e7611ea7fbe4d6a092aab8fcc52,0.0,0.0006974006392747958,0.0,0.0,0.0,0.0,0.0,0.0006974006392747958
0x98a4af9665400f455b83e6a36c772a5c39359fcf,6.56869687747905e-05,0.0006275778162899482,0.0,1.3746639727921123e-07,0.0,3.538516538576783e-06,0.0,0.0006969407680005947
0xcf2fd96a356a4f5c4174b26451ddce1ba592b403,0.0,0.0006966578556477807,0.0,0.0,0.0,0.0,0.0,0.0006966578556477807
0x0aebaf5e3d4207d71474cfa3f654ec0743183619,0.0,0.0006955341590121962,0.0,0.0,0.0,0.0,0.0,0.0006955341590121962
0x32eabcf74b1745352557bc17bd5536a99c95e9af,0.0,0.0006924489241722921,0.0,0.0,0.0,0.0,0.0,0.0006924489241722921
0x47ce96e23777794066fbec779bd22c6b36ea1c08,0.0,0.0006904796663759705,0.0,0.0,0.0,0.0,0.0,0.0006904796663759705
0xffa3e07701fead4607620252044f488ab147e16c,0.0,0.0,0.0,0.0006903109182941525,0.0,0.0,0.0,0.0006903109182941525
0x7c30991d3f5e5d12c11a7d778f3327290d760835,0.0,0.0,0.0006876876978121174,0.0,0.0,0.0,0.0,0.0006876876978121174
0xff6bc1212ad3f71ff893216ca1f681f3edd38c0b,0.0006876872935243693,0.0,0.0,0.0,0.0,0.0,0.0,0.0006876872935243693
0x090b0405043eb105576532c939c4c6739c29868f,0.0006860511543022034,0.0,0.0,0.0,0.0,0.0,0.0,0.0006860511543022034
0xaef853b86f306eb3017506ca994dd78c4dfed42e,0.0,0.0006820033676279906,0.0,0.0,0.0,0.0,0.0,0.0006820033676279906
0x59d5dc142928bda39749f9785c86b1af0d4e7621,0.000681732114225496,0.0,0.0,0.0,0.0,0.0,0.0,0.000681732114225496
0x0c4d0ad56d2da3e2691513668a3cfa43629659bb,0.0006816452802873464,0.0,0.0,0.0,0.0,0.0,0.0,0.0006816452802873464
0xc84a972674b2f9feef6fe0f2c5caa3bcebdedb5e,0.0,0.0,0.0006809697823672329,0.0,0.0,0.0,0.0,0.0006809697823672329
0x03f50fd3a6703bffc1fb1880b1bd9e29853cb7d2,0.0,0.0006790996303150371,0.0,0.0,0.0,0.0,0.0,0.0006790996303150371
0x2b93e854fa2c8c62be005dc57deb5a6dca3f1bde,0.0006751194751928327,0.0,0.0,0.0,0.0,0.0,0.0,0.0006751194751928327
0x925d09963efa7ffb0ab52139e0b2595ca7421f8f,0.0,0.0006751148075025181,0.0,6.040309127751991e-13,0.0,0.0,0.0,0.000675114808106549
0x44f26066d17f54cf0df73b96737bfc2d57e671f3,0.0,0.0006730621335996058,0.0,0.0,0.0,0.0,0.0,0.0006730621335996058
0x6818797103c56ecd9f22cb4a34e52d8c09c71723,0.0006726679678840926,0.0,0.0,0.0,0.0,0.0,0.0,0.0006726679678840926
0x42cea854cdbf1d6a594a55cde46e1e945f8c0da0,0.0,0.000667702673544896,0.0,0.0,4.781458780791352e-06,0.0,0.0,0.0006724841323256874
0x80e7905a4d8ce6774965e8c09a2aa5f288e6f775,0.0,0.0,0.0006719969258792493,0.0,0.0,0.0,0.0,0.0006719969258792493
0xae4f582d6565acf294dd81c98099cc82bd710afd,0.0,0.0,0.0,0.0,0.0006703341117412978,0.0,0.0,0.0006703341117412978
0xaa40dadd5b5488bf312ef50e58f08c47b935c316,0.0,0.0,0.0,0.000668235836574884,0.0,0.0,0.0,0.000668235836574884
0x72ac82168f1a7d6b21741cf0247d60aaf5688a6d,0.0,0.0006672192436985497,0.0,0.0,0.0,0.0,0.0,0.0006672192436985497
0xd04d8d0821c0e65aea6a7bdecd0501138767a560,0.0,0.0,0.0006630081018361096,0.0,0.0,0.0,0.0,0.0006630081018361096
0xe044f0c22a3d1a46637560ecae5c7761ba296178,0.0,0.0,0.00010605160399998068,4.5705372053900505e-07,0.000555849086398882,0.0,0.0,0.0006623577441194018
0x2d376e3d4f572fe88911e14c3129a8c79fa735f7,0.0,0.0,0.0006616046515023522,0.0,0.0,0.0,0.0,0.0006616046515023522
0x26088ee6dabe70745b39f852a8ca9080c286bde8,0.0,0.0,0.0006607342735586872,0.0,0.0,0.0,0.0,0.0006607342735586872
0x4fa730895ed491d001029ad98463fe24dbb91feb,0.0,0.0,0.000660372371488449,0.0,0.0,0.0,0.0,0.000660372371488449
0x0aa068c67e9becfbd166c8bb781ffe410a927579,0.0,0.0,0.0006601854343451286,0.0,0.0,0.0,0.0,0.0006601854343451286
0xf42a4c2761b3c2e4f5704d3bbf850d03597dc59b,0.0,0.0006588405866289883,0.0,0.0,0.0,0.0,0.0,0.0006588405866289883
0x45c115363a7447a062ed1916d2b90f1d81b03fce,0.0,0.0,0.0,0.0006581302427614228,0.0,0.0,0.0,0.0006581302427614228
0x4941903e504321615f51c77e5399cf23db6a84d6,0.0,0.0,0.0006579487527444059,0.0,0.0,0.0,0.0,0.0006579487527444059
0x074b85c349b8fb91b54fe91c9562fa136d2ebae2,0.0,0.0006569540684258916,0.0,0.0,0.0,0.0,0.0,0.0006569540684258916
0x6d86652e56d1bf849392dd199c852c296033c312,9.528981695324037e-05,0.000556700558050209,0.0,1.6107801711327876e-07,0.0,4.5526970660142985e-06,0.0,0.000656704150086577
0x7f9fbde915e89c8d31fd8fa1f6d10d5470f1917a,0.0,0.0,0.0,0.0,0.0,0.0,0.0006564120186902003,0.0006564120186902003
0x7e9c13ac467d986737e7901619fe79c8b2de926b,0.0,0.0,0.0,0.0,0.0006559851263890987,0.0,0.0,0.0006559851263890987
0xa1a5f7d62b93c622e0d3f2c8670d64ec0e722d0c,0.0006559161739435609,0.0,0.0,0.0,0.0,0.0,0.0,0.0006559161739435609
0x9766dd751fd607a287ff2b310924f0f3644bf101,0.0,0.0,0.0006540085828233418,0.0,0.0,0.0,0.0,0.0006540085828233418
0x0b516edc029ec08075b7d4e0267f6d5015e2c342,0.0,0.0006515760085741685,0.0,0.0,0.0,0.0,0.0,0.0006515760085741685
0xdfbaeef21396bf205d4b7d23345155489072cf9b,0.0006515088442753526,0.0,0.0,0.0,0.0,0.0,0.0,0.0006515088442753526
0x79de713c04efb613f00b640dad6cc31ea4689b33,0.0006508405474929381,0.0,0.0,0.0,0.0,0.0,0.0,0.0006508405474929381
0x0193bfb1da3c88c64fd7714cd563248a169ae9e9,0.0,0.0006496241140908232,0.0,0.0,0.0,0.0,0.0,0.0006496241140908232
0x117e1dc8c0e23dcdba18d4f662449dc692c9215a,0.0006478061356858502,0.0,0.0,0.0,0.0,0.0,0.0,0.0006478061356858502
0x7c736b735683d37308667603a9922b5f87038cc1,0.0,0.000647235321215876,0.0,0.0,0.0,0.0,0.0,0.000647235321215876
0xaeda325c9cfee34f501556b7679a4b56f5d2a054,0.0,0.0006470453782673049,0.0,0.0,0.0,0.0,0.0,0.0006470453782673049
0xd3c97cb10859e77f5a7ee5e88bd6e80ca4688f08,0.0,0.0,0.000645133000869879,0.0,0.0,0.0,0.0,0.000645133000869879
0x96de89d208396526e32efe1395091cfea37ed529,0.0005407148530574292,0.00010437651691612223,0.0,0.0,0.0,0.0,0.0,0.0006450913699735514
0x46232cbdb0512ca7b00b8271e285bf8447f1330b,0.000392381211205528,0.0,0.0,0.0002506733626427866,0.0,0.0,0.0,0.0006430545738483147
0xe36a6ec9d64380eecf72cc0af3c92ca6c8e66ce6,0.0003549611622177704,0.0002875744352864418,0.0,3.062925623790783e-13,0.0,0.0,0.0,0.0006425355978105047
0x5feffc08ed51a4f35770d0b55aacfe661728571e,0.0005887005824141031,0.0,0.0,5.342504975985038e-05,0.0,0.0,0.0,0.0006421256321739535
0xbc18d3471437ce1dc1365658e1f8bcf2b6c1833b,0.0,0.0,0.000639849319307361,0.0,0.0,0.0,0.0,0.000639849319307361
0x09e90420131266b030997462a555ba2362f63b6a,0.0,0.0,0.0006390025755129372,0.0,0.0,0.0,0.0,0.0006390025755129372
0xabdfe8b898448d53e64d85158dd39e55138fcfb8,0.0006386749784476466,0.0,0.0,0.0,0.0,0.0,0.0,0.0006386749784476466
0x3b60e6a4c40615194e6bf2b1f3220fcb910e0516,0.0,0.0,0.0006386235250743976,0.0,0.0,0.0,0.0,0.0006386235250743976
0xed79e8e4026fa20c6c31c01f2f9efb051122a2a1,0.0005791077621806867,0.0,0.0,5.944974680626432e-05,0.0,0.0,0.0,0.000638557508986951
0xfd1d1152a49bbad1b94d4dea9056b12fd0a36efb,0.0,0.0,0.0,0.000638553870146383,0.0,0.0,0.0,0.000638553870146383
0x2b9881605fa2372a8183f1b6ff0a5d990868068f,0.0,0.000635892199184165,0.0,0.0,0.0,0.0,0.0,0.000635892199184165
0xd280bc34c2d57d4633ca477edeff2a2945065e69,0.0005115659443656099,0.0,0.0,0.00012420070847601338,0.0,0.0,0.0,0.0006357666528416233
0x3bb3384e2dbd32bb1f090604002a66838471d893,0.0,0.0,0.0006347415750554787,0.0,0.0,0.0,0.0,0.0006347415750554787
0x47b778664d2eedb25bf3db1ccb7af167f7b3eb38,0.0006344242677179629,0.0,0.0,0.0,0.0,0.0,0.0,0.0006344242677179629
0x7ea9c1c5bfd0d3527bf4348f118d2d64671769cd,0.0,0.0,0.0006329224332901753,0.0,0.0,0.0,0.0,0.0006329224332901753
0x92600a71627b53d8f510e5b1ce7f965b27380af0,0.0,0.0,0.0,0.0006299849892064673,0.0,0.0,0.0,0.0006299849892064673
0x18eb9201bd20d2fa1bc4405c88a248302983ee97,0.0,0.0006289925716586493,6.335437731459589e-08,0.0,0.0,2.0906958277273834e-09,0.0,0.0006290580167317917
0x15174c27eaa0773cae895fcb40b7dd4cba505d2b,9.689326090535768e-05,0.0,0.0005306184335493797,0.0,0.0,0.0,0.0,0.0006275116944547374
0x3899018d34f409f4b8abad671d0c2836bd1e7507,0.0,0.0,0.0006267681372417702,0.0,0.0,0.0,0.0,0.0006267681372417702
0xc503d04ea44707728ff1250a1a43da5e6ea9dff9,0.0,0.0006266969421077847,0.0,0.0,0.0,0.0,0.0,0.0006266969421077847
0xb8f3562ff460294fb3cd3d73b96de16a37eb25d1,7.056267168451357e-05,0.000555094511259375,0.0,0.0,0.0,0.0,0.0,0.0006256571829438886
0x7c4530f47d6f87f7d4213a232bd60e724c3bb2eb,0.0,0.0,0.0006253692392090628,0.0,0.0,0.0,0.0,0.0006253692392090628
0x93a5efb36c92bf6b853e469d73513050c8fe4f43,0.000625171247810983,8.911160417683916e-08,0.0,0.0,0.0,0.0,0.0,0.0006252603594151598
0x9942796afefea0c2c651b80fa0024b46f5827506,0.0,0.0006148327807335102,0.0,9.443290418144458e-06,0.0,0.0,0.0,0.0006242760711516547
0xcce665577e9a10c52aa0f867a84bcfeab70f4e7f,0.0,0.0006235909379852764,0.0,0.0,0.0,0.0,0.0,0.0006235909379852764
0xc74bd86a1d5b02fdff91a3f66404d8cbc939700c,0.0006216873365861856,0.0,0.0,0.0,0.0,0.0,0.0,0.0006216873365861856
0xcafa106ecb52aef895f8fb672b4e9a3b62c00761,0.0006210102559913807,0.0,0.0,0.0,0.0,0.0,0.0,0.0006210102559913807
0x48ca56ab27d34d93e8449ad513c0b77721809a04,0.0,0.0,0.0,0.0006165468560581688,0.0,0.0,0.0,0.0006165468560581688
0x0bea3b8137d83aa32f766ecbdf04050d90f99a93,0.0,0.0,0.000615219126125641,0.0,0.0,0.0,0.0,0.000615219126125641
0xbceffb3dd59e28e34a28ff7f317a8dd99889fbfc,0.0,0.0,0.0,0.0,0.0006144507126804409,0.0,0.0,0.0006144507126804409
0xb7222a8562a084e6a8c092da5ed639230d9e0550,0.0,0.0,0.0006134075347979004,0.0,0.0,0.0,0.0,0.0006134075347979004
0xeddcfb955ed97007e66247fb7370ab8822448566,0.0,0.0006124240098911261,0.0,0.0,0.0,0.0,0.0,0.0006124240098911261
0x35e5e463b17b33e0c5a60702ccd7c864bec72b6c,0.00057881723462062,0.0,0.0,3.339358961681057e-05,0.0,0.0,0.0,0.0006122108242374307
0xcf43ba625cc331781cbe7ae15dab707eef431f3a,0.0,0.0,0.0006097182188204254,0.0,0.0,0.0,0.0,0.0006097182188204254
0x3b751adfa1a100b5837f3a80ea803597aef1d5fe,0.0006032564467284839,0.0,0.0,0.0,0.0,0.0,0.0,0.0006032564467284839
0xa168aed270463f3b4bdb89867cc8650077430820,0.0006031389893200573,0.0,0.0,0.0,0.0,0.0,0.0,0.0006031389893200573
0x54e1431e621de426bcd8aea5f59f0c45e694e03e,0.0,0.0,0.0,0.0006029922396486495,0.0,0.0,0.0,0.0006029922396486495
0x3c237105315ad109213c4175c7a1de8e09db5e66,0.0001235929412786145,0.0004710705150922741,0.0,1.5053014514637283e-07,0.0,7.886359694440252e-06,0.0,0.0006027003462104753
0xae91cb07b00d30446f0b1fa0848f0d354efdfc8a,0.0,0.0,0.0006011872045199148,0.0,0.0,0.0,0.0,0.0006011872045199148
0x7ecac6b3d52b34bb6269542f2fe4843e803df062,3.6748941634154325e-05,0.0005644307207572439,0.0,0.0,0.0,0.0,0.0,0.0006011796623913982
0xb1850cf971cd168df83d5f9a273b20045a46bc25,0.0006010487319164976,0.0,0.0,0.0,0.0,0.0,0.0,0.0006010487319164976
0xc4044605c6bede85e2296f7471d7fadf5bbea731,0.0,0.0,0.0,0.0006005394489440863,0.0,0.0,0.0,0.0006005394489440863
0xd56cc607c5377ea9dfde715bc6f7e7ddc1f9d081,0.0,0.0005998818979549608,0.0,0.0,0.0,0.0,0.0,0.0005998818979549608
0xe4945c80239d5afaec549c5c74697fb04e4967ce,0.00040683318688165555,0.00019014414522360715,8.611059414653206e-08,7.336180514504162e-08,2.4647625549531484e-06,0.0,0.0,0.0005996015670595075
0x4a507cb7ac94f9269775c484d6fbb99ba8808d4a,0.0005687061367307968,0.0,0.0,2.9344594655109803e-05,0.0,0.0,0.0,0.0005980507313859066
0x098c6445fb690293aa582f152b15762ccfa2a2f1,0.0,0.0,0.0005967593141376307,0.0,0.0,0.0,0.0,0.0005967593141376307
0xd7944452c21ec02ab3e78b7593fe7b05018e3a5a,0.0,0.0,0.0005957259702056036,0.0,0.0,0.0,0.0,0.0005957259702056036
0x8f9cc3a4b5bb8a8cb0f62de8dc3c52995836ddc9,0.0,0.0,0.0005941721341519377,0.0,0.0,0.0,0.0,0.0005941721341519377
0x2a06dc99a8fa5c835b2d7dcf72d1883feeb0e066,0.0,0.000593801954104027,0.0,0.0,0.0,0.0,0.0,0.000593801954104027
0x4c0d9bff934e53cca53d98c187d0f6b29eecfd64,0.0005929785537640189,0.0,0.0,0.0,0.0,0.0,0.0,0.0005929785537640189
0x1b0a73e93c412e0a94b17c8b3bee24988bb4ecb1,0.0,0.0,0.0005929301598224982,0.0,0.0,0.0,0.0,0.0005929301598224982
0xb10df6fee7e4a97453d84b7de9f81ab7468d0ca0,0.0,1.5922803651197833e-05,0.0005766517386791606,0.0,0.0,0.0,0.0,0.0005925745423303584
0x70d7060c76f8d8a20f8553ae3efc12e048a8070e,0.0,0.0005911204875786027,0.0,0.0,0.0,0.0,0.0,0.0005911204875786027
0xbc58a860f71ad988f482c9f1d5156b3578d71783,0.0005910888905690565,0.0,0.0,0.0,0.0,0.0,0.0,0.0005910888905690565
0x4e2a1aa6bd000220a324416f2302e408972443cb,0.0005903054940597844,0.0,0.0,0.0,0.0,0.0,0.0,0.0005903054940597844
0x6accb3eca94562416aaccad044241ba91de61b7f,0.0,0.0,0.0,0.0,0.0005901670833771875,0.0,0.0,0.0005901670833771875
0x8e3e62e2229f49ab0a4f5028d05840bb89e20378,0.000589418705143595,0.0,0.0,0.0,0.0,0.0,0.0,0.000589418705143595
0x94399f69f21642437bf8a7f81dcc03af9dfbb719,0.0005888753813535718,0.0,0.0,0.0,0.0,0.0,0.0,0.0005888753813535718
0xbc259d6b9f03ff1ec38148f90fdfc7b9ec5b8333,0.0005888554433663427,0.0,0.0,0.0,0.0,0.0,0.0,0.0005888554433663427
0x8803d1575831c7565839d11a622b6fcd9e14fcfc,0.0005887360245415292,0.0,0.0,0.0,0.0,0.0,0.0,0.0005887360245415292
0x79b640df03d3f9ed5198a5ff8d0ae3d6d748ca6b,0.0005886604319628252,0.0,0.0,0.0,0.0,0.0,0.0,0.0005886604319628252
0x8bf159523aeb87a921b136ef9db0892cadb366d4,0.0005885006239391398,0.0,0.0,0.0,0.0,0.0,0.0,0.0005885006239391398
0x5a173642e34bc680ac3072c18e372a3f5d4c206f,0.0005880389556506243,0.0,0.0,0.0,0.0,0.0,0.0,0.0005880389556506243
0x3f8f352217687d755c6d7b879eaed1e9141eb66a,0.0005880301339635909,0.0,0.0,0.0,0.0,0.0,0.0,0.0005880301339635909
0xb75a1e98b5052ce3b7d6faa364a2163a0a8d6b53,0.0005877947666481864,0.0,0.0,0.0,0.0,0.0,0.0,0.0005877947666481864
0xb2403d903ce1284739c63547c89573985d869df0,0.0005875712750880505,0.0,0.0,0.0,0.0,0.0,0.0,0.0005875712750880505
0xabb712b0936e268572c6dddfbb4d5b6059322588,0.00011661083827999347,0.0004620617343565907,0.0,1.4623889124060904e-07,0.0,6.629047051707256e-06,0.0,0.000585447858579532
0xca15a2f529366a69fbb800a2c4260613de3939f1,0.0,0.0005853641933133248,0.0,0.0,0.0,0.0,0.0,0.0005853641933133248
0x24d3446946ec63f827b5f758cae179eb9c18778e,0.0,0.0005843796435851399,0.0,0.0,5.287558025332967e-10,0.0,0.0,0.0005843801723409424
0x5c29e2143a07f0b20a5881e1a353f95140c73d83,0.0,0.0,0.0,0.0,0.0005833372650314532,0.0,0.0,0.0005833372650314532
0x8354d838ff91bfdd73f2a543cb02704ee40c536e,0.0,0.0,0.0005812619510289019,0.0,0.0,0.0,0.0,0.0005812619510289019
0x36bf266af62d6aa1d34a28925be669be1e45a6c9,0.0,0.0,0.0005794014195874471,0.0,0.0,0.0,0.0,0.0005794014195874471
0xd5e81f6eba52a8592fcc9ffd971716fc5a460add,0.0005780728958369763,0.0,0.0,0.0,0.0,0.0,0.0,0.0005780728958369763
0x5cd27263c8b8cdb43d83265543d21daa3427b668,0.0005764196191154522,0.0,0.0,0.0,0.0,0.0,0.0,0.0005764196191154522
0xcb0d36527997e64aabfbf522beda4c84aabe838f,0.0,0.0,0.0,0.0,0.0005759517768988621,0.0,0.0,0.0005759517768988621
0x7a9d54ae0ac4d7a6b4d9b3b60de5c62e6f70b58b,0.00057387321646978,0.0,0.0,0.0,0.0,0.0,0.0,0.00057387321646978
0xfb5f5cd2e81992263047e7c3494fae7012e74002,0.0,0.0005516340832305369,0.0,0.0,2.189227549953545e-05,0.0,0.0,0.0005735263587300723
0x2362f956ccee7568e19d8ed9c3e1224a2305aee1,0.0,0.0,0.000165584293865177,0.00040753812038262573,0.0,0.0,0.0,0.0005731224142478027
0x6d514d19788047c2a5cdf6999616702402fd0393,0.0005717745066984713,0.0,0.0,0.0,0.0,0.0,0.0,0.0005717745066984713
0x63565663169428048a4c69f278129d1214603b54,6.486473531787176e-05,0.0005055045418178994,0.0,0.0,0.0,0.0,0.0,0.0005703692771357712
0x18f0298d990bbc52fc9c0465c1bba1bc4db9853e,0.0,0.0,0.0005683567045332268,0.0,0.0,0.0,0.0,0.0005683567045332268
0xae699e2c6e4ac9e4d486a5777f4f4ad0b69c9602,0.0005659358558921734,0.0,0.0,2.2521107785062237e-06,0.0,0.0,0.0,0.0005681879666706796
0x68b294041bff591adb7b4c65e41fe76ab49d6899,0.0,0.0,0.0,0.0005681582650274978,0.0,0.0,0.0,0.0005681582650274978
0x940696c5dbebd886d301c253b31e5bb082baaddf,8.473240299389749e-05,0.00047957789095949923,0.0,8.51058830141154e-08,0.0,2.9221172189519447e-06,0.0,0.0005673175170553627
0x391a2e4e51f7150b8dee7cb95c9e1b248560625b,0.0,0.0005519917422703185,0.0,1.3789989528417593e-05,0.0,0.0,0.0,0.0005657817317987361
0xb1f2c0363f48149f35d88a3654b54531d349f858,0.0,0.0,0.0005652518876355279,0.0,3.0676441660854882e-09,0.0,0.0,0.000565254955279694
0x2bad5ef3fcec938a5ebd621820b8ab9851be6d59,0.0005649209483127058,0.0,0.0,0.0,0.0,0.0,0.0,0.0005649209483127058
0x9f08a9169161bd3ccb5f9366d2adc4d6e1087cd5,0.0,0.0,0.000564860376164856,0.0,0.0,0.0,0.0,0.000564860376164856
0x4a76f8fa01bc3b54796f7c94fa15fea269317bb0,0.0,0.0005631556456799086,0.0,0.0,0.0,0.0,0.0,0.0005631556456799086
0x403a4a90bc8071e6ba6485a170b7a0604adcc493,4.705840749388784e-05,0.0003511244998682559,7.606156774674727e-05,2.8255725317061806e-07,8.783928070952633e-05,0.0,0.0,0.000562366313071588
0x7b92fa5050ccee5b987268f76c93334e8459da1d,0.0,0.000560245362592632,0.0,0.0,0.0,0.0,0.0,0.000560245362592632
0x234b14d4a23736f974fa5449466ea0f40e1ad86f,0.0,0.0,0.0,0.0,0.0005598239305277624,0.0,0.0,0.0005598239305277624
0xdcf265b6c9deb1e7d03008a2dd1e37d2376d195e,0.0,0.00046054630029462363,9.738167451460877e-05,0.0,0.0,0.0,0.0,0.0005579279748092324
0x5aacb07646d3d70127544481db20684b6ce3f8b1,0.0005561918611132019,0.0,0.0,0.0,0.0,0.0,0.0,0.0005561918611132019
0xd029e469c2808b1a0e3e89587c4aba7a4456b83e,0.0,0.0005561378872439567,0.0,0.0,0.0,0.0,0.0,0.0005561378872439567
0x3be83ef84e61c4b6b2001c6fd2633442207ace1e,0.0005558646598004727,0.0,0.0,0.0,0.0,0.0,0.0,0.0005558646598004727
0xe7c68f6d2c7d9659a47b0f21d797f18d2b5028f9,0.0,0.0,0.0005555093706611405,0.0,0.0,0.0,0.0,0.0005555093706611405
0xc428e3e0c00d62a225e3a36c70ebb9449025fb4f,0.0,0.000555467058452891,0.0,0.0,0.0,0.0,0.0,0.000555467058452891
0x5f33a199c1a684a12cc96a18a67c53137c16a0e9,0.00011103781770749059,2.119588684065692e-06,0.0,0.0,0.0004415645620306103,0.0,0.0,0.0005547219684221666
0x547b324b3f9e1f9f436fede6e88ae1ca816db6f3,0.0005546733450714697,0.0,0.0,0.0,0.0,0.0,0.0,0.0005546733450714697
0xe0bba9ef3bd7fb5e875ec21f72ed5e021f68195d,0.0,0.0005535800316741907,0.0,0.0,0.0,0.0,0.0,0.0005535800316741907
0xe17bab8d0d17137bbd181ae7a4fadc4d0e7e8fdf,0.0005528257215266673,0.0,0.0,0.0,0.0,0.0,0.0,0.0005528257215266673
0x366483d5e4c2fd619f02535dbbd784e16513b7ea,0.0005527341380323861,0.0,0.0,0.0,0.0,0.0,0.0,0.0005527341380323861
0xc919c030bdfc8d886118b9a7d098e66ce91785f9,0.0,0.0,0.0,0.0,0.0005518255221368067,0.0,0.0,0.0005518255221368067
0x8cd287bdfd9f39aaa7f2300774e1abf55234f584,0.0,0.0,0.0005508724166299173,0.0,0.0,0.0,0.0,0.0005508724166299173
0x80a9ce79f0cd244702100b4a778220942003bb20,0.0,0.0,0.0,0.0005499847247854321,0.0,0.0,0.0,0.0005499847247854321
0x0a49dbef2561ace4b20df0dc857e35d5024f09e9,0.0005490965574032321,0.0,0.0,0.0,0.0,0.0,0.0,0.0005490965574032321
0x86c72fd2cb88050e6ee06535c158c2f0f1e3371d,0.0,0.0,0.0,0.0005488265813671588,0.0,0.0,0.0,0.0005488265813671588
0x2ddc7b64a097790a4f2fe6ee7fb709ebdb6109f0,0.0,0.0,0.0,0.0005486163528555946,0.0,0.0,0.0,0.0005486163528555946
0x1426356778cf3dd63a815f8532992f4a111c5f7b,0.0,0.0,0.0,0.0005479201794627175,0.0,0.0,0.0,0.0005479201794627175
0xec3090a80f84621921a7f965c1ac02610ab99570,0.00017991703956060984,0.00025071646187456215,9.777751355015564e-05,1.754907453852229e-05,0.0,0.0,0.0,0.0005459600895238499
0x5b30339d398b091a4513e4145f28405bb8d8081d,0.0,0.0,0.0005457031730293034,0.0,0.0,0.0,0.0,0.0005457031730293034
0x9a1e46ea89eb1a0e74441b3fe2855a6d4cf78638,0.0,0.0005449798454579266,0.0,0.0,3.6531268516798164e-10,0.0,0.0,0.0005449802107706117
0x97fef6b47c3b89b5bf1fb2fb64b9a9e7eaa7cb1e,0.0005417485910488738,0.0,0.0,0.0,0.0,0.0,0.0,0.0005417485910488738
0x4282d38904731610ecdc60a403599b5d69d83fba,0.0005011696742285543,0.0,0.0,4.0469463764560895e-05,0.0,0.0,0.0,0.0005416391379931152
0x61d58e900fc1d8ee88d472223a79d927ffaa01f4,0.0,0.0005404440893582494,0.0,0.0,0.0,0.0,0.0,0.0005404440893582494
0xab2b399afcd0ecbcabfb3e6e3e5605d38ea98ab6,0.0,0.0005402658263761952,0.0,0.0,0.0,0.0,0.0,0.0005402658263761952
0xb3a3c77ecc02fd49efebd40501b8c8a733664266,0.0,0.0,0.0005396758419102379,0.0,0.0,0.0,0.0,0.0005396758419102379
0xab2c1ab92e8230cfe76c0d7a229872a39a53604b,0.0,0.0005382314068260593,0.0,0.0,0.0,0.0,0.0,0.0005382314068260593
0x992cc03b31688bed50539a413f554eb5d6e999eb,0.0,0.0005373940594776974,0.0,0.0,0.0,0.0,0.0,0.0005373940594776974
0xe55ac567304a182e3a2c5d1253c38d3d465ad3c7,0.0,0.0005355108123986876,0.0,0.0,0.0,0.0,0.0,0.0005355108123986876
0x5b19de41d0a91562553fde168ad909b934038b28,0.0005342311534992039,0.0,0.0,1.2322833661478761e-06,0.0,0.0,0.0,0.0005354634368653519
0x6c839896e555191e0fbdc5bcb6fa0f22496db1b4,0.0,0.0,0.0005300170468613856,3.7470473116913407e-06,0.0,0.0,0.0,0.0005337640941730769
0xea3ce3e9ed4d631d2230ca53cbd8c32ccbf7c823,0.0005294012077391596,0.0,0.0,0.0,0.0,0.0,0.0,0.0005294012077391596
0x7f5019acb80774673ebb331e243f880b039ee6f0,0.0,0.0004646615551118525,6.41202760893755e-05,0.0,0.0,0.0,0.0,0.0005287818312012279
0x386245848da7a2ab466a5e5d500ed917d90d58d1,0.0,0.0005287459533991968,0.0,0.0,0.0,0.0,0.0,0.0005287459533991968
0x4a3f23974ae67d4f656720463bbd44223d9cd078,0.0,0.0005248533562978445,0.0,0.0,0.0,0.0,0.0,0.0005248533562978445
0xd137aff06ec624be6ac9ebb2003be6c7e5a92a16,0.0,0.0,0.0005246888992920955,0.0,0.0,0.0,0.0,0.0005246888992920955
0x4b47dd5e50b039ac280f6d8a92e00e046137dcf4,0.0,0.0,0.0,0.0,0.0005238126470254762,0.0,0.0,0.0005238126470254762
0x8545f7b34212c614b580bedc346ee3b7a44f1f4c,7.084414584138186e-05,0.0004520107200721393,0.0,2.1251686288586768e-13,0.0,0.0,0.0,0.000522854866126038
0x9f71904fc92f667afd0066e2e0d7b459223e6e3e,0.00012474218361762073,0.0,0.0,0.0003973401330871926,0.0,0.0,0.0,0.0005220823167048133
0x1c229c8a94f9dbc29a80696828490c42a6c930d3,0.0,0.0,0.0,0.0005213068818685814,0.0,0.0,0.0,0.0005213068818685814
0xca6aaa510ba2ace92cb424eb7fa67da7a90d520c,0.0,0.0,0.0,0.0005212433784621375,0.0,0.0,0.0,0.0005212433784621375
0x2ffdb5725edc475082add02e6b7532a180eda4fa,0.0,0.0,0.0005208710723758756,0.0,0.0,0.0,0.0,0.0005208710723758756
0xc27c1927c0b3d80e3de6d1e181c1055826cab4da,0.0005192694935803939,0.0,0.0,0.0,0.0,0.0,0.0,0.0005192694935803939
0xeb54ca6e81c396a95f3ed54119463836d90652c2,0.0,0.0005188165310064852,0.0,0.0,0.0,0.0,0.0,0.0005188165310064852
0xd1484eb76a7b19106ccc37555910cdf1397f826b,0.0,0.0,0.0005186986570806465,0.0,0.0,0.0,0.0,0.0005186986570806465
0xf9912b2ba49b5f73978c7ea3e712c650c9214ef5,0.0,0.0005168425841306629,0.0,0.0,0.0,0.0,0.0,0.0005168425841306629
0x29d438347b7fd67f8bd74d4d9cf1c181131c1436,0.0,0.0,0.0005165675725018929,0.0,0.0,0.0,0.0,0.0005165675725018929
0xa6e6ff47cbf3b6c5909126c80edccd67bf42fdb9,0.0,0.0,0.0005132053258147538,0.0,0.0,0.0,0.0,0.0005132053258147538
0x34f0c9ac0de4cb1e5335616e87f6930bc915d31e,0.0,0.0,0.0005131847328642566,0.0,0.0,0.0,0.0,0.0005131847328642566
0xf447b405fc7b41ddfef3cf66ec790eabd6b26a47,0.0,0.0005102741578637688,0.0,0.0,0.0,0.0,0.0,0.0005102741578637688
0xa68272b9a50d6644e037913543fbfbc27e5108c3,0.0,0.0,0.0005084332674774255,1.45217156262348e-06,0.0,0.0,0.0,0.000509885439040049
0x4a98bb7b6872c4872011ae650c491bd0d6201793,0.0,0.0,0.0,0.0005087700170842488,0.0,0.0,0.0,0.0005087700170842488
0x44b68fd7a45533f7da96385ec96bfea8a622d0fa,0.0,0.0,0.0005080753095763101,0.0,0.0,0.0,0.0,0.0005080753095763101
0x6b13f66adbca27ec35f6b1169f5a70485a854d27,0.0005064482172411696,0.0,0.0,0.0,0.0,0.0,0.0,0.0005064482172411696
0xfac19752bc3428bd31783e524a9456a271f9ab0f,0.0,0.0,0.0,0.0005064171302533304,0.0,0.0,0.0,0.0005064171302533304
0xf416c9aabc2b43f0c456817399660f02cf6d6d11,0.0,0.0005059626603592789,3.1637073749842416e-08,0.0,0.0,1.165171083212694e-09,0.0,0.0005059954626041119
0xaa3f33c387a5ad7efa1edbd88f4e7a547afa544d,0.0005048391235255437,0.0,0.0,0.0,0.0,0.0,0.0,0.0005048391235255437
0x0b607cc1276e5805b2c87e55adc2bada956b4e55,0.0,0.0,0.0,0.0005035162489161098,0.0,0.0,0.0,0.0005035162489161098
0x3fafc8bff7e15fa2e0aa7fc469a40af9cd263c23,0.0,0.0,0.0005023315499787213,3.116423823609067e-07,0.0,0.0,0.0,0.0005026431923610821
0x7c1462c014d12ce8114c8d20897746e418d0609c,0.0,0.0,0.0,0.0,0.0005021597791061991,0.0,0.0,0.0005021597791061991
0xd851f36d90eb0881acdedaa8a617137f33d88a16,5.763502203152162e-05,0.0004437736216878367,0.0,7.621319135135548e-15,0.0,0.0,0.0,0.0005014086437269796
0x6d7d1feef0cb0c222fb589a901eb195548bcd3f4,0.0005008317555871839,0.0,0.0,0.0,0.0,0.0,0.0,0.0005008317555871839
0xe24faf481b086cd9ba00cba6084e1c5e14cd714d,0.0,0.00046365204756768633,0.0,0.0,3.6188572519142724e-05,0.0,0.0,0.0004998406200868291
0x757949992e9f93dd39111f91767fe07330345945,0.0,0.0,0.0004984611782964828,3.5101464202566474e-08,0.0,0.0,0.0,0.0004984962797606854
0x32778259cffbe0cdd24760d8009f106c25f55c0c,0.0,0.0,0.0,0.0,0.000498410202916537,0.0,0.0,0.000498410202916537
0x8b1624c8b184edb4e7430194865490ba5e860f0c,0.0,0.0002721316401459968,0.00022559084832621216,0.0,0.0,0.0,0.0,0.000497722488472209
0x0922b44805cb5d90f35f3b9781aff83b47d722d3,0.0,9.255177715687065e-05,0.00040460126894890594,0.0,0.0,0.0,0.0,0.0004971530461057766
0x8f4653fa10e24c07bf4150a347004d55c2c61a63,0.0,0.0004965434066932866,0.0,0.0,0.0,0.0,0.0,0.0004965434066932866
0x1774a50414e2550e9b52b676f28ea690fe93342b,0.0,0.0004957407852281965,0.0,0.0,0.0,0.0,0.0,0.0004957407852281965
0x9f750c794eb0d745708ba18ec49e4f4a440e5f13,0.0,0.0,0.0,0.0004938300144345105,0.0,0.0,0.0,0.0004938300144345105
0x751f3028c6f29c1b14e6ef324cdfdbd812410035,0.0,0.0,0.000493134768573193,0.0,0.0,0.0,0.0,0.000493134768573193
0xd7eeb0c70eba4665973161cecc6dc35a70108118,0.0004920147399753073,0.0,0.0,0.0,0.0,0.0,0.0,0.0004920147399753073
0xfe1ed85bf279a62d7d24fdbe21de0ecbf90ed4aa,0.000491697747098749,0.0,0.0,0.0,0.0,0.0,0.0,0.000491697747098749
0x58d249a203489d1cbb991a4558166baacb4f1bbf,0.0,0.00048664962121812384,4.985256795202507e-06,0.0,0.0,0.0,0.0,0.0004916348780133263
0x259224e5652b84a00f8d15c63d756488ca25a65b,0.0003632335018738496,0.0,0.0,0.00012656737564211145,0.0,0.0,0.0,0.000489800877515961
0x6be82e94124b82eaa52d08ad2f498130169bec33,0.0,0.0004878136747771622,0.0,0.0,0.0,0.0,0.0,0.0004878136747771622
0xdb75d58e00106a8dfdbaf225ff9257529cc37f53,0.0,0.00048485243467913066,0.0,1.1746348400593414e-12,6.312136096634969e-11,0.0,0.0,0.00048485249897512643
0xdcdce3b40d3bef73c079e1c65d712f6526d66206,0.0,0.0,0.0,0.0004847798660125505,0.0,0.0,0.0,0.0004847798660125505
0x014ea78739621e4b66df80bad4fd2388ce6eb314,0.000296768220234547,0.0,0.0,0.00018787834579593599,0.0,0.0,0.0,0.000484646566030483
0x18f3cb3ac251f17b4ca4fb09a55f30c0d1833458,0.0,0.000484269606434809,0.0,9.502000266520723e-14,0.0,0.0,0.0,0.00048426960652982903
0x53d51a3c7b487dd8c219be6b1f7511bf68b92d95,0.0,0.0004831664684177381,0.0,0.0,0.0,0.0,0.0,0.0004831664684177381
0xf1ba1e8ab78bf53cb4019e56200c6f2bde3ef1d6,0.0,0.0,0.0004820343173164296,0.0,0.0,0.0,0.0,0.0004820343173164296
0xc652a995005d95a2879c403df586afa4e6a7a270,0.0,0.00048193784744485435,0.0,0.0,0.0,0.0,0.0,0.00048193784744485435
0xf39dbc9f6eae53e25998c9b9ae45bb36e2ba15a6,0.0,0.0004811266514544067,0.0,0.0,1.4456497018890546e-10,0.0,0.0,0.0004811267960193769
0x8eb408169a3ff259485610dce1fc7871fc53622a,0.0,0.0,0.0004793937403948061,0.0,0.0,0.0,0.0,0.0004793937403948061
0x8c367d68860b871334660d5f061ec7e034199f2e,0.0,0.0,0.0,0.0004792397445778211,0.0,0.0,0.0,0.0004792397445778211
0x4ecf18b838e9af3451c3e0f6b45becbe95a9794d,0.0,0.000477184502499001,0.0,0.0,0.0,0.0,0.0,0.000477184502499001
0x97d7846316efe4581a5a1ef3de3e88814ba75e25,0.0,0.00047652988062367804,0.0,0.0,0.0,0.0,0.0,0.00047652988062367804
0xe3db5022fa3c28a0b4971c7f22e4ffdd2ac3c12d,0.0,0.0004754828317926791,0.0,0.0,0.0,0.0,0.0,0.0004754828317926791
0x311ddb1e4b2218a12991283650f831034ed1e00f,0.00047490540030459494,0.0,0.0,0.0,0.0,0.0,0.0,0.00047490540030459494
0x8672225a7f2b90c89bbce19854aa9476635c752c,2.3524498788376184e-13,0.0,0.0,0.00047480545664691995,0.0,0.0,0.0,0.00047480545688216493
0xb0b2507065b621fb92647950c2beec69ec032cc4,0.0,0.0,0.0,0.0,0.0,0.0,0.00047418900794056316,0.00047418900794056316
0xee7c04ba56a7c6d4f511f96c62325986b7c39b91,0.0,0.0,0.00047369965978059556,0.0,0.0,0.0,0.0,0.00047369965978059556
0x298c18892c9841495209891cb389b5a59e9875d7,0.0,0.0,0.0,0.00047334638918917143,0.0,0.0,0.0,0.00047334638918917143
0xf1f57b31a953f8e481c5c8f52fe38600268dba14,0.0,0.0,0.00047123841454953415,0.0,0.0,0.0,0.0,0.00047123841454953415
0xcae4a2741bc14525c23dd01688461cb6d3906895,0.0004706920548582426,0.0,0.0,0.0,0.0,0.0,0.0,0.0004706920548582426
0xe7e61166fa4a3a4dfa45021ed137943ec991a7f2,0.0,0.0,0.0004702074028879522,0.0,0.0,0.0,0.0,0.0004702074028879522
0xfdfb306dbff80664bd1f61699089ddead7d7dbb9,0.00047014891405535537,0.0,0.0,0.0,0.0,0.0,0.0,0.00047014891405535537
0x4a8f17cb98dfb4de8373e6fdd2acc9053c3b32b4,0.0,0.0,0.0,0.0004693804588798791,0.0,0.0,0.0,0.0004693804588798791
0x2ec2e46b769e8bfd4881f2514b758ded09696a6c,0.0,0.0004691421702807766,0.0,0.0,0.0,0.0,0.0,0.0004691421702807766
0x754845b83b3fdfc74d39db4765c87e1286a66cce,0.0,0.00046910726654302384,0.0,0.0,0.0,0.0,0.0,0.00046910726654302384
0x47e5fbd10600a9e0635c415c89213c3cf77efe46,0.00025035991367613764,0.00021871480377084432,0.0,0.0,0.0,0.0,0.0,0.00046907471744698197
0x72908fbdd74be9e1b66fa77d3eca8fe154d4a7ed,0.0004672835977566649,0.0,0.0,0.0,0.0,0.0,0.0,0.0004672835977566649
0x75697d4802423fdab397abb3f5de74cb311b3a6d,0.0,0.0004643022909875967,2.762831021001142e-06,9.730334736760867e-13,2.2627866652385223e-10,0.0,0.0,0.00046706534926029784
0x850056589c99031d55dd2e6351bdbfe74c27cab5,0.0004657552465548329,0.0,0.0,0.0,0.0,0.0,0.0,0.0004657552465548329
0xca1e6cce755f9b276ebcf60532e91b1d6804486d,0.0,0.0,0.0,0.0,0.00046465715503654235,0.0,0.0,0.00046465715503654235
0x85b75c66f692902110f06209cff5abb62cc6e48a,0.0,0.0004646122542035373,0.0,0.0,0.0,0.0,0.0,0.0004646122542035373
0xd05390bc373efd2709f7f3320416dea9bebfa711,0.0,0.0004640231419723879,5.262405076827893e-07,0.0,0.0,0.0,0.0,0.00046454938248007065
0xe441abc7f5091a22ab3a1436e2af3c6cbfd3d616,0.0,0.00046423854515647477,0.0,0.0,0.0,0.0,0.0,0.00046423854515647477
0xa2dff5378ec7dd60fda1fe6b77f554a5829cc38b,0.0,0.00046399756890268436,0.0,0.0,0.0,0.0,0.0,0.00046399756890268436
0x66c7a12c23167f1c532943805e263405f08c8a60,0.0,0.0004638254617166593,0.0,0.0,0.0,0.0,0.0,0.0004638254617166593
0x303dc693295e2c13bfacdae1c5aaa45d023d9b3d,0.0,0.00046367302155853106,0.0,0.0,0.0,0.0,0.0,0.00046367302155853106
0xafcb264ea4526cdcd50636ff3c9b8bb25d5fdd0d,0.0,0.00046339021958421485,0.0,0.0,1.0179053664309226e-09,0.0,0.0,0.0004633912374895813
0x801769d65db922dd71825e62c2e84316d65b47fa,0.0,0.0004633293879285922,2.805167500932762e-09,0.0,0.0,0.0,0.0,0.00046333219309609315
0xbf510015258eb425857449fac1a95b479aa1b2d6,0.0,0.0004632246927310814,0.0,0.0,0.0,0.0,0.0,0.0004632246927310814
0x1206608fdc30925492b9afcd32aea0a9e579a03a,0.0,0.000463131357211642,0.0,0.0,0.0,0.0,0.0,0.000463131357211642
0x85341f005fc2f18f161410dcb55628a2f3199b0c,0.0,0.0004631198268633311,0.0,0.0,0.0,0.0,0.0,0.0004631198268633311
0xd905551d11ad7f564a2ca29e5dfca7747b96378c,0.0,0.000463102696759331,0.0,0.0,0.0,0.0,0.0,0.000463102696759331
0x69d72de72b50019e3a265c691187c6140571f36e,0.0,0.00046249748578283277,0.0,0.0,0.0,0.0,0.0,0.00046249748578283277
0x5c53c04cca61a2dc573e17edb1c77367c5d33157,0.0,0.0,0.0004624973973382151,0.0,0.0,0.0,0.0,0.0004624973973382151
0x5de481dbdc77a56950be2b209a82cd34951335a1,0.0,0.00012003258092159817,0.0003418176063417536,0.0,0.0,0.0,0.0,0.0004618501872633518
0x46d2fc451f25349a7095e40348431d5a7cc078ec,0.0,0.0004616602128477462,0.0,0.0,0.0,0.0,0.0,0.0004616602128477462
0xb4f17c28b4fee29231c37aa4b4fc4b42a02d6673,0.00045910297612172546,0.0,0.0,0.0,0.0,0.0,0.0,0.00045910297612172546
0xd94dbf2c1fc5b4c9ca277efc7ff19da7659d9925,0.0,0.0,0.0004589226673497658,0.0,0.0,0.0,0.0,0.0004589226673497658
0xb3088d788746792834b9790e8a83c66f2ace2359,0.0,0.0,0.0,0.00045671188833815754,0.0,0.0,0.0,0.00045671188833815754
0x7551bc1ece5d25326320ab4a2cb03843fcd6c64a,0.00032954058882689866,0.0,0.0,0.00012652782025746574,0.0,0.0,0.0,0.0004560684090843644
0xa891022919e40e9d6ff50dd027c07d9b37e97dcf,0.0,0.0,0.0,0.0,0.0004555571538386194,0.0,0.0,0.0004555571538386194
0x7349e6c7bff22bae7173788e0efae36d3f60c0a4,0.00028836975362472064,0.0,0.0,0.00016656464507204885,0.0,0.0,0.0,0.0004549343986967695
0x784a74f976a3415adecae081947484d5ef459504,0.0,0.0,0.0,0.0,0.0004549272085797139,0.0,0.0,0.0004549272085797139
0xeb09b5cc9cca14272fbf6b3bf8ee64c17b663e9d,0.0,0.0004547111346683764,0.0,0.0,0.0,0.0,0.0,0.0004547111346683764
0xae6fd8ae4b774e57120813634ffe08d23f137c67,0.0,0.0004546832349113502,0.0,0.0,0.0,0.0,0.0,0.0004546832349113502
0xe2d6546acc195e1ebc349faaa8ca3a3e8e8b1ac4,0.0,0.00045468187069716104,0.0,0.0,0.0,0.0,0.0,0.00045468187069716104
0x653b4c9532363bb07d36d93820e6916c17663bae,0.0,0.0,0.0,0.0,0.0004540914284952822,0.0,0.0,0.0004540914284952822
0x7a4f9c1cf92d17c321f6f9be6586741e31c6e26d,0.0,0.00045379320480142915,0.0,0.0,0.0,0.0,0.0,0.00045379320480142915
0x7428aa67174b624f399bba6c6f36829bec1a80d2,0.0,0.0004531484545602071,0.0,0.0,4.5975481819803635e-08,0.0,0.0,0.00045319443004202686
0x140daad3f2ddf2cce32436ca6265c4bbd1ccef92,0.0,0.0004523347573867284,0.0,0.0,0.0,0.0,0.0,0.0004523347573867284
0x0e0ae4ab5eab5abd26f5d6cc716adbf0c3105333,0.0,0.0,0.0,0.00045211280016253433,0.0,0.0,0.0,0.00045211280016253433
0xf55a7885d5865a083d9aa51bfcf006903b4d5055,0.0,0.0,0.0,0.0,0.0,0.00045103191226430437,0.0,0.00045103191226430437
0x4fbe804fe264802ee3332687f56abe755c265b94,0.0,0.0,0.0,0.0,0.00045086017125331635,0.0,0.0,0.00045086017125331635
0xe4b8bd8cb10dbf3b152ae13cbf95ec8b869420e1,0.0,0.0,0.0,0.0,0.0004504043098925837,0.0,0.0,0.0004504043098925837
0x690fbafe4485b501b8bcfc6319adadbcdabd7cbd,0.0,0.0004500993121630567,0.0,0.0,0.0,0.0,0.0,0.0004500993121630567
0x4c7d4433de9f7ffb7a272e1c4749bd1d9753d943,0.0,0.0,0.0,0.0004496190312733147,0.0,0.0,0.0,0.0004496190312733147
0xd3d5c164e8b3d5a83c96268618f084ef3d831b68,0.00036608101953700416,0.0,0.0,8.351530929925184e-05,0.0,0.0,0.0,0.000449596328836256
0x9c138d52ebe2d5abdff4220d64a976e015463db1,0.0,0.0,0.0,0.0,0.0004478467950813309,0.0,0.0,0.0004478467950813309
0xb2dd985116db690461fa28e03ba2a08a60af90a1,0.0,0.0,0.0,0.0,0.0004463554314444607,0.0,0.0,0.0004463554314444607
0xa4d1349f2503ea19210794e1681787cc232ad4a8,0.0,0.0004463529799346261,0.0,0.0,0.0,0.0,0.0,0.0004463529799346261
0x28fc05945f49aee500fc6dceaa0b7ad870309b0f,0.0,0.0,0.0,0.0,0.00044621411526830164,0.0,0.0,0.00044621411526830164
0x6ecadeec0394c1e1eb0b820d1d8c60ea98614f31,0.0002364891621617058,0.0,0.0,0.00020910696103243974,0.0,0.0,0.0,0.00044559612319414557
0x9b67dcbf13746047daf8eb0c25b34344db15b6a8,0.0004440142343902428,0.0,0.0,0.0,0.0,0.0,0.0,0.0004440142343902428
0x35d80fb77a30db7447153ef7d8462f064961a68a,0.0,0.0,0.0,0.00044289995845562565,0.0,0.0,0.0,0.00044289995845562565
0x0830d434746ee4fb5845267ae5da11ab3123c66d,0.0,0.0,0.0,0.0,0.00044250103715363876,0.0,0.0,0.00044250103715363876
0x1c0ec596303ce6666f5a4d24c29e78cf881cb5d3,0.0,0.0,0.0,0.0,0.0,0.0,0.0004420081277973202,0.0004420081277973202
0x12525e90ce304880d466774d5852753b36311a01,0.0,0.0,0.0,1.7240222663260594e-06,0.00044014751917107446,0.0,0.0,0.00044187154143740054
0xfe3766d4b8f8bf029d4fe4d355be152f9c67eb90,0.0,0.0,0.0,0.0,0.00044181709886981127,0.0,0.0,0.00044181709886981127
0xf2b50af8ee00e194ee25af01d7c3b92f766875aa,0.00044063726681969813,0.0,0.0,0.0,0.0,0.0,0.0,0.00044063726681969813
0x90208ffbf774d70b1433f6d64709fdf62104f77a,0.0,0.0,0.0,0.0,0.00044062269853352974,0.0,0.0,0.00044062269853352974
0xf8de71e38d1017a8eff188816a134543ff2b3fee,0.000309235559433066,0.0,0.0,0.00013125295316262554,0.0,0.0,0.0,0.00044048851259569153
0x7fd56c3ccf6a56ad16500b599919299ad558411a,0.0,0.0,0.0004404788570113843,0.0,0.0,0.0,0.0,0.0004404788570113843
0x69f41218229128b341093c8a386404904b1d9db8,0.0,0.00044035521428541506,0.0,0.0,0.0,0.0,0.0,0.00044035521428541506
0x795572d5e8c29ac61cddfd59f9e570bc5b93cc4e,7.058761106440155e-05,0.0,0.0,0.0,0.0003697089430947622,0.0,0.0,0.0004402965541591637
0xd36a911f493ca6ec3291900ef96afcfc84734895,0.00044012808199346115,0.0,0.0,0.0,0.0,0.0,0.0,0.00044012808199346115
0x7aa11a2dde15f1a604a521ac3b9a5e81202234e5,0.0,0.0004395384503702667,0.0,0.0,0.0,0.0,0.0,0.0004395384503702667
0xa1fe80003281ed3647bfc700191db0d4b8e7d4b2,0.0,0.00043904876383882275,0.0,8.844696587992112e-14,0.0,0.0,0.0,0.00043904876392726974
0x1345394284c11d1ca716fa172abc08dcab026216,0.0,0.0,0.00043413706290204053,0.0,0.0,0.0,0.0,0.00043413706290204053
0x01e3bc986ce89d8891618a359d7aabdc7074354c,0.0,0.0004332652318695029,0.0,5.5673234039814843e-08,0.0,0.0,0.0,0.0004333209051035427
0x7c696093b48973e8a2550b819260e88aaeb6e00f,0.0,0.0,0.0,0.0,0.0004328096086993058,0.0,0.0,0.0004328096086993058
0x598bd8459cc18f6a2d833e4d3269470566391926,0.00043256667599742796,0.0,0.0,0.0,0.0,0.0,0.0,0.00043256667599742796
0x10fddffce9af365c53d4da8e069308de8c48cd46,0.0,0.0,0.00043230032721314877,0.0,0.0,0.0,0.0,0.00043230032721314877
0xa061f869373d2ed472dbdb066cc39e102ab4cd55,3.529143438034305e-05,0.0003927714898258479,0.0,1.2006889983223715e-07,0.0,3.033155993008089e-06,0.0,0.0004312161490990313
0x00c5cf02a24710577256470d8e1b56d169768fd4,0.0,0.0004310715888679131,0.0,0.0,0.0,0.0,0.0,0.0004310715888679131
0xaa6fced71b161202214cb956b36f755651d7dd89,0.0,0.0,0.00042956967203383915,0.0,0.0,0.0,0.0,0.00042956967203383915
0xadafb986b7052de047c92ab1d32d7019c4e066a5,0.00010399787420049873,0.0,0.0002801821957794009,4.313152601661811e-05,0.0,0.0,0.0,0.00042731159599651775
0x949a35296da83c44c1cc49ad29a476e1652d49ec,0.0,0.0,0.0,0.00042677622886701764,0.0,0.0,0.0,0.00042677622886701764
0x4afc690862f638d5de17516afcc0e2be6bce2302,0.0,0.0004244869862760625,0.0,7.961849157142129e-14,0.0,0.0,0.0,0.000424486986355681
0x1cc1187b1780290a190302066c2b2128fdd3d909,0.0,0.00042345984697725824,0.0,9.686170609793976e-14,0.0,0.0,0.0,0.00042345984707411994
0x945276fb8750c8ee5b86df4804903ce66b25eb59,0.0,0.00042341086262583506,0.0,0.0,0.0,0.0,0.0,0.00042341086262583506
0x983a1f40afd1779c4aa5a04340498a453cee03d3,0.0,0.00037406832458726486,4.849430371640235e-05,0.0,0.0,0.0,0.0,0.0004225626283036672
0xd20e9be1af2848fcbb0aca0902c9a8d80e12c014,0.0,0.0004200789972283033,0.0,0.0,0.0,0.0,0.0,0.0004200789972283033
0xdc3671ce3a49a149f0f60a3b58bc3c6a990566d7,0.0,0.00041954690276902655,0.0,8.21042938529353e-14,0.0,0.0,0.0,0.00041954690285113085
0xfc76e08f6e40d7cb575282d21b945b664984f06f,0.0,0.0,0.00041921598754601037,0.0,0.0,0.0,0.0,0.00041921598754601037
0x967e88c3b07ad9ab4d09004b75eb5c62d155f1c5,0.0004189302547037701,0.0,0.0,0.0,0.0,0.0,0.0,0.0004189302547037701
0x79cd0bd649c47391d38013e9b58d8d6b6f0a9e69,0.00041774546805693264,0.0,0.0,0.0,0.0,0.0,0.0,0.00041774546805693264
0x3fa30492c2ea93e5c9e91c8c0fe2fdb8a900a103,0.0,0.00041732567693086474,0.0,0.0,0.0,0.0,0.0,0.00041732567693086474
0x2c2eeefb2201be2179b089e0d4077ddc3066242c,0.0,0.0004165168629793546,0.0,0.0,0.0,0.0,0.0,0.0004165168629793546
0x19f2e76441847db203cb0450b92a5b16527db2b8,0.0,0.0004165052595853035,0.0,0.0,0.0,0.0,0.0,0.0004165052595853035
0x025a05b913a2c9a756df35bdd9bee4fd603dcaab,0.0,0.00041627407716302906,0.0,0.0,1.1308149039146635e-09,1.892186476317765e-09,0.0,0.00041627710016440926
0x5a4385890c042539f184c7ab801601d00cf68e6a,0.0,0.0,0.0,0.0,0.00041593995623893953,0.0,0.0,0.00041593995623893953
0xe425dfdbda41a1aa31782deb45af262aa892131b,0.00021192049473693416,0.0,0.00020398260070602533,0.0,0.0,0.0,0.0,0.0004159030954429595
0xd67f04c12d39c35cea85970b9f0c05497b905120,0.0,0.00041575910340497526,0.0,0.0,0.0,0.0,0.0,0.00041575910340497526
0x7eede0b0f1b731fe2b62d83c199a8261f3ad45a7,0.0,0.0004147707438190159,0.0,0.0,0.0,0.0,0.0,0.0004147707438190159
0xd76ba273f9d1a140ef8f73a28c62b92eb8b4a33d,0.0004059753968851578,0.0,0.0,0.0,8.43065787216146e-06,0.0,0.0,0.00041440605475731926
0xa6cc5ab6d2d8000288e15d7c225440224287c142,0.0,0.0,0.0004133935901215962,0.0,0.0,0.0,0.0,0.0004133935901215962
0x76b69ecbd421e19405371488b563c67683e1c04b,0.00032357948083411433,0.0,0.0,8.895884550453714e-05,0.0,0.0,0.0,0.00041253832633865147
0x07f9dc78dd0c8a87b06fc841fb86b30c6377fdde,0.0,0.0,0.0,0.0,0.0,0.0,0.0004123846873420705,0.0004123846873420705
0xec7b0c0fe6267f068342d99e093e17172c03ce34,0.0,0.00041196013394062786,0.0,0.0,0.0,0.0,0.0,0.00041196013394062786
0x5c33052e154964da3d26c8b8610d508df050476e,0.0,0.0,0.0,0.0,0.00041172024833885227,0.0,0.0,0.00041172024833885227
0x07575194e894547982d759217440773c23d2bbbb,0.0003210928004004352,0.0,0.0,8.954119584134695e-05,0.0,0.0,0.0,0.00041063399624178214
0x1f9a4f6793de516365c5e517427fc07c6851f734,0.0,0.0004091230767085718,0.0,8.320008793482097e-14,0.0,0.0,0.0,0.0004091230767917719
0x68bc76e58a8f4d13d8cd9984437e4ec4edd828d9,0.00040838265940561306,0.0,0.0,0.0,0.0,0.0,0.0,0.00040838265940561306
0x03b308b0091c8d1fec5406cff741352a2e66ae28,0.0,0.0,0.0004081017130458282,0.0,0.0,0.0,0.0,0.0004081017130458282
0x4551e202537a6bd69d57f6501f88166a8c5dec8b,0.0,0.00039815604709841847,0.0,0.0,0.0,1.5820462928518508e-11,9.086695090409087e-06,0.00040724275800929047
0x2825861682f978d5df5044c42df6a7fa56f43933,0.0,0.0,0.0,0.0,0.00040714645934044995,0.0,0.0,0.00040714645934044995
0xe09e648815cf4c427943cec0eb8e955eda0f2645,0.0,0.00040690473270789287,0.0,8.098052669570654e-14,0.0,0.0,0.0,0.0004069047327888734
0x0a0de63a1973957ca4eaa54665313704acbf322a,0.0,0.0,0.0004062307671030066,0.0,0.0,0.0,0.0,0.0004062307671030066
0xe7a8432ab49121c7284da787fb3b76b44064e445,0.0,0.0004058967546045183,0.0,0.0,0.0,0.0,0.0,0.0004058967546045183
0x439711c342f264c715b83892b89ac99350bab4f3,0.0,0.0004050718015669546,0.0,0.0,0.0,0.0,0.0,0.0004050718015669546
0xbb4db879e22a5968e28fc8a51540bcaf1718d760,0.0,0.0004045759257344364,0.0,0.0,0.0,0.0,0.0,0.0004045759257344364
0xe0bf06b278179f5f3050a4c059545596b992a9b5,0.0004043363408063003,0.0,0.0,0.0,0.0,0.0,0.0,0.0004043363408063003
0x282a969afceaccfbcb5b079b839aa68d61c2d06c,0.00011422844536060376,0.00027690877911581405,0.0,1.3128418719113495e-05,0.0,0.0,0.0,0.0004042656431955313
0x34ea3e979049c6eee02123182bcbca001d16d8d7,0.0,0.0,0.0004015041608759035,0.0,0.0,0.0,0.0,0.0004015041608759035
0xfa5468bca5348fe7e295055ed9622f60881bdc82,0.0,0.0004004480877499965,0.0,0.0,0.0,0.0,0.0,0.0004004480877499965
0x703c3122075afbd2973bbe9ff5b6f388c28fd68b,0.0,0.0,0.0,0.00039846226390183716,0.0,0.0,0.0,0.00039846226390183716
0xe3de08d833b817c475044109e95bbc425a0b07b0,0.0003980810993007331,0.0,0.0,0.0,0.0,0.0,0.0,0.0003980810993007331
0x5dce471b2bf14f6edd7711736eabede2a9a2ba82,0.0002351474269420394,0.0,0.0001622850323273772,0.0,0.0,0.0,0.0,0.00039743245926941663
0x8fbd38f774f44977a3e5ed2cb9c9d442bee59aa1,0.0,0.00039657371277345235,0.0,0.0,0.0,0.0,0.0,0.00039657371277345235
0x14ce2f942e86b8f342cf3e9192cecda7b4583ffe,0.0001173379475422613,0.00027857586568381324,0.0,0.0,0.0,0.0,0.0,0.00039591381322607455
0x9993a1198c807253f30a9261052aded84fd1bac9,0.0,0.0003956915734238702,0.0,0.0,0.0,0.0,0.0,0.0003956915734238702
0xea88145aaa631db292aa0c18cf9935feb1a4fb56,0.0,0.0,0.0,0.00039568089493754733,0.0,0.0,0.0,0.00039568089493754733
0x22eeb166310ee35695dd856df8b4f7ae489df933,0.0,0.0003951194196075278,4.322490404423731e-08,0.0,0.0,1.7129456051344284e-09,0.0,0.0003951643574571772
0x6f339ef23b09f83e2b43f8daf83e3313d2feeda3,0.0003948609001762689,0.0,0.0,0.0,0.0,0.0,0.0,0.0003948609001762689
0x6b052bb4f5e54dee68cf96530d67c9b54283ace8,0.0,0.00039416539278326086,0.0,0.0,0.0,0.0,0.0,0.00039416539278326086
0x1c1fafde14c14aba6d4ccaf6b312f6dd6a0c3cd5,0.0,0.0,0.00039303241568606985,0.0,0.0,0.0,0.0,0.00039303241568606985
0xb81a206d3f07ab533d1c48bdb6c799d7a202725a,0.00034174484167566216,0.0,0.0,5.099199994218298e-05,0.0,0.0,0.0,0.00039273684161784516
0x39435476d4b1340d220a2edb6b16dd0d5f8c42c8,0.00011390178864001493,0.00027880181599314373,0.0,0.0,0.0,0.0,0.0,0.00039270360463315864
0x7483eac4a15f00ac63f40111fba5d04303362524,0.0,0.0,0.00039016748362316237,1.8521308657314214e-07,0.0,0.0,0.0,0.00039035269670973554
0xf17019fbcc7bc570b5940637b56a9db5a18b320b,0.0,0.0,0.0003897837528750844,0.0,0.0,0.0,0.0,0.0003897837528750844
0x95d522421bc057e784e1fa8a1e80cb1e3ba9eb09,0.0,0.0,0.00038955762087633397,0.0,0.0,0.0,0.0,0.00038955762087633397
0x0110143f2cf511e35ba8da8b74c4fc5a97270691,0.0,0.0,0.00038773571191768675,0.0,0.0,0.0,0.0,0.00038773571191768675
0x1e758d2b0a356480b8822aabc6bf737a0b163b42,0.0,0.0,0.0003873857495347563,0.0,0.0,0.0,0.0,0.0003873857495347563
0x78c3f2483e3bbd87f8498179ac754e77b15e42aa,0.0,0.00038729163418002463,0.0,0.0,0.0,1.1621923310672313e-09,0.0,0.0003872927963723557
0xa45746e75f591d402eb2db67af356f3dc922c6ff,0.0003847637955883541,0.0,0.0,0.0,0.0,0.0,0.0,0.0003847637955883541
0x32b468762d04e4ea8503629a43aee211da07e0f6,0.0,0.0003828551744853162,1.6926856011737336e-08,0.0,0.0,0.0,0.0,0.00038287210134132794
0x276f3d649a8aef296a55500c0e41cc22e5115f0d,0.0,0.00038027940898892153,0.0,0.0,0.0,0.0,0.0,0.00038027940898892153
0x22ab945b234ab07784044d291d7faf7a15219db2,0.0,0.0,0.0003800745539676078,0.0,0.0,0.0,0.0,0.0003800745539676078
0x61be782ee2fda32a2671fbfe3d01b4448e82a1d7,0.0002940562348547022,0.0,0.0,8.447928888330552e-05,0.0,0.0,0.0,0.0003785355237380077
0x693df16fa92ad5fb3b0294faaed2f8153b5170d2,0.0,0.00037558102344511574,0.0,0.0,0.0,0.0,0.0,0.00037558102344511574
0xe1d7ae5ff2377b0789cf5f472fd8757d4070c7b3,0.0,0.0,0.00037530102133774036,0.0,0.0,0.0,0.0,0.00037530102133774036
0xb428d5a474050b69e8da7d9e66e36db533e953fb,0.0,0.0,0.0003748602630764443,0.0,0.0,0.0,0.0,0.0003748602630764443
0x6504d17cb270bb4eeecf76aa94f000f86b872eb6,0.0,0.0003746169219401769,0.0,0.0,0.0,0.0,0.0,0.0003746169219401769
0x99291427e58c442636d265a5d65df23b9453db68,0.0,0.0,0.0003743128603598627,0.0,0.0,0.0,0.0,0.0003743128603598627
0xb2130e2857cdd6bf5ad6b2778c31b37edde96540,0.0,0.0003736940988985319,0.0,0.0,0.0,0.0,0.0,0.0003736940988985319
0x6482c9802eb84dd9c74d3a260c72fd4a6745fd70,0.0,0.0,0.0,0.00037264024782793047,0.0,0.0,0.0,0.00037264024782793047
0x35193617220f8b797a573d63ce69f9975db5de2f,0.0,0.00037143462470914083,0.0,0.0,0.0,0.0,0.0,0.00037143462470914083
0x72b2e2ea2f0a5b32337d7a226f6137ec8119a291,0.0,0.00037022974000968317,0.0,0.0,0.0,0.0,0.0,0.00037022974000968317
0x6165536dd77141d095e10fe7477d5503e0a93467,0.0,0.0,0.0,0.0,0.0,0.0,0.0003690918123642809,0.0003690918123642809
0x96744f9eca3ae1f859f7e6ffca3cfd9306b2df1a,0.0,0.0003689096734222294,0.0,0.0,0.0,0.0,0.0,0.0003689096734222294
0x8f5181ce40f98bfb85d88ac33f20b309dfdfe015,0.0,0.00036859271879524766,0.0,0.0,0.0,0.0,0.0,0.00036859271879524766
0x79f52e57852afec1f42e4be78f049c85114ea928,0.0,0.00036792267648241747,0.0,0.0,0.0,0.0,0.0,0.00036792267648241747
0xbb34666407e47f87a44e4540ee765909506cb105,0.00036629087912066783,0.0,0.0,0.0,0.0,0.0,0.0,0.00036629087912066783
0xb9c0ba28ae708e8aeca3aa0a5eb9267acabf72cd,0.0,0.0003657409571172306,0.0,0.0,0.0,0.0,0.0,0.0003657409571172306
0xe981a3ba9121a98ca8cc14000b345dd070bfde21,0.0,0.0,0.0,0.00036514471087390783,0.0,0.0,0.0,0.00036514471087390783
0x2262cf5207d23cb68cd30d3c8206132a7f326aa2,0.0,0.0003637637552606903,0.0,0.0,0.0,0.0,0.0,0.0003637637552606903
0xc9bdd195a3e74deb2af4dd693ead8bbe0ad40485,0.0,0.00036376036438868565,0.0,0.0,0.0,0.0,0.0,0.00036376036438868565
0xa8dbcb94ebc269df9fb375319493e6db88b54f35,0.0,0.00036372624733543667,0.0,0.0,0.0,0.0,0.0,0.00036372624733543667
0x37978a1e847239ef93760635b473106bf988857c,0.0,0.0003636895925902587,0.0,0.0,0.0,0.0,0.0,0.0003636895925902587
0x1a8f5e8a233183ade303d8758005a3b33a836701,0.0,0.0003636820382069979,0.0,0.0,0.0,0.0,0.0,0.0003636820382069979
0x73dff8854df62c5b17d2a3c11492032e57004d73,0.0,0.0003636728106595165,0.0,0.0,0.0,0.0,0.0,0.0003636728106595165
0x20489640e2c69131b230c3864198d6b642615811,0.0,0.0003629681971513241,0.0,3.2272970209967594e-07,0.0,0.0,0.0,0.00036329092685342376
0x1585cb0c457c0f8a765bdba7ba2a98b369c2a166,0.0003629624877683058,0.0,0.0,0.0,0.0,0.0,0.0,0.0003629624877683058
0xe7e285509c1512686c460b86d2a5444f1c634dc6,0.0,0.00036185483334540456,0.0,0.0,0.0,0.0,0.0,0.00036185483334540456
0xf6d5ddf5052ceb9dfae1b9b5e4961d5f686cd60a,0.0,0.00036173019116102103,0.0,0.0,0.0,0.0,0.0,0.00036173019116102103
0x6bb599897e5c7d1fff7dd9fe46e4cf5423929530,0.00013415062953348972,0.0,0.0,0.00022692542276946497,0.0,0.0,0.0,0.0003610760523029547
0x396be4ee48ac1c90a56f2baead923d61343b93d8,0.00036099326068410906,0.0,0.0,0.0,0.0,0.0,0.0,0.00036099326068410906
0xaa0f6c35dd72d6fb839361134d3a587bc98d3224,0.0,0.00036083450959612635,0.0,0.0,0.0,0.0,0.0,0.00036083450959612635
0x2322f7b7e27c91f15f8c64cceab1e1e8025abd61,0.00036066662995301417,0.0,0.0,0.0,0.0,0.0,0.0,0.00036066662995301417
0xa4ad9479a22f8ca6e89c6fd1326e884688bb05b8,0.0003528627663396603,1.0525795761889332e-06,0.0,6.740216060476317e-06,0.0,0.0,0.0,0.00036065556197632554
0x29c3e6edc2385c4f85248b8b7e43cce8dcd6bd78,0.0,0.0,0.0,0.0,0.0,0.0003600367280141862,0.0,0.0003600367280141862
0xe3145648c5a39072f9982ae5294a4ad79ed85f0c,0.0,0.0,0.0,0.0,0.0,0.00035976580353971074,0.0,0.00035976580353971074
0x1c7411ce07ee24cca0fab2401d66ef72b81f83d0,0.0,0.0003597069541699544,0.0,0.0,0.0,0.0,0.0,0.0003597069541699544
0xb1af3cef2cbbb1a79d8e225e82fd70bf60c6e5dc,0.0,0.00035966770354792563,0.0,0.0,0.0,0.0,0.0,0.00035966770354792563
0x091e1dd7a46b75534462d19e07ef1e44a3dba6e9,0.0,0.0003596443699696898,0.0,0.0,0.0,0.0,0.0,0.0003596443699696898
0x953fb662fbecce43ceca35bb18b4da8fc8e4884a,0.0003589365145388613,0.0,5.494850028020153e-07,0.0,0.0,0.0,0.0,0.0003594859995416633
0x5bd645b28abfca2b9106e5cce4faab552e78d61d,0.00029406858521656616,0.0,0.0,6.372169407198854e-05,0.0,0.0,0.0,0.0003577902792885547
0xe5e4998fc4229cf35d4ee6c39358f528c29957ee,0.0003577041989786627,0.0,0.0,0.0,0.0,0.0,0.0,0.0003577041989786627
0x3460608e2a59f21755c19b7c7692e3f59c76041c,0.00013478533086154547,0.0002131401122344101,0.0,1.511317417519974e-07,0.0,6.373872232445962e-06,0.0,0.0003544504470701535
0x81950c0d1c5a55b84f23d24e7a0a876110278673,5.881712809563753e-13,0.000354092622050853,0.0,0.0,0.0,0.0,0.0,0.0003540926226390243
0x607791ccc8e4821ae16e79f738b230335f6a0b3a,0.0,0.0003537616069495841,0.0,0.0,1.9374802573634276e-10,0.0,0.0,0.00035376180069760985
0x5b5b3396aeea572f4dcb00e5339fbd436a84ce62,0.0003528151582824756,0.0,0.0,8.462581423634503e-07,0.0,0.0,0.0,0.000353661416424839
0x83a511e18bed62be3571af549073579f5630d151,0.00035364849659686294,0.0,0.0,0.0,0.0,0.0,0.0,0.00035364849659686294
0xc6710dd07e1275811b8bf92b6a2fec735a99baf0,0.0,0.0,0.00033845740842553885,0.0,1.509233900433266e-05,0.0,0.0,0.0003535497474298715
0x38ed3fb59230f5dd678f630eb458718a974917d9,0.00035307920231460356,0.0,0.0,0.0,0.0,0.0,0.0,0.00035307920231460356
0x50839c44694dc549b158980008cbc3b539b103f0,0.00035304391556646985,0.0,0.0,0.0,0.0,0.0,0.0,0.00035304391556646985
0x70b1fdfffb53deb7fda62f5ee1d76e83d10084db,0.0003529027262294562,0.0,0.0,0.0,0.0,0.0,0.0,0.0003529027262294562
0xc8331db1414bdf20a88f0192351d3ecfad11aac1,0.0003528392524269701,0.0,0.0,0.0,0.0,0.0,0.0,0.0003528392524269701
0xc9b9560dc5b80db7e99a858852cd83a1f30e98ce,0.0,0.00035139808769128945,0.0,0.0,0.0,0.0,0.0,0.00035139808769128945
0xc829afd40c0af8099f2991f11eaac637846a7c53,0.0,0.0,0.0,0.000350495998195639,0.0,0.0,0.0,0.000350495998195639
0x3a6f0416fb5678efe6ec415c984b0d64e456e2f7,0.00034998572319604876,0.0,1.4279352145888077e-07,0.0,0.0,0.0,0.0,0.00035012851671750765
0xf73eed21eb9718f859cc3ead5bbee31f3a85fac3,0.00027068071538314907,0.0,7.896678112422501e-05,0.0,0.0,0.0,0.0,0.0003496474965073741
0x5b134b8bf2932b4543c3361bfca6dcf1fc966323,0.0003496232252548723,0.0,0.0,0.0,0.0,0.0,0.0,0.0003496232252548723
0x258b216e5347c291a34bb5d503320f559cf03a77,0.0,0.0,0.0,0.00034898273817304365,0.0,0.0,0.0,0.00034898273817304365
0xb94a6ed9377ee7689a9dad6c38b0298d6e388501,0.0,0.0003483705721613372,0.0,9.012079209924672e-15,1.639579128155e-10,0.0,0.0,0.00034837073612826216
0x53b4cdec7d4a3c14f91cc78579bd5ffe2f0d5d07,0.0,0.0,0.0,0.0003480252213084307,0.0,0.0,0.0,0.0003480252213084307
0x08759991b7bef5d02f52f7adce07c0819573869f,0.0,0.0,0.00034710198265273067,0.0,0.0,0.0,0.0,0.00034710198265273067
0xc05383f1f4fc3b8e28d10e72b502322d8a4c681b,0.00021123338164891894,0.0,0.0,0.0,0.0,0.0,0.00013426360129783273,0.0003454969829467517
0x12bea9604f0ee6331dd86dff2e6569dff79e0f92,0.0,0.00034490688915869504,0.0,0.0,0.0,0.0,0.0,0.00034490688915869504
0x4234a41597db03a6cbbda89406f792107fdfef6e,0.00034476551599887495,0.0,0.0,0.0,0.0,0.0,0.0,0.00034476551599887495
0x7be167aac8d3f15f45fca72b2642e02986c529ce,0.0003176449549367405,0.0,2.693747068247865e-05,0.0,0.0,0.0,0.0,0.00034458242561921914
0xf91c47dcb629030ca17b195a80b97c087e4d980d,0.0,0.0,0.0,0.0003431099780138384,0.0,0.0,0.0,0.0003431099780138384
0xf7aedc4a11ae6bc91e0c9b92e3a451dc71f17fce,0.0,0.0,0.0,0.0003417242237624109,0.0,0.0,0.0,0.0003417242237624109
0xce134551fa08cdb63fd1001073191338af9aa72b,0.0,0.00034094839305166347,0.0,0.0,0.0,0.0,0.0,0.00034094839305166347
0x4ae4dcedd90ef6277c1df65bd0ee536557278455,0.00023529203688133846,0.0,0.0,0.00010524466961842748,0.0,0.0,0.0,0.0003405367064997659
0x4ffd0a59a26cb2aa76d403215e4cc2845c053994,0.0,0.0,0.00011560632325837903,6.659014620354686e-06,0.00021821443473608163,0.0,0.0,0.0003404797726148153
0x8793fd326c5860ccff809af4c1b6552dcb710cd9,0.0,0.0,0.00033834761758390244,0.0,0.0,0.0,0.0,0.00033834761758390244
0x3515be16627d14e2e8b9ebe555a56e0e8d362aa9,0.0003373287121465133,0.0,0.0,0.0,0.0,0.0,0.0,0.0003373287121465133
0x45dade7112d3c5098590741181c1f86ef1058bdb,0.0,0.0,0.00033703144302780883,0.0,0.0,0.0,0.0,0.00033703144302780883
0xfdb27c3765a37ccc65cd5ca2ad9e99ca92a99ef0,0.0,0.0,0.00033663084289761583,0.0,0.0,0.0,0.0,0.00033663084289761583
0xae413a419a617d4860a1762abbf01b80cc039814,0.0,0.0,0.0,0.00033654928031226245,0.0,0.0,0.0,0.00033654928031226245
0xcf3a17d47c06c1b08f9ae3f546f437f581f3dd2e,0.0,0.0,0.00033515407133998936,0.0,0.0,0.0,0.0,0.00033515407133998936
0xee206e05d50783b2d5c553a56917e990a6bb6750,0.0,0.0,0.0003337578012662336,0.0,0.0,0.0,0.0,0.0003337578012662336
0x6ed0cad18a3aaed50f36ac7737bf3c36d1d7c94e,4.704899757675237e-13,0.0,0.0,0.0003332891940708123,0.0,0.0,0.0,0.00033328919454130224
0x43dc5e8c988c3563db3d6c16243f5eb4c15058a7,0.0,0.0003281832917266689,0.0,0.0,0.0,0.0,0.0,0.0003281832917266689
0x77edbf1e676acbd4bc9522921f71e0774eb7ca70,0.00014140822087991298,0.0001858979353349664,0.0,0.0,0.0,0.0,0.0,0.0003273061562148794
0xe5e26755418bb65c6bead0dd7dda17a57cb64cce,0.0,0.0003268304356964776,0.0,0.0,0.0,0.0,0.0,0.0003268304356964776
0x38a399b16fc964b5c37b09aad78d522119d43225,0.0,0.0,0.0003266868830638811,0.0,0.0,0.0,0.0,0.0003266868830638811
0xeeeb473f00ab7231493b4e231de4da89d073c940,7.732323518592391e-05,0.00018223069201834456,6.590664761301245e-05,0.0,0.0,0.0,0.0,0.0003254605748172809
0x31ace8d9076cd47dbab56228466694965f9104dc,0.0,0.00032208639540151027,0.0,1.2801862207037352e-07,0.0,2.2721703850857893e-06,0.0,0.00032448658440866645
0x9aa45f52a1ee01a50e49ddb8e67bac47d75a6db1,0.0,0.0003242042683273887,0.0,0.0,0.0,0.0,0.0,0.0003242042683273887
0xa06bb8a7c170f82c1b6c0aaf0789629e5566d03c,0.0,0.0,0.0003206035067175748,0.0,0.0,0.0,0.0,0.0003206035067175748
0x2000af1d181f31e5ae478d21d0f6168e916142d2,0.0,0.0,0.00031749136281054564,0.0,0.0,0.0,0.0,0.00031749136281054564
0xc5711477cca62e053ab87c27b6f35ba95f33d99d,0.0,0.0,0.0,0.0003170519033429283,0.0,0.0,0.0,0.0003170519033429283
0x31bc6a36bd5d5dc19f0cd62f354865cd3f6d1c38,0.0,8.25803611649298e-05,0.00023430814502903717,0.0,0.0,0.0,0.0,0.000316888506193967
0xdbfc6336f89d0a2a721cf90cfa9fafe75fe8de4e,0.0,0.00031649443538802724,0.0,0.0,0.0,0.0,0.0,0.00031649443538802724
0x2418c7ff88f10b461566a65d5563c22aba85ab2b,0.0,0.0003164336845284713,0.0,0.0,0.0,0.0,0.0,0.0003164336845284713
0x8445eb6515c77cbd9d0ff739ae0514278be4067a,0.0,0.0,0.0,0.0,0.0,0.0,0.0003159215514763494,0.0003159215514763494
0x29114b9fb8e8a8bff253489aeb8fe1a43f75afbb,0.0,0.0,0.0003142341366754198,0.0,0.0,0.0,0.0,0.0003142341366754198
0x6868369c47c783e0ef9ff4965f4ededa1335c582,0.00031398508163620905,0.0,0.0,1.3509201350579895e-07,0.0,0.0,0.0,0.00031412017364971487
0x3f99c674e0d76c77d4a90a520c9055ca81c39d1d,0.0,0.0,0.0,0.0,0.0,0.0,0.00031249314588057276,0.00031249314588057276
0x52fc2402cd6c22f866147e98e61d03bef918db57,0.0,0.0,0.0,0.0003115849191812708,0.0,0.0,0.0,0.0003115849191812708
0x5098b03c1ee6fd57c66a5855de5ac2eecddbc2ff,0.0,0.0,0.0003111404912928062,0.0,0.0,0.0,0.0,0.0003111404912928062
0xca5f5566e401af75fd6bd63bf04d02e000f34245,0.0,0.0,0.0,0.00031070645458834933,0.0,0.0,0.0,0.00031070645458834933
0x8f09f1774bef6b791f94b7e39904c85195f63a56,1.1267671507886206e-05,0.0,0.0002989544655640697,0.0,0.0,0.0,0.0,0.0003102221370719559
0xccbc524ebe1a9d7f0db3fbd10bc5c6e57768a28e,0.0,0.0,0.0,0.0,0.0003099105860598195,0.0,0.0,0.0003099105860598195
0x543803838586aef09c3d8e4da802537e6da8aaea,0.0,0.00017743660279902356,0.00013214319743651463,0.0,0.0,0.0,0.0,0.0003095798002355382
0x708749eeb276217f6f2bb75b14dc13cefea601c2,0.0,0.0,0.0,0.00030903957807949323,0.0,0.0,0.0,0.00030903957807949323
0x203d1c1da04403b7ebd2f91084a26c972eb170c5,0.00030900937749576144,0.0,0.0,0.0,0.0,0.0,0.0,0.00030900937749576144
0x99f35c443bb21015fdff9ed79a3d9d9d16d0b1e3,5.648042092900922e-05,0.0002492499451375994,0.0,1.2080686770873293e-07,0.0,3.046238493601977e-06,0.0,0.00030889741142791933
0x3099a2f4c31f336acba973ffc161efc7f0bfe117,0.0,0.0,0.0,0.00030725973711808634,0.0,0.0,0.0,0.00030725973711808634
0x17d25d441d472c6899e0b8f68a23bf82d16e85f2,0.0003027889545983754,0.0,0.0,0.0,0.0,0.0,0.0,0.0003027889545983754
0x694100343a5436520d0f877baf3575f50c3340e3,0.0,0.0,0.00030195958256222266,0.0,0.0,0.0,0.0,0.00030195958256222266
0xbb99386b1e8bc7a66776157238de2982b9c75abf,0.0,0.0,0.0,0.00030173002311211677,0.0,0.0,0.0,0.00030173002311211677
0x4c271af16d80aa4d2600459a44fb31683f0d9ae2,0.000301354603173785,0.0,0.0,0.0,0.0,0.0,0.0,0.000301354603173785
0x8724a8a6d548497532b6445c99f780ceb551a013,0.0,0.0,0.0,0.0003004587553787743,0.0,0.0,0.0,0.0003004587553787743
0xad6f32ca03a5ffd423d0bbd9bd9eda3be91ca4c1,0.0002992609262334869,0.0,0.0,0.0,0.0,0.0,0.0,0.0002992609262334869
0x3a7f8acd1de5cf0e5386259bbee774bebc89d1ed,0.0,0.0,0.0,0.00029882347181370115,0.0,0.0,0.0,0.00029882347181370115
0xf7a9aea0cda740f246f356c998c03526232d5426,0.0,0.00029648669255458296,0.0,0.0,0.0,0.0,0.0,0.00029648669255458296
0x06a55f234a62437c5f7b3899b3cbe163b9ccceeb,0.0,0.0,0.0,0.0002957258683230885,0.0,0.0,0.0,0.0002957258683230885
0x2d06dd61974785385a914d0423adf90493ceba2e,0.0002952619830401004,0.0,0.0,0.0,0.0,0.0,0.0,0.0002952619830401004
0xebda78dd8ceedcaff6b4e179b8afe0d5a65fcbcd,0.0002941738573486441,0.0,0.0,0.0,0.0,0.0,0.0,0.0002941738573486441
0x6814a814e5675cede4ac74fac2810131898cc573,0.00029408564047818766,0.0,0.0,0.0,0.0,0.0,0.0,0.00029408564047818766
0x3da641ca5119d6e4c62946db26eb8761d4d1a51c,0.00029389754082070196,0.0,0.0,0.0,0.0,0.0,0.0,0.00029389754082070196
0x113204be8150654057fc08da084915fff513fab3,0.0,0.0,0.0002930033312297027,0.0,0.0,0.0,0.0,0.0002930033312297027
0x974a52f4a388e93349b09e1c43a9b5098c179184,0.0002705182094795227,0.0,0.0,2.1369567437820725e-05,0.0,0.0,0.0,0.0002918877769173434
0xce10c23561dce134ae20b32f8166a131c741f463,0.000291878808305442,0.0,0.0,0.0,0.0,0.0,0.0,0.000291878808305442
0xd275a1ce9a1cd1a534e26d33d13e06b5977ae4fa,0.00029147991856046877,0.0,0.0,0.0,0.0,0.0,0.0,0.00029147991856046877
0xe18ca00dcab461f9da49bdd2f20fc7f3537f071a,0.0,0.00029069614443874494,0.0,0.0,0.0,0.0,0.0,0.00029069614443874494
0x55d455497369879195af6b322b9166cc93ba57bd,0.00028994854578414287,0.0,0.0,0.0,0.0,0.0,0.0,0.00028994854578414287
0x860918553d2935748ea01f88306f3b615f6572fd,0.0,0.0,0.0002883780918759368,0.0,0.0,0.0,0.0,0.0002883780918759368
0x8538cc4726e94c810145af8c929b072b28e29934,0.0,0.0,0.0002879544073003801,0.0,0.0,0.0,0.0,0.0002879544073003801
0xf2aacdafd99385719937b874f24f12e551c25a9f,0.00028769073744824034,0.0,0.0,0.0,0.0,0.0,0.0,0.00028769073744824034
0xa38720671d9158026eaa2cc448891177365626fb,0.0,0.0,0.0002873916033348499,0.0,0.0,0.0,0.0,0.0002873916033348499
0x6fac29cbcf1747a7a5606c9d638fd8b5edefaad0,0.0,0.0,0.00028666633876756856,0.0,0.0,0.0,0.0,0.00028666633876756856
0x6cd75eb89183c09ee3e20c30eed846488fd84a2a,0.0002834519843240772,0.0,0.0,2.2270245237241244e-06,0.0,0.0,0.0,0.00028567900884780134
0x53d3b4a7c9117c3ec4f536339e2b146363f9cfb9,0.0,0.0002856197982976136,0.0,0.0,0.0,0.0,0.0,0.0002856197982976136
0x9ebbecee61a48fe5976c73fff9cd74af85513159,0.00027039588220344445,0.0,0.0,1.4790924083319082e-05,0.0,0.0,0.0,0.00028518680628676353
0x0e39591e7215753bf2b5fd226d244893bd71eb09,0.0,0.0,0.00028239639991121696,0.0,0.0,0.0,0.0,0.00028239639991121696
0x5a043a817e7ed50b8b0c2e581e4339480f619c83,0.0,0.00028218349788214304,0.0,0.0,0.0,0.0,0.0,0.00028218349788214304
0x96fbc05a97a5404294f000dec40aa7ea9e3ac588,0.0,0.0,0.0,0.0,0.0002814347275876203,0.0,0.0,0.0002814347275876203
0xd8148089d92e5579d5ad38cf194f449893ba28c9,0.0002812321496904188,0.0,0.0,0.0,0.0,0.0,0.0,0.0002812321496904188
0xb78880f1077487ff793334de5bfec2b99b9177d2,0.0,0.0,0.0,0.00028085622959313173,0.0,0.0,0.0,0.00028085622959313173
0xe7236a154c4ba52db1475c56313dc4b796e22afb,0.0,0.0,0.0,0.0002805779538182649,0.0,0.0,0.0,0.0002805779538182649
0xef3306fb708acb988fd32eaf66b546fe5574dc72,0.0,0.00028037343474707855,0.0,0.0,0.0,0.0,0.0,0.00028037343474707855
0x108068bf15112193f2f2040285058408586f0695,0.0,0.0002787056916055596,0.0,0.0,0.0,0.0,0.0,0.0002787056916055596
0x71a39bf84e4349062a373027b5c9d22d9ede0993,0.0,0.00027865959502264043,0.0,0.0,0.0,0.0,0.0,0.00027865959502264043
0x11c528e042463b2cfeae71df571315bc1b026a6c,0.0,0.0002785742889802866,0.0,0.0,0.0,0.0,0.0,0.0002785742889802866
0x8814856e5b0f4d48186b13d127310d48cdda85fe,0.0,0.0002782223431003017,0.0,0.0,0.0,0.0,0.0,0.0002782223431003017
0x33e5d2def3c02a6fcbc83ff42719b22694f2b1fb,0.0,0.0002782108225506982,0.0,0.0,0.0,0.0,0.0,0.0002782108225506982
0xed65ab156817f5517d8530297be8c886049e9e3a,0.0,0.0,0.0002781355940344979,0.0,0.0,0.0,0.0,0.0002781355940344979
0x858084c9138c04e7251b5796a3428496402b1c06,0.0,0.0002781173202013204,0.0,0.0,0.0,0.0,0.0,0.0002781173202013204
0xbcde0d2ade03eb5256bafc32a46b719061c19878,0.0,0.0002775007529990099,0.0,0.0,0.0,0.0,0.0,0.0002775007529990099
0x1558d205b041a9f4c2c7fb91f0bf5f6d46b8e0ff,0.0,0.0002773019006514549,0.0,0.0,0.0,0.0,0.0,0.0002773019006514549
0x7f9fe10dd3739f0ee70e15dea18627c9217f5e3e,0.0,0.0,0.0,0.0002771132271931551,0.0,0.0,0.0,0.0002771132271931551
0x1f4a0c3d47f5e945990e89506298025db2f510cf,0.0,0.0,0.0,0.0,0.0002753459730570885,0.0,0.0,0.0002753459730570885
0x017278f2be8fa644cc73e103bd5ef6011c2de3fa,0.0,0.0002751978613113926,0.0,0.0,0.0,0.0,0.0,0.0002751978613113926
0x04d4ffc796a9b9244ccd00459fe2785880dcf399,0.0,0.0002636384094132911,0.0,3.6246457299643883e-06,2.0578837992139415e-06,5.199572871109784e-06,0.0,0.0002745205118135792
0x7a42580331f389f78cc3361e034735bbb38c7324,0.00027395302742873817,0.0,0.0,0.0,0.0,0.0,0.0,0.00027395302742873817
0x71c8efc7afb8752e089e8e1b9d276ab498e192a8,0.0,0.00027346670962845126,0.0,0.0,0.0,0.0,0.0,0.00027346670962845126
0x9c4531aa2e991181b486e874b7e04f3122aa4edf,0.0,0.0,0.0,0.00027280303695344227,0.0,0.0,0.0,0.00027280303695344227
0xa7172b2a0e4cb9491873dbf27e39d5ebc51d3ccc,0.0,0.0,0.0,0.0002726901107157206,0.0,0.0,0.0,0.0002726901107157206
0xae043e676b97de98dacc13031b0029b7f4357a86,0.0,0.0,0.0,0.0002720886548998478,0.0,0.0,0.0,0.0002720886548998478
0xdedc2ab0d882904763950ae21f5964acc70d6bcf,0.0,0.00027185958117087553,0.0,0.0,0.0,0.0,0.0,0.00027185958117087553
0x92e64506cccb34a8f422f8ea6e7ece29f36d592f,0.00024446907294445455,0.0,2.6997042875485445e-05,0.0,0.0,0.0,0.0,0.00027146611581994
0xad9ca6584b69a32b6e290138497dce1871068104,0.0,0.0002714106202830815,0.0,0.0,0.0,0.0,0.0,0.0002714106202830815
0xe4b47a48e6b1a730ca8799027a47c45b352ae1c9,0.0,0.0,0.0,0.0,0.0,0.00027117594936406557,0.0,0.00027117594936406557
0xf96c5b7b6c780e7c34bf58e62a0eff6178d32712,0.0,0.0,0.0,0.0002710317183157836,0.0,0.0,0.0,0.0002710317183157836
0xb7fd481af5f64fa1dcde93ee16509d1ad5fc88cd,0.0,0.0,0.000270980755327677,0.0,0.0,0.0,0.0,0.000270980755327677
0xe4676ed442744dd54a709bf4ab80169b342290b8,0.0002222411633163722,0.0,0.0,4.8264640631888484e-05,0.0,0.0,0.0,0.0002705058039482607
0x670a74cc47f1a75d79adc2bec285452a0d648b05,8.755129075358516e-05,0.0001559679825852928,1.9166674236561353e-09,1.349403904898553e-11,3.558699191037408e-12,2.9859432380955727e-11,2.681492132583993e-05,0.00027033615824431217
0x30ca5c3759b986bb8d324ed2983023710503c99a,0.0,0.0,0.00027010405356438005,0.0,0.0,0.0,0.0,0.00027010405356438005
0xf0d3a7dfa7944a68e7f4f19d25402d1e6ab4f269,0.0,0.00016429947003429934,0.0,0.00010551797079191302,0.0,0.0,0.0,0.00026981744082621233
0x17fae3030067f017f096c1b83ba15000cb594bfb,0.0,0.0002697615172077216,0.0,0.0,0.0,0.0,0.0,0.0002697615172077216
0xda8d6440674e0ef8daecaa1b79b19efd69907b8e,0.0,0.0002693646984369989,0.0,0.0,0.0,0.0,0.0,0.0002693646984369989
0xfed81bbded4c88842ffefe5273678fa7a83195b0,0.0,0.0,0.0002681541923802641,0.0,0.0,0.0,0.0,0.0002681541923802641
0x21f2388ce55b94ec3e65383a6558d20b70f31c7f,0.0,0.0002680383034591125,0.0,0.0,0.0,0.0,0.0,0.0002680383034591125
0x12772b357923a4de61fd63de8b9430217f4e56f4,0.00026673714167468155,0.0,0.0,0.0,0.0,0.0,0.0,0.00026673714167468155
0x12e5ba5527e1c740ec6b914aed6bf78610508144,0.0,0.0,0.0002643890834489248,0.0,0.0,0.0,0.0,0.0002643890834489248
0x17367f4f6fb3d52675e785a0df3362b86b3e26e7,0.0,0.0,0.0002643333550071509,0.0,0.0,0.0,0.0,0.0002643333550071509
0x87c14c68f7243028078c1c0cc3675d83ae70ae38,0.00026410324333142404,0.0,0.0,0.0,0.0,0.0,0.0,0.00026410324333142404
0xb221d178c30fa0b8a0202db74d4019a9a39f1cf4,0.0,0.0,0.0002627328413514338,0.0,0.0,0.0,0.0,0.0002627328413514338
0x1aa6ba9c71fd53004dc769904ad8c5095c03a039,0.0,0.0,0.0,0.00026165880130484394,0.0,0.0,0.0,0.00026165880130484394
0x2fd749f49b91ec8ee8c3bea42269cbc77f9af994,2.882927326515501e-05,0.0002318425201520392,0.0,0.0,0.0,0.0,0.0,0.0002606717934171942
0x14dfdc0784b8670239e317aa3f10d869349ef258,0.0,0.0,0.0,0.00026048634670490354,0.0,0.0,0.0,0.00026048634670490354
0xfd1243a87ab79a35577a60ead969e317ec65c2c5,0.0,0.0,0.0,0.0,0.00026001623044773106,0.0,0.0,0.00026001623044773106
0x86cab28464b654a12b5ad1b49894cfaa13b6bdc0,0.00025996112639225524,0.0,0.0,0.0,0.0,0.0,0.0,0.00025996112639225524
0x21cb705c08723c190ad53940d468c04401b7c4ed,0.0,0.0002592654146779329,1.9810570920181183e-09,3.8998894330002494e-13,7.038553320423862e-12,1.0216318438653428e-11,0.0,0.00025926741337988564
0xfa0f2c8009f1e4704bb56c9a3b48af898ac048dd,0.0,0.0,0.0,0.0002590849514794447,0.0,0.0,0.0,0.0002590849514794447
0x809d6bac2aebc700c28b30b6021101e2cf19987b,0.0,0.0,0.0,0.00025883716772649,0.0,0.0,0.0,0.00025883716772649
0x9b8eb0e338549f62ed90530ad837d31a253f95ee,0.000258758414866842,0.0,0.0,0.0,0.0,0.0,0.0,0.000258758414866842
0x0e35ea22ed946333d64fb6156466ba67d58950c4,0.0002570608207686414,0.0,0.0,0.0,0.0,0.0,0.0,0.0002570608207686414
0x27e5c561664caea262eb995d93dfaaffb57a3cdc,0.00025495886519856514,0.0,0.0,0.0,0.0,0.0,0.0,0.00025495886519856514
0x5e163d6b84777176c7512921d9146a8a751e762e,2.2521955400180935e-05,0.0,0.0002322571688082151,0.0,0.0,0.0,0.0,0.00025477912420839607
0x9f4dff2c118728ace31117c8016458f954fdd5dd,0.0002537781300656664,0.0,0.0,0.0,0.0,0.0,0.0,0.0002537781300656664
0x0ca9ef7f67e6ca559075164534f0a331640d7821,0.0,0.0,0.0,0.0,0.00025271603330026245,0.0,0.0,0.00025271603330026245
0x26085cf5717d16aaab3a2d8c123b9a49e4194b80,0.0,0.0,0.0002514654291626347,0.0,0.0,0.0,0.0,0.0002514654291626347
0xfcdb212e7e7588d2dd2cc44c30f6c79fb507db4b,0.0,0.00025072224026162336,0.0,0.0,0.0,0.0,0.0,0.00025072224026162336
0x3cf92dbea5b0cf35fa99df213c38063bb42df5f4,0.0,0.0002504026323639563,0.0,0.0,0.0,0.0,0.0,0.0002504026323639563
0x44a3d3d68b44ea5d8ff68e47590c0c55721fff98,0.0,0.0,0.0,0.0002497301615407108,0.0,0.0,0.0,0.0002497301615407108
0x0496f6b6a376d1aa3e1db8e6fcb333f3246bcb54,0.0002493247768005855,0.0,0.0,0.0,0.0,0.0,0.0,0.0002493247768005855
0x1b402896a2d70951b3081132c67514ec84221d0b,0.0,0.0,0.00024906399816463243,0.0,0.0,0.0,0.0,0.00024906399816463243
0x00350949717bb9ab5e6fdcf7207dd7b7a43f6a59,0.0,0.0,0.0,0.0,0.0,0.0,0.000248888080712001,0.000248888080712001
0x025e545e693cfeb629bb5b7be72fea50fa772774,0.0,0.0,0.00024803630073134476,0.0,0.0,0.0,0.0,0.00024803630073134476
0xbc1ad346028e8574b46719a34d9b1fa0b48bd344,0.00024116708084835617,0.0,0.0,6.629076951470784e-06,0.0,0.0,0.0,0.00024779615779982697
0xe291897bcd4362d1a39dcb209ed4e252c1565602,0.0002473374507932889,0.0,0.0,0.0,0.0,0.0,0.0,0.0002473374507932889
0x38bd0aad5dc9437fdf01643076cd3605629ff043,0.0,0.0,0.0002465102009523029,2.1310902033505757e-07,0.0,0.0,0.0,0.00024672330997263796
0xd57550bc27ad7665eba63d752c568a047aaad269,0.0,0.000244737354045878,0.0,1.37888493808681e-10,0.0,0.0,0.0,0.0002447374919343718
0xb2fad2d0c2f4acc0fccba1a6a029b1cb8bbc7975,2.7187995097118895e-05,0.0,0.0,0.00021749108002931512,0.0,0.0,0.0,0.000244679075126434
0x527c6a63840bad5a1c18d61685c2a7a62735ee9f,0.0,0.0,0.00024456183742927145,0.0,0.0,0.0,0.0,0.00024456183742927145
0xbbf78145fc7d6d87f3befa5e0681422886f5f6b7,0.0,0.00024418980068629755,0.0,0.0,0.0,0.0,0.0,0.00024418980068629755
0x6fc44f32e76742cece76c4856cc1a10e81a21fdf,0.00024371632703903165,0.0,0.0,0.0,0.0,0.0,0.0,0.00024371632703903165
0x8ff28a1ae03eb331ded42ca705fe1e6943974a6c,0.00024357125351578512,0.0,0.0,0.0,0.0,0.0,0.0,0.00024357125351578512
0x24db1735514d151a2686918eb9098ef5ac28d35e,0.0002328466998134341,0.0,0.0,1.069718079254687e-05,0.0,0.0,0.0,0.00024354388060598097
0xcac2edcd082628ba3ba31b3b74537792550319e6,0.0,0.0,0.00024336327885802564,0.0,0.0,0.0,0.0,0.00024336327885802564
0x9bf43bfd38f96f459e261f5531291ce9d3913588,0.0,0.0,0.0002423662532389927,0.0,0.0,0.0,0.0,0.0002423662532389927
0xa75776d5f8d50f01ed48ab1b714050490ef3ce82,0.0,0.00024138042992349342,0.0,0.0,0.0,0.0,0.0,0.00024138042992349342
0xe3f6873d6f342b8fcc17a1aa23ae9223eff97073,2.3526851238255012e-05,0.0,0.00021761206182158523,0.0,0.0,0.0,0.0,0.00024113891305984025
0xf6905069e0a7654edf7c5b7707adb28d9162c662,0.0,0.0,0.00023855265158075366,0.0,0.0,0.0,0.0,0.00023855265158075366
0xb25821cbcc583a1b623fb0f26260a3ae8edcad72,0.0,0.0,0.0,0.00023761930242693284,0.0,0.0,0.0,0.00023761930242693284
0xf7679e113366bf8c82396382eecfb8cb45cf084c,0.00023665829048714012,0.0,0.0,0.0,0.0,0.0,0.0,0.00023665829048714012
0xab37367d8cea4454abab78957e8b6bf9e0675eb5,0.0002352446938275269,0.0,0.0,6.847538327532275e-07,0.0,0.0,0.0,0.00023592944766028014
0x654c13f97b2e7a760084cff3f9a0fd456dde8301,0.00023591532212303387,0.0,0.0,0.0,0.0,0.0,0.0,0.00023591532212303387
0x7f695e8177939bebd28467e9d1050a6abe46c8a0,0.0,0.0,0.00023587445301975649,0.0,0.0,0.0,0.0,0.00023587445301975649
0xddcbfa590ddcd7a4ee2885a94f7eabfb529cef0b,0.00023545670837285708,0.0,0.0,0.0,0.0,0.0,0.0,0.00023545670837285708
0xd65cdd98e6a1cffeba84cb45a6dd034daae09565,0.0002354331838740687,0.0,0.0,0.0,0.0,0.0,0.0,0.0002354331838740687
0x370deb95897d15066dea5538823a7d65e190e648,0.00023539791900367008,0.0,0.0,0.0,0.0,0.0,0.0,0.00023539791900367008
0x17fcf4d997034114f226a74020082d232e5cce7d,0.00023533908587891522,0.0,0.0,0.0,0.0,0.0,0.0,0.00023533908587891522
0xee7026c2f8878f5401bfc937e87b489707512aa6,0.00023526851238255014,0.0,0.0,0.0,0.0,0.0,0.0,0.00023526851238255014
0xd9713beba9a66b528d4ebbdd87caf61784dfe693,0.00023521249572843624,0.0,4.297126472715563e-08,0.0,0.0,0.0,0.0,0.0002352554669931634
0x184524ec9d628e510dd7e29968e00646fd045f1d,0.00023524144027172199,0.0,0.0,0.0,0.0,0.0,0.0,0.00023524144027172199
0xdea1f188c9b2b49527adebe9002f35955b2e8c1f,0.00023522852073460992,0.0,0.0,0.0,0.0,0.0,0.0,0.00023522852073460992
0xd6aaee58185f79382e5c57fe40c034b58b46f585,0.00023517434851879997,0.0,0.0,0.0,0.0,0.0,0.0,0.00023517434851879997
0xf8adcc080d161dd95f80a9304a877d82e31dd9db,0.00023516258156450608,0.0,0.0,0.0,0.0,0.0,0.0,0.00023516258156450608
0x7618c7b31de33f0325be7de539330804e3bd2c40,0.00023515088424272854,0.0,0.0,0.0,0.0,0.0,0.0,0.00023515088424272854
0xa548a1d954589eb18ff7d851cc7f869cdc010ab0,0.00023477441579368457,0.0,0.0,0.0,0.0,0.0,0.0,0.00023477441579368457
0x98bfb98044525ad696320015cffb6ebeacdd6fef,0.0,0.0,0.00023380473033279836,0.0,0.0,0.0,0.0,0.00023380473033279836
0x8e198bfc3a5e814e1e6864fe38a3ec0872d5738f,1.176224939418809e-13,0.0,0.00018037515576216,5.325360049337437e-05,0.0,0.0,0.0,0.00023362875637315686
0x5c0a0b176c713cdbd375f376f3cf1ee3a9bb8812,0.0,0.0,0.0002331868851963789,0.0,0.0,0.0,0.0,0.0002331868851963789
0xb86d13e7a83bd2557706cf1f6f0e6c0f9587966d,0.0,0.00023316685523823433,0.0,0.0,0.0,0.0,0.0,0.00023316685523823433
0xe7a91972902c76446f13e6d3b84462016353c28d,0.0,0.0,0.0,0.0002325649699079303,0.0,0.0,0.0,0.0002325649699079303
0xc2d7c8f890f01211c5de4382bfd2985333ad5a7d,0.0,0.00023225856038365254,0.0,0.0,0.0,0.0,0.0,0.00023225856038365254
0xff12f6e35b3a3d91803132f99c85c3d8af6fe3b8,0.00023209658765491436,0.0,0.0,0.0,0.0,0.0,0.0,0.00023209658765491436
0x7ef8594f64169e6c806c1bae631dfe23360be1ee,0.0,0.00023192117032039264,1.149064044599227e-07,9.740056503105867e-13,3.944676095064072e-10,0.0,0.0,0.00023203647216646773
0x6ed28344ab154c9a384778af0ebb495dd546ef67,0.0,0.00023166130649551254,0.0,0.0,0.0,0.0,0.0,0.00023166130649551254
0x5698c88981d6dfe3617654dbde1b0b6bd52925f7,0.0,0.00023108454806645268,0.0,0.0,0.0,0.0,0.0,0.00023108454806645268
0x59c62582c9f6f4c8e974ec9e686544a474b15995,0.0,0.00023108307559847888,0.0,0.0,0.0,0.0,0.0,0.00023108307559847888
0x1268ea53effe73d9c2daff7a7d41063075a09edf,0.0,0.0002310825950360477,0.0,0.0,0.0,0.0,0.0,0.0002310825950360477
0x707a0838035338f83b181c642409376ae8e96c00,0.0,0.00023093522539687067,0.0,0.0,0.0,0.0,0.0,0.00023093522539687067
0xaf0e95d8c807f830c2f2b761634210a86bbf17be,0.0,0.0,0.0,0.00023089702455367502,0.0,0.0,0.0,0.00023089702455367502
0x29c5223a79388047460fb03b2d6e6ddb9c23fee0,0.0,0.0,0.0,0.00022944167720320173,0.0,0.0,0.0,0.00022944167720320173
0xfab392a2af6c0e4407b23db2fab4e8fd31d56c96,0.0,0.00022939989004575965,0.0,0.0,0.0,0.0,0.0,0.00022939989004575965
0x243ae5f06cc9342a82ca1586a89a78024e5299a8,0.0,0.0,0.0002283834595766459,0.0,0.0,0.0,0.0,0.0002283834595766459
0x4e604c5a7ebc6ccb5d0bd07dd5590c042e23ed7c,0.0,0.0,0.0,0.0,0.0002253836474324497,0.0,0.0,0.0002253836474324497
0xbadbac44d9354bb7108bac80f7d903f576128eb2,0.0,0.0,0.0,0.0,0.000224623857549142,0.0,0.0,0.000224623857549142
0x2dd567ef623ac6c7cd48d07056669bd9f97918d3,0.0,0.0,0.0002230816164054733,8.707543508621504e-09,0.0,0.0,0.0,0.0002230903239489819
0xd6493b7ec96cdde067f449053d61278a2cd11950,0.0,0.00022296719567875485,0.0,0.0,0.0,0.0,0.0,0.00022296719567875485
0x0e8f1a5ea9ef10c76568845e67f9733041e11424,0.00022228162848845454,0.0,2.931471977658785e-09,8.952573461775054e-10,0.0,0.0,0.0,0.00022228545521777837
0xe48fe6012f97b6a13c0ce5cef314caf66e972deb,0.0,0.0,0.0002221238156506578,0.0,0.0,0.0,0.0,0.0002221238156506578
0x745fcda12ad112f8fb50b206362c198f2aca62de,0.00021954639257611538,0.0,0.0,0.0,0.0,0.0,0.0,0.00021954639257611538
0xfc05c068187e230802114cc082765354c349c0b6,0.0,0.00021884387583962314,0.0,0.0,0.0,0.0,0.0,0.00021884387583962314
0x526be41fc4991899dab6b41368b79686a85c0bec,0.0002171480245239763,0.0,0.0,0.0,0.0,0.0,0.0,0.0002171480245239763
0x035b014d08c86cb2e33842f7dbc7eb9d8351c123,7.730923328648849e-05,0.00013578340208377323,0.0,1.3132049090961658e-07,0.0,3.5641544813682286e-06,0.0,0.00021678811034253956
0xd2b3290ef2b12b6565b5fe740604a77f21cd8361,0.00011266700181331236,0.0,9.728970971020737e-05,5.176700183467818e-06,0.0,0.0,0.0,0.00021513341170698754
0xd78601bd51a8aae99123de9f461d6d52f85670ad,0.0,0.0,0.00021497029691405198,0.0,0.0,0.0,0.0,0.00021497029691405198
0xe76e1036289c5153d10d133f6d2cbb72064f259e,4.50559551080378e-05,0.0001688725372015863,0.0,0.0,0.0,0.0,0.0,0.0002139284923096241
0xe5a61a28beedd0dd4311c4be6e4303cedd2e51c2,0.0,0.0,0.0002138857938658584,0.0,0.0,0.0,0.0,0.0002138857938658584
0x3bb0330de98054e2e708ab8d96507967f88727fd,0.0,0.00021367584551017132,0.0,0.0,0.0,0.0,0.0,0.00021367584551017132
0xa6bf8c7f3fda72ec11f907a432341be8e86c4559,0.0,0.0,0.0,0.00021354538637888607,0.0,0.0,0.0,0.00021354538637888607
0xd9494f6a7e7b4a4ea28dec1fd8842b7fc7e0ee36,0.0,0.0,0.0002129526333926298,0.0,0.0,0.0,0.0,0.0002129526333926298
0x8ba4e17e4c6c8a34c20b47b14027b70448e62715,0.0,0.0,0.0,0.0002124461662029894,0.0,0.0,0.0,0.0002124461662029894
0x6e7803f9548c41ce5cd06d180c2df2e4731e6b2a,0.0,0.0,0.00021004316418548832,0.0,0.0,2.0580326603461484e-06,0.0,0.00021210119684583447
0xfe1530d2ef4fe62b95e6949ef3f88104cbe031cc,4.8159027868951895e-05,0.00016289458018491285,0.0,6.493808200706805e-15,0.0,0.0,0.0,0.00021105360806035855
0x727f5f635bf0cbc5765b10a97e73f89aad92cbfd,0.0,0.0,0.00021052279305684628,0.0,0.0,0.0,0.0,0.00021052279305684628
0x8ebd16355d5fdb9badab159e4c807a0f8a41b98d,0.0,0.00018536196849245555,2.4892132189662467e-05,0.0,0.0,0.0,0.0,0.00021025410068211802
0xf382743f7e246f93144ef7df5c40de408bfa9268,0.00020926367066046722,0.0,0.0,0.0,0.0,0.0,0.0,0.00020926367066046722
0x4125aa7beb9ccd553d970c11ec732ccdf785df6c,5.292959297262365e-05,0.00012879473865403824,6.778673367276994e-06,2.010354280988022e-05,5.676675858160283e-07,0.0,0.0,0.00020917421538963512
0xac87649f6ebecee9653a77020656999b2c989a38,2.3524498788376184e-13,0.0,0.0,0.00020880924801629504,0.0,0.0,0.0,0.00020880924825154002
0x8df21a7c83db6ccd37f2ba6f478106fabbf79401,2.4115022636833883e-05,0.00018422907267424377,0.0,0.0,0.0,0.0,0.0,0.00020834409531107764
0x1c9f4c3f8672402f7e8ad371284970f46e87e9c6,0.0,0.0,0.0,0.0002080046189117566,0.0,0.0,0.0,0.0002080046189117566
0xb9906f9b73063100df95ff0b3316328892333574,0.0,0.0,1.4478113550929785e-05,0.00019337787132743146,0.0,0.0,0.0,0.00020785598487836125
0x688a25df1038e2c2d4d05213be90340f3ead6dd3,0.00020676287764471887,0.0,0.0,0.0,0.0,0.0,0.0,0.00020676287764471887
0xd4e0df5c1a87a455269ca82bfc09412661a1fbeb,0.00020628063929901372,0.0,0.0,0.0,0.0,0.0,0.0,0.00020628063929901372
0x00b30bef19b9b8c587fb92f1b7f93e4a30e65c71,0.0002054868454319107,0.0,0.0,0.0,0.0,0.0,0.0,0.0002054868454319107
0x6eacd4ef40efb3663a42916149ee038b3308cdf5,0.0,0.0,0.00018448973768414055,3.076337157180929e-08,0.0,2.0375824778956802e-05,0.0,0.00020489632583466915
0x31fd9680937b26cd4ba89390b1f3d472768aedb4,0.0,0.0,0.00020483742235471726,0.0,0.0,0.0,0.0,0.00020483742235471726
0x79dbeda13a7cf4f4f9bf65694540103c4f56228f,0.0,0.00020418951620807435,0.0,0.0,0.0,0.0,0.0,0.00020418951620807435
0x84403dc6430447d33b788567b5cb673b2dd6dd8b,0.0,0.00020392584272832762,0.0,0.0,0.0,0.0,0.0,0.00020392584272832762
0xff203b7f88243ea993fecc5600fcce4402b42eb2,0.0,0.0,0.00020360914309555057,0.0,0.0,0.0,0.0,0.00020360914309555057
0xd8a7eb0609ee5b4899c2dd354fc99fdab3450891,0.0,0.0,0.00020332440084036611,0.0,0.0,0.0,0.0,0.00020332440084036611
0xdfa14989f2a3b3a292193641bfee0b8bc24439bd,0.00020329501540264437,0.0,0.0,0.0,0.0,0.0,0.0,0.00020329501540264437
0x68f2139a454d77a2aa5bf5a264513b12c663dfbe,0.0,0.0,0.0,0.000202788520751909,0.0,0.0,0.0,0.000202788520751909
0xf8edec9ec09eb55ba60ea36a3587a088b8bb3714,0.00018303387474245328,0.0,0.0,1.941711854337983e-05,0.0,0.0,0.0,0.0002024509932858331
0xec23c05236f686f868b02bb9a5f3497ace5bdbb3,0.0,0.0,0.00020190396315572897,0.0,0.0,0.0,0.0,0.00020190396315572897
0xddb5e44476a4bdf53d658fe944bdd31ab2086ce3,0.0,0.0,0.0,0.000201285026036859,0.0,0.0,0.0,0.000201285026036859
0xed16a3fa47875df66501071d6fc1d808c436d7e6,0.0,0.0,0.0,0.0,0.0,0.0,0.00020009660217705394,0.00020009660217705394
0x49e1fc720971be737a37e633c7f6518bd1df7dca,0.00020001923835719995,0.0,0.0,0.0,0.0,0.0,0.0,0.00020001923835719995
0x9a2fed1871a32636cb5f7b2c837998bd1f1b9cb9,0.0,8.992574145917387e-05,0.0,0.0,0.00011005764059591451,0.0,0.0,0.0001999833820550884
0xeed7eb78db0db7b3305131b5776ea43f9ee404ea,0.000199692351936357,0.0,0.0,0.0,0.0,0.0,0.0,0.000199692351936357
0x70196b6fe6f6217de6fe9dd5d7baa15202b51033,0.0,0.0001984991948685287,0.0,0.0,0.0,0.0,0.0,0.0001984991948685287
0x2aeaae57d7799e15ad1b1ca3ebafe9b9044a2e8f,0.0,0.0,0.00019846164543720068,0.0,0.0,0.0,0.0,0.00019846164543720068
0x9078818172feb00c252c6f36c19bcfe7f58cfa7e,0.0,0.0,0.0001219374545330949,7.635555317920361e-05,0.0,0.0,0.0,0.0001982930077122985
0x166764703ceba89009413b09643be5be8fc46567,0.0,0.0001978170451794794,0.0,0.0,0.0,0.0,0.0,0.0001978170451794794
0x62c5111e84c14d99ffbd9b4bc753f48e1276f7e2,0.0,0.00019629946766672876,0.0,0.0,0.0,0.0,0.0,0.00019629946766672876
0x97b0c6b9d429b1af92fe2b437c6d95c555885a2b,0.00019582016309473095,0.0,0.0,0.0,0.0,0.0,0.0,0.00019582016309473095
0xb179bcc75de838ef7049e077efb873a9211adae3,0.0,0.00019549437361004733,0.0,0.0,0.0,0.0,0.0,0.00019549437361004733
0x6448c0222efdcb4fe71b5a0dc0578da1d02bb5e8,0.0001943413540541817,0.0,1.2050984561245789e-08,0.0,0.0,0.0,0.0,0.00019435340503874294
0xc2ecbad563ed79af01b0fb8ff36e34543d134ee8,0.0,0.00016216021731480648,0.0,0.0,3.1798040361657026e-05,0.0,0.0,0.00019395825767646352
0x058e18a1f12a8e15209647d66eb42712576144ca,0.0001935256807472913,0.0,0.0,0.0,0.0,0.0,0.0,0.0001935256807472913
0x121d405edfc642958a34a878bae63263001e7bae,0.0,0.0,0.0,0.0,0.00019296678575103095,0.0,0.0,0.00019296678575103095
0xdb0c938f9483457c98781705a6f013dcad53e369,0.0,0.00019199884823082914,0.0,0.0,0.0,0.0,0.0,0.00019199884823082914
0x8e21018bc0a8fd2c6e01c960adb816068974e7e4,0.0,0.0,0.00019193569916977206,0.0,0.0,0.0,0.0,0.00019193569916977206
0x2495bab90848f28599e742b2469d6bdf3d95767d,0.0,0.0,0.0,0.0001918557493814098,0.0,0.0,0.0,0.0001918557493814098
0xebf8f5b4a93ecfdc7fcee3ec22fcc45c5c13b475,0.0,0.0,0.0,0.0,0.0,0.00019154381941554406,0.0,0.00019154381941554406
0x58f18d5e0be00122b4749ae9ed980cb31c85b449,0.0,0.00018938858757258507,0.0,0.0,0.0,0.0,0.0,0.00018938858757258507
0xf5306c2a4d3a4597b570d79d867c4e418dbaed98,0.0001882336295050708,0.0,0.0,6.426164222308514e-07,0.0,0.0,0.0,0.00018887624592730165
0x498138922346a20772acfd28f6db248379f0951c,0.0,0.00018868611260812202,0.0,0.0,0.0,8.163207670446072e-08,0.0,0.00018876774468482648
0xcf4b924864b101aafe0ed1b6ef36a30be7007844,0.0,0.00018572491757668644,0.0,0.0,2.7816271388555835e-06,0.0,0.0,0.00018850654471554203
0x596758cbbf0b118da13bcf95a69eed050ab97a0d,0.00018813947335735628,0.0,0.0,0.0,0.0,0.0,0.0,0.00018813947335735628
0x223a0f4604c3cdc2bfa2a6f6be970f1f073269a5,0.0,0.00018811122201476337,0.0,0.0,0.0,0.0,0.0,0.00018811122201476337
0x8d477872aa825b936a81767d027162afec34389a,0.00016316346563891422,0.0,2.487504681170988e-05,0.0,0.0,0.0,0.0,0.0001880385124506241
0xccf5a20c1286f40d373988f5d69cfc872564ae1d,0.0,0.0,0.0001877300000658536,0.0,0.0,0.0,0.0,0.0001877300000658536
0x8c181cd33d32d4d87675e8dbf2643d3e26b7ed90,0.0,0.0,0.00018723583748121,0.0,0.0,0.0,0.0,0.00018723583748121
0x36ef7f3f639098d950dec87622330c0feefb32a9,0.0,0.0,0.00018695853215014365,0.0,0.0,0.0,0.0,0.00018695853215014365
0x9fcca0b463cb541fd75c01b258d066dc22a0c728,0.0,0.0001867064258715123,0.0,0.0,0.0,0.0,0.0,0.0001867064258715123
0x3de503f6378d9345c976b64dc5793712782d5f73,0.0,0.0,0.00018622483548324134,0.0,0.0,0.0,0.0,0.00018622483548324134
0x5acca997d1b43be17145374f81f7b0eb13108e59,0.0,0.0,0.00018590857874020591,0.0,0.0,0.0,0.0,0.00018590857874020591
0x96c0e7db5028433d8e729499aaebacc32fe391d8,0.0,0.00018571684121162883,0.0,0.0,0.0,0.0,0.0,0.00018571684121162883
0x89986546430c01eec967c097ce1c1ca6dd4f29c4,0.0,0.0001854485616084491,0.0,0.0,0.0,0.0,0.0,0.0001854485616084491
0xebee20b43f98934a16ffbd252c7c38f3d80a9ebc,0.0,0.00018541542474240585,0.0,0.0,0.0,0.0,0.0,0.00018541542474240585
0x6fd1633ac1c37ac39961bc575f5eac6ab872d9c3,0.0001854073950443986,0.0,0.0,0.0,0.0,0.0,0.0,0.0001854073950443986
0x89e10ffc227eb6ab6185a88c7c142a4593d2a731,0.0,0.00018534506624080305,0.0,0.0,0.0,0.0,0.0,0.00018534506624080305
0xf9156ea26d21002abfe0dd2121776b69160e94f6,0.0,0.00018494994451855805,0.0,0.0,0.0,0.0,0.0,0.00018494994451855805
0xe615784eb53bc634a64e5cde34c816cd64963301,0.0,9.042319445567321e-05,9.397182943732153e-05,0.0,0.0,0.0,0.0,0.00018439502389299475
0x913f8fc6cb7c3a2e8d9d824ac2969c1c724f7c8a,0.0,0.0,0.0,0.0001841403798874875,0.0,0.0,0.0,0.0001841403798874875
0x04f1586ac19b5da101f8a64f5e8d081ed592ce8d,0.0,0.0,0.00018367667491006292,0.0,0.0,0.0,0.0,0.00018367667491006292
0x85b9d7c70335ec9c2a3d96e8c0251e857ac2896c,0.0,0.00018351660490168305,0.0,0.0,0.0,0.0,0.0,0.00018351660490168305
0x7bed9699fe6ad0a39d387cb0df2115d97c1fe259,0.0,0.0,0.00018205275870289425,0.0,0.0,0.0,0.0,0.00018205275870289425
0x51546d4fe66e33778eefb45505a8d59f0ecad4e7,0.0,0.0,0.0,0.0,0.00018164926902661203,0.0,0.0,0.00018164926902661203
0xa9679eca859205941c60a90a04ff9f5052b88117,0.0,0.0,0.0,0.00018127423312600213,0.0,0.0,0.0,0.00018127423312600213
0x7257c4d0525d8071066952080ba86dcdcc5e9e4f,0.0,0.00018094525700750947,0.0,0.0,0.0,0.0,0.0,0.00018094525700750947
0x1e27b95de458cebc610e274d52adebf4fd05a90c,0.0,0.0,0.0,0.00018040555178940287,0.0,0.0,0.0,0.00018040555178940287
0x764f4149a1e76db33d7bf9c78375eade70342940,0.0,0.0,0.0,0.0,0.0,0.0,0.00018013894300430766,0.00018013894300430766
0x8476f6b1d80cd5b3cbb07b52cb589dd346b590b8,0.00017970757977584797,0.0,0.0,0.0,0.0,0.0,0.0,0.00017970757977584797
0x2f7a6a657832a868d5948c6e57833a834e044476,0.00017804004720838515,0.0,0.0,0.0,0.0,0.0,0.0,0.00017804004720838515
0x57f41b6f70248f8c56b6c2efb30ab3835ba6823d,0.0,0.00017801132918228871,0.0,9.289134623711707e-14,0.0,0.0,0.0,0.00017801132927518007
0x9354995c723c3732a81b837453b024d626d83635,0.0,0.0,0.00017794997929394227,0.0,0.0,0.0,0.0,0.00017794997929394227
0xa241fd7817587be5974ca4f3784ca5035125430b,0.0,0.00017752241965739764,0.0,0.0,0.0,0.0,0.0,0.00017752241965739764
0x06894e35fe3e413ee0cbe6052e424370b7b5625b,0.0,0.0,0.0,0.00017722264429040027,0.0,0.0,0.0,0.00017722264429040027
0xa01d7f15e2533f6e39733868f8c3fe669ddf09d9,4.823969020054261e-05,0.0,0.00011986930947311766,8.94113602413551e-06,0.0,0.0,0.0,0.00017705013569779577
0x3de583500313d02de149b1ccd2ac84c0736c47cc,0.0,0.0,0.0,0.00017701909830635887,0.0,0.0,0.0,0.00017701909830635887
0x6322c56593b16a77385f8436b33d3c7cb9c61dc7,0.0001765925312796428,0.0,0.0,0.0,0.0,0.0,0.0,0.0001765925312796428
0xe230015cbd7796cba93a12a93f46b1383bc81c7c,0.00017643197657541218,0.0,0.0,0.0,0.0,0.0,0.0,0.00017643197657541218
0x2ed5de2447b2e97d3c26e1a10637d2fd4a05b0e7,0.0001764243301722413,0.0,0.0,0.0,0.0,0.0,0.0,0.0001764243301722413
0xc2354c0960cac03c2b16f176d720b331c86bf557,0.00017631364481783182,0.0,0.0,0.0,0.0,0.0,0.0,0.00017631364481783182
0xdd9b9b27ee19d1dfa0b7b3d326381863d9817a14,0.0,0.0,0.0,0.0,0.0001759119674604863,0.0,0.0,0.0001759119674604863
0x2b4431c1759d75c105d0c746072611db120e75d4,0.00017490755062783282,0.0,0.0,0.0,0.0,0.0,0.0,0.00017490755062783282
0xee8d58284dcddfafbcfe9cf60304c1b3cef93591,0.0,0.0,0.0,0.0,0.00017478890303291453,0.0,0.0,0.00017478890303291453
0x163cae69674a864fa2ef811a8075b67e6a7969fd,0.0,0.0,0.0,0.0,0.0,0.0,0.00017421693208674214,0.00017421693208674214
0x39d4619cf2abe1fef5c6ce440fad021accb05d93,1.176224939418809e-13,0.0,0.0,0.00017356988712824135,0.0,0.0,0.0,0.00017356988724586385
0x40a53582393aa3455532d6b174e8ed174c1cb3ba,0.0,0.0,3.61427937138801e-08,0.0001732893406943781,0.0,0.0,0.0,0.00017332548348809198
0xfa0be2a9464e3e7df3b5658227bd05e0913be2fb,0.0,0.0,0.0,0.0001726998815087984,0.0,0.0,0.0,0.0001726998815087984
0x4fc37c66f7c2a963213af0165580dc04fb2757cf,0.0,0.0,0.0,0.0001715228135141246,0.0,0.0,0.0,0.0001715228135141246
0xd53e57d18524b451fabc9ea075f75edb45014a4a,0.0,0.0,0.0001709876898572023,0.0,0.0,0.0,0.0,0.0001709876898572023
0xdb4e0e79ad6b6d9454226c301bb471455fd0ad3c,0.00017085199475079977,0.0,0.0,0.0,0.0,0.0,0.0,0.00017085199475079977
0x318c477bcc1a8226f0e08d77cd960aea35f09080,0.0,0.0,0.0,0.0,0.0,0.00017042513781867803,0.0,0.00017042513781867803
0xf18e98e887b9e84319fd513b0f3d63399b9b2666,0.00010372235999993685,0.0,6.661100949911604e-05,0.0,0.0,0.0,0.0,0.00017033336949905288
0xb64225da3afbbd312a68635cf225d5637b7c69f0,0.0,0.0,0.0,0.00017026351339322236,0.0,0.0,0.0,0.00017026351339322236
0x8cdc150c6101dbf6377358c8796c441a3fba640d,0.0,0.0,0.00016976447781894864,0.0,0.0,0.0,0.0,0.00016976447781894864
0x1807cfb43abb681ae6a3e9568ec5dd77f210d78e,0.00016695468947468977,0.0,0.0,0.0,0.0,0.0,0.0,0.00016695468947468977
0x59f0b6f4833b65b6da14fc23dd4267ec3973f095,0.0,0.00016690842103684204,0.0,0.0,0.0,0.0,0.0,0.00016690842103684204
0x4904f499d867716e8603e5917976c0fd10c7ac55,0.0,0.0,0.00016659228071099066,0.0,0.0,0.0,0.0,0.00016659228071099066
0x5f4ec8938b201f8617fae76cbc9833f86c09ff45,0.0001663457315088719,0.0,0.0,0.0,0.0,0.0,0.0,0.0001663457315088719
0xf9e0e7fafa20a2a4d5718ba1b402decf679500e3,0.0,0.0,0.0,0.00016632088038961466,0.0,0.0,0.0,0.00016632088038961466
0xac82362174a32fbbad61efcb0f02b9016b20c768,0.0,0.0,0.0,0.00016602363671527757,0.0,0.0,0.0,0.00016602363671527757
0x336b9ccb1371cb80e4de659e0783e9e40fbf9e6f,0.0,0.0,0.00016513665212014288,0.0,0.0,0.0,0.0,0.00016513665212014288
0x8df3e0b89ceff88af367c17423e4ef2f3543a8d4,0.0,0.0,0.00016479475241710966,0.0,0.0,0.0,0.0,0.00016479475241710966
0xc796bd3d16b7d54e240579d29b3dd6fb17744188,0.0,0.0,0.0,0.00016406476151821321,0.0,0.0,0.0,0.00016406476151821321
0x207593950212697887b01274b788134f3fee0785,0.0,0.0,0.00016383041853132766,0.0,0.0,0.0,0.0,0.00016383041853132766
0x596c375cf6c768a62be2dabb14b402235532b3e0,0.0,0.0,0.00016345037095586392,0.0,0.0,0.0,0.0,0.00016345037095586392
0x3e87d66908cf66557e43c3664bea98a267d46846,0.0,0.0,0.00016338205656056987,0.0,0.0,0.0,0.0,0.00016338205656056987
0x438acebe61df68a9410d5a2f0f2c7212df708222,4.710344870926478e-05,0.00011572248002487604,0.0,0.0,0.0,0.0,0.0,0.00016282592873414082
0xc005f5dd838951b19257d4e7cd566e170ac31bff,0.0,0.0,0.0001627708311710885,0.0,0.0,0.0,0.0,0.0001627708311710885
0xfcf3325c66c2ce6d38ddd1bcc764e067c861330f,0.0,2.777554721528689e-05,0.000134173120850756,0.0,0.0,0.0,0.0,0.0001619486680660429
0x7d4205b58bbcc80eb365e82ddec180fbc030e033,0.00016129092835645356,0.0,0.0,0.0,0.0,0.0,0.0,0.00016129092835645356
0xa91cabd79192912954c91eb9ad53cec0c109349d,3.569274080471165e-05,0.00010904034561494488,0.0,1.6540504057801338e-05,0.0,0.0,0.0,0.00016127359047745786
0x869ff0d4867587a18fd9432adc96ff6268e399dd,3.193354942275501e-05,0.0,0.00012694390344250155,2.20344697750239e-06,0.0,0.0,0.0,0.00016108089984275895
0xc2a3af830132398dbde2e7f77c3695c4cd32b99e,0.0,0.00016038872495109096,0.0,0.0,0.0,0.0,0.0,0.00016038872495109096
0x3c1403858b448c9491780c78f396f50627a9b66d,0.0,0.0,0.0001581673548462798,0.0,0.0,0.0,0.0,0.0001581673548462798
0xba591007ee43148e5e3a68793a194d2753f0b396,0.0,9.256200618633446e-05,6.556765726862485e-05,0.0,0.0,0.0,0.0,0.0001581296634549593
0xbf3af8c547946472cc110610a2182129ea3c0508,0.0,0.0001579391620532547,0.0,0.0,0.0,0.0,0.0,0.0001579391620532547
0x43dc940cbad703fcd9d2a3cbfdbdd02968b327f7,0.0,0.0,0.0,0.0001578713894235889,0.0,0.0,0.0,0.0001578713894235889
0xe21bb58d81c8537061d0dc93ba91665f4c111f73,0.0,0.0,0.00015731066308646144,0.0,0.0,0.0,0.0,0.00015731066308646144
0x0d09298f24817c88d7cac3cc5a309ca02b866003,0.0,0.0,0.0001569085257494711,0.0,0.0,0.0,0.0,0.0001569085257494711
0x657cf7bfc2d4616e8f971eaa9d360c521bdb691f,0.0,0.0,0.0001567748614630882,0.0,0.0,0.0,0.0,0.0001567748614630882
0x9c4adc31fd405f1a56a4fa0188df2debc5cf4eda,0.0,0.0,0.00015627328830456117,0.0,0.0,0.0,0.0,0.00015627328830456117
0xb2f10f98e9aa55be5f449c3f7ef38ecc2b712865,0.0,0.0,0.00015624706846118248,0.0,0.0,0.0,0.0,0.00015624706846118248
0x03fd743e391ae7067ed7a24d324e8f052df1a247,0.0,0.0,0.00015623097496486382,0.0,0.0,0.0,0.0,0.00015623097496486382
0x9636dc553bb96c4870529af4c60f6701fab001dd,0.0,0.0,0.00015600833673450003,0.0,0.0,0.0,0.0,0.00015600833673450003
0xc03eeef5e79a879b29630069ede99359c2e97b98,0.0,0.0,0.00015600714513696427,0.0,0.0,0.0,0.0,0.00015600714513696427
0xf9af6480a7ab2bf6211538edca2c0e63a5b04624,0.0,0.00015597262913183188,0.0,0.0,0.0,0.0,0.0,0.00015597262913183188
0xa3f996f2ec2b1fe240a57543bbfdb4d9d5804d04,0.0,0.0,0.00015544697410731944,0.0,0.0,0.0,0.0,0.00015544697410731944
0x9bbe0a18f076d09e0b67be988231db7aeab8a270,0.0,0.0,0.0,0.0001551176152279817,0.0,0.0,0.0,0.0001551176152279817
0x9538cfdd76b5034d40d8c35329c50286b7f97c76,0.0,0.0,0.00015502857956123012,0.0,0.0,0.0,0.0,0.00015502857956123012
0x65e0d16ccb0210954876befdf482730ede9ae79a,0.0001446640936126921,0.0,0.0,9.036096351436281e-06,0.0,0.0,0.0,0.00015370018996412838
0x8c37c9bd8da8fce93ee638383467b1bcb6bde160,0.0,0.0,0.0,0.00015348432793399575,0.0,0.0,0.0,0.00015348432793399575
0xece8fd410aa0f56571737da4cb0b8ad5fb46a08e,0.00015290312587239443,0.0,0.0,3.6403693832688635e-07,0.0,1.0853410382100082e-11,0.0,0.0001532671736641317
0xe0d455a67a2ae615b546dd4f81abc16fed7cd548,0.0,0.0,0.0,0.00015299658912630527,0.0,0.0,0.0,0.00015299658912630527
0x97d2e314a3978ed4e8cc3c664183da7920a95570,0.00015282725501175788,0.0,0.0,0.0,0.0,0.0,0.0,0.00015282725501175788
0x2dd0febf787c1d9520d1cc8d186b35c6b8496154,0.00014313964045787602,0.0,0.0,8.38947918569756e-06,0.0,0.0,0.0,0.00015152911964357358
0xf8dc94818c1169511ae2d7388ca8533e28705109,0.0,0.0,0.0,0.00015141558521722785,0.0,0.0,0.0,0.00015141558521722785
0xf6ffc20942a26d20e4f38f540ffc39830600ea5d,0.0,0.0,0.00015102149728072071,0.0,0.0,0.0,0.0,0.00015102149728072071
0x66a4327c7d280ac317a23145a6deef1460ee29ac,0.0,0.0,0.0,0.00015075483323545046,0.0,0.0,0.0,0.00015075483323545046
0x72e24ef86ff2068d3786097f0d7e43c2392facbd,0.0,0.00015032258300965196,0.0,3.3174102986095616e-07,0.0,0.0,0.0,0.00015065432403951293
0xc0cf94fa365d3f0a3894ef9d00ab5e1f75d48603,0.0,0.0,0.00014925362074358947,0.0,0.0,0.0,0.0,0.00014925362074358947
0xf9de5ac52311ab92734471609ed39817e4043a80,0.0,0.0,0.0,0.0001489787992661531,0.0,0.0,0.0,0.0001489787992661531
0xf874f633aa550c9473c198a20faf2a25fc687377,0.00014878351659110807,0.0,0.0,0.0,0.0,0.0,0.0,0.00014878351659110807
0x9be080429e64beddc2f26261217f08682d2949f8,0.0,0.00014845644558481123,0.0,0.0,0.0,0.0,0.0,0.00014845644558481123
0x35f391873f5ecac80f46a6a1080c4e4743c7ac7d,0.0,0.00014792257406509866,0.0,0.0,0.0,0.0,0.0,0.00014792257406509866
0xe6ccea6192e581a17e123c36528f8f99fc4b4d7d,0.00014768980923625242,0.0,0.0,0.0,0.0,0.0,0.0,0.00014768980923625242
0x95aada3eed9720a53b2da6c38d6f8bd16567978f,0.0,0.0,0.00014731572859328702,0.0,0.0,0.0,0.0,0.00014731572859328702
0x83e9d17dd053928e3cc02b222a6abce429cb07c0,0.0,0.0,0.0,0.00014718727217892603,0.0,0.0,0.0,0.00014718727217892603
0x477daa7dcde2bcd88fd6d2bfc76af6a45d7e1590,0.0,0.00014687568166313992,0.0,0.0,0.0,0.0,0.0,0.00014687568166313992
0x0e7a70feab24979439606d11ef18d7b31afd3611,0.0,0.0,0.0,0.0001451408996892947,0.0,0.0,0.0,0.0001451408996892947
0xbb29185c4d17aeeb4a762e918a28261c14b6f7fc,4.9960300590215224e-05,9.486624092227097e-05,0.0,0.0,0.0,0.0,0.0,0.0001448265415124862
0x686d4ff132b4f4ec3ef52363b5b5f5d21559f8c3,0.0,0.0,0.00012052642027813164,2.389727121311194e-05,0.0,0.0,0.0,0.00014442369149124357
0x13fd0ba87f6084bb15f38c86cdcd0028b736090e,0.00014351379255335558,0.0,0.0,0.0,0.0,0.0,0.0,0.00014351379255335558
0xdc9dd1c77fd9897d33d67f78fae594faa0c6adb6,0.0,0.0,0.00014339136951092276,0.0,0.0,0.0,0.0,0.00014339136951092276
0xe7bae1d3dd9b13e4fad91cda213406bdb707e990,0.0,0.00014318279991048401,0.0,0.0,0.0,0.0,0.0,0.00014318279991048401
0xde4165c7748fa632066771ebf0fa9b8a23cb4631,0.0,0.0,0.0001427831887063396,0.0,0.0,0.0,0.0,0.0001427831887063396
0x48aae2e1c7fb818954ac44c1d7362a997a36b9fc,0.0,0.0,0.0,0.000142418523961905,0.0,0.0,0.0,0.000142418523961905
0xd3e247fbf700c3440e0758173fd71bb8a8daffcb,0.0,0.00014196974600834904,0.0,0.0,0.0,0.0,0.0,0.00014196974600834904
0x23ff7b5ee3988ccb8047883278edb516ddae177a,0.00014177280556172472,0.0,0.0,0.0,0.0,0.0,0.0,0.00014177280556172472
0x61f7d31f474c18fbbf3f2ac624d74ff4a4570e68,0.00014120579821373753,0.0,0.0,0.0,0.0,0.0,0.0,0.00014120579821373753
0x8716eca6ac4a59dab9abbd95a4a47cca5334063a,0.00014113758116620435,0.0,0.0,0.0,0.0,0.0,0.0,0.00014113758116620435
0x2e59009beacc34316653578043d714559a7153bc,0.0,0.0,0.00014087166669252265,0.0,0.0,0.0,0.0,0.00014087166669252265
0xd5383a3ad9a40a4e4670568a348af142d2a37280,0.0,0.0,0.0,0.0001407843123917897,0.0,0.0,0.0,0.0001407843123917897
0x6e34765aeb7353c79e27bde53c016e0dfa0fccdd,0.0,0.0001407212440446869,0.0,1.1110185041517394e-12,0.0,0.0,0.0,0.0001407212451557054
0x826fbce0ea875ae340dd71070ffb39e9670245bf,8.590512337110458e-05,0.0,0.0,5.3939967228663644e-05,0.0,0.0,0.0,0.00013984509059976823
0xd487c433ded2db910f11c3d52a150db16c6cc502,0.0,0.0,0.0,0.00013966047251297748,0.0,0.0,0.0,0.00013966047251297748
0xfda51a8f67fdc0e12c148fae1fbf4c131b7d6991,0.0,0.0001394938006967512,0.0,0.0,0.0,0.0,0.0,0.0001394938006967512
0xde7d9a81e5394b323d577d1829ca91fdc1d8c284,0.0,0.0001393599172361859,0.0,0.0,0.0,0.0,0.0,0.0001393599172361859
0xa7b22962b692aa1231f7336418e04e2e7c3a0954,0.0,0.00013935911396909738,0.0,0.0,0.0,0.0,0.0,0.00013935911396909738
0xb53ddd6bcf399b1687d643976b65a354290fc21a,0.0,0.00013923290605670683,0.0,1.2996532081785922e-13,3.588554228178031e-11,0.0,0.0,0.00013923294207221444
0xdfcf01e9cc86723c5ff1da4db71a02cc2be487ce,0.00013918742891682465,0.0,0.0,0.0,0.0,0.0,0.0,0.00013918742891682465
0x2eb420f573c2fd96c04526f71d13756100f05b7c,0.0,0.00013911084973647047,0.0,0.0,0.0,0.0,0.0,0.00013911084973647047
0xbdef34d68c9e0a530cb07b029ad6acb653254a97,0.00012459798185128498,1.4271645695283673e-05,0.0,0.0,0.0,1.4076556258883169e-11,0.0,0.0001388696416231249
0xcf293402477958f5ddd2efde57a0a592f9a06966,0.0,0.0001388454951401832,0.0,0.0,0.0,0.0,0.0,0.0001388454951401832
0xc4f59de2c1e338da16e1fe904d3133cb32a93dd5,0.00013872164983947378,0.0,0.0,0.0,0.0,0.0,0.0,0.00013872164983947378
0xba7427e297b5b751cd33e985e43532fcaced1e02,0.0,0.00013871081697851964,0.0,0.0,0.0,0.0,0.0,0.00013871081697851964
0x78eb1125787b82c89bd8afb46f4330c70b7dc471,0.00013747334995255466,0.0,0.0,0.0,0.0,0.0,0.0,0.00013747334995255466
0xd033a60cac3b574e90a7a2f665c8018e88e54319,0.0,0.0001370545994044976,0.0,6.4935497632592575e-12,7.099812051246274e-10,0.0,0.0,0.00013705531587925246
0x230bdaffcafeb1d08a83b8ec3b7b3c4d3a815f16,0.0,0.0,0.0001369774811924229,0.0,0.0,0.0,0.0,0.0001369774811924229
0xd8c233b8af7e608fac6a05562f61d644dc81b4c6,0.0,0.00013618848333258064,0.0,5.476750154235458e-07,0.0,0.0,0.0,0.00013673615834800418
0x5999d0ddec88c8499a1dea6c5db9dfe8898a9f97,0.0,0.00013593208983587012,0.0,0.0,0.0,0.0,0.0,0.00013593208983587012
0xd73c17e10d0574aaad9091a9a0aef5c70ecc0696,4.2414671315442245e-05,7.356571164226095e-05,0.0,1.9553882879977362e-05,0.0,0.0,0.0,0.00013553426583768057
0x73af74bf2c2aab246daee49b9306398c6ceea6bc,0.00013530644791115545,0.0,0.0,0.0,0.0,0.0,0.0,0.00013530644791115545
0xf52406a7ba0789801cfbe7aec5e75075c18921a7,0.0,0.0,0.0001293889759882917,5.415392867857026e-06,0.0,0.0,0.0,0.00013480436885614873
0xd2902eabfd54d2ce252b4f4394fe7be4256b9cc5,0.0,0.0,0.00013447450206262502,0.0,0.0,0.0,0.0,0.00013447450206262502
0x7ce7fa2d3447c952eb7b284fa833db2c79efe9a2,0.0,0.0,0.00013362501298735583,0.0,0.0,0.0,0.0,0.00013362501298735583
0x43da7275de5ad2299b6b93b8e8edda0269bab1d4,4.602568187945797e-09,0.0,0.0,0.0001335607584286862,0.0,0.0,0.0,0.00013356536099687414
0x42f8ec52b2b78aecc6cdbbbdd086a6b15c5cdce6,0.00011765769847193781,0.0,0.0,0.0,0.0,1.560816982741053e-05,0.0,0.00013326586829934833
0xb89bb0492579f9b557c46165de80d47e1cd4fcb6,5.882980162703257e-05,7.405815004517006e-05,0.0,0.0,0.0,0.0,0.0,0.00013288795167220262
0xecc25cea153e38052ce8485f05fd5362cdfe569b,3.5772585079496606e-05,9.428361052040689e-05,0.0,0.0,0.0,0.0,0.0,0.0001300561955999035
0x44bb9a646d05a6bf3c3ea11d93cb496a1255ae95,0.0,0.0,0.0,0.00012979311150032924,0.0,0.0,0.0,0.00012979311150032924
0x0d6e045ca09edb4bfe89edf6c2475df0ecda8104,0.00012965887432044989,0.0,0.0,0.0,0.0,0.0,0.0,0.00012965887432044989
0x71058dbd20f659cc40600fdce158e24620bf7493,0.0,0.0,0.00012843533340966564,0.0,0.0,0.0,0.0,0.00012843533340966564
0x65a0dc5181892b2fdc57dab4df74dea102e74548,0.0,0.0,0.0,0.00012833635583215332,0.0,0.0,0.0,0.00012833635583215332
0x016a02e59a247f73cf1b9e38d7698100937678ec,0.0,0.0,0.0001276606624392926,2.720365311502575e-10,0.0,0.0,0.0,0.00012766093447582377
0x882f4860433ff881bac772efb2fb9e9fc1b01141,5.017606342448661e-06,0.0,0.0,0.00012237197307176251,0.0,0.0,0.0,0.0001273895794142112
0x7429c7e993368d4902651f5223ad355aef7a9c02,0.00010983755120068007,0.0,0.0,0.0,1.7354711771745645e-05,0.0,0.0,0.00012719226297242572
0xc3485ce3c6ebc2481bd244a5ed048ac451b2ebc9,0.0,0.0,0.0001269110440931376,0.0,0.0,0.0,0.0,0.0001269110440931376
0x4829603774dc21f0daae6e2ac7dd3f773cfd590f,0.0,0.0,0.0,0.0001267407385165006,0.0,0.0,0.0,0.0001267407385165006
0x1c36ea3eb014bb4648ae0085437563f38cb81759,0.0,0.00012662238142007793,0.0,0.0,0.0,0.0,0.0,0.00012662238142007793
0xe30b6429e26a72f7fe1f9dfe29fea5cf2dfe8ff9,0.0,0.0,0.00012572662061306533,0.0,0.0,0.0,0.0,0.00012572662061306533
0x8e822462c1010fff283dbec2f890072a88e84995,0.00012542396676014784,0.0,0.0,0.0,0.0,0.0,0.0,0.00012542396676014784
0x5b5de013b729e2289e615175596d01ac6afdbe46,0.0,0.0,0.00012534277000703938,0.0,0.0,0.0,0.0,0.00012534277000703938
0x622a9b1af8361e4fdceaf6b32ff3acb8a5308d40,0.0,0.0,0.0,0.00012367185544488916,0.0,0.0,0.0,0.00012367185544488916
0x6b0125f1356c12fc4cee7e941e03a7bd5b4c8100,0.0,0.0,0.0001226126339846309,0.0,0.0,0.0,0.0,0.0001226126339846309
0x3c76a2ea4e3618fa538aea0054c1d61fe9717069,0.0,0.0,0.0,0.0,0.00012253572708398753,0.0,0.0,0.00012253572708398753
0x4268b75f9fa969435b11568489feb64e46d7a633,0.0001224267381169024,0.0,0.0,0.0,0.0,0.0,0.0,0.0001224267381169024
0x07ad02e0c1fa0b09fc945ff197e18e9c256838c6,0.0,0.0,0.0,0.0001218632942418056,0.0,0.0,0.0,0.0001218632942418056
0x7c9aa7e6eb11e9f7edacdff7e080882d2fb424fd,0.0,0.00012152510976017076,0.0,0.0,0.0,0.0,0.0,0.00012152510976017076
0x186481910ca36429b8146b1dd1f8c1774f168b70,0.00012150267747337981,0.0,0.0,0.0,0.0,0.0,0.0,0.00012150267747337981
0xe6fbca0dd3d6520ae1c6695bad6db4ecb44822d9,0.00010524789008198193,0.0,0.0,0.0,0.0,1.568323712211193e-05,0.0,0.00012093112720409387
0xca9670ecb6e6e1579932a1857a0711d06be18d7e,0.0,0.0,0.0,0.0001206529375787432,0.0,0.0,0.0,0.0001206529375787432
0x50b73d52a00dd10feef49a074657285515020320,0.0,0.0,0.0,0.00012042716714135545,0.0,0.0,0.0,0.00012042716714135545
0xd9ea18b257e611ec326cfc5e39396dee128be852,0.00011346793877726871,0.0,0.0,6.429495110670072e-06,0.0,0.0,0.0,0.00011989743388793878
0x24241f01780336a0657d0c1ca3e499950fdcef13,0.00011956402269840537,0.0,0.0,0.0,0.0,0.0,0.0,0.00011956402269840537
0x6fc734065ab8b81ff4ec4c14f80da600482fa936,0.0,0.00011925252625807812,0.0,0.0,0.0,0.0,0.0,0.00011925252625807812
0x43a05d84d4363926c3d03bfc3384b5f247cb6f92,0.0,0.0,0.00011801945502440346,0.0,0.0,0.0,0.0,0.00011801945502440346
0xe3f943bbeafc6c9728d4f8902f2385f41906c83f,0.0,0.0,0.0,0.00011794757701380295,0.0,0.0,0.0,0.00011794757701380295
0x79d0a329989ad3e703a4681611ba73db838a0005,0.00011773305201707436,0.0,0.0,0.0,0.0,0.0,0.0,0.00011773305201707436
0x64218c231369e3afa2967f253015b062dfc05d2a,0.0001176476461477894,0.0,0.0,0.0,0.0,0.0,0.0,0.0001176476461477894
0x56b637dde84e4e5422c9b0e95befe8bec7cb6374,0.00011764601844066923,0.0,0.0,0.0,0.0,0.0,0.0,0.00011764601844066923
0x8c6fdbca2070590d7f2ce5b2c1ed1c305d968e5d,0.00011762249017796105,0.0,0.0,0.0,0.0,0.0,0.0,0.00011762249017796105
0xa4d08d24d49ab18cea7b225be688ec480ffa5731,0.00011761841338241513,0.0,0.0,0.0,0.0,0.0,0.0,0.00011761841338241513
0x36215bcde5c924d30db88f8b39c36c84b27883bc,0.00011752019542407224,0.0,0.0,0.0,0.0,0.0,0.0,0.00011752019542407224
0x34430faf4af57ca151718ca803bc360941d7edf8,0.0,0.0,0.0,0.0001173064951541941,0.0,0.0,0.0,0.0001173064951541941
0x992cf798f051d785233e18f641d751442fc8483d,0.00011724606326346048,0.0,0.0,0.0,0.0,0.0,0.0,0.00011724606326346048
0x537f3d84d0708cec8f2e0ad464745f6b2e216fd4,0.0,0.00011686991767735386,0.0,0.0,0.0,0.0,0.0,0.00011686991767735386
0xc9baad2418f5fe5ccde4c1eb0dbb15fdd5ae491c,0.00011644975239262015,0.0,0.0,0.0,0.0,0.0,0.0,0.00011644975239262015
0x2397d8f713ffc8f83ca85cec33adc6d226463e8f,0.00011606377935413964,0.0,0.0,8.429446701487234e-08,0.0,0.0,0.0,0.00011614807382115451
0x48a30f95dee4fbb8bc22321735803371fbf000b0,0.0,0.000115460588418757,0.0,0.0,0.0,0.0,0.0,0.000115460588418757
0xcb7bdb7b9ff19dda515d23a6d283cc39d4651452,2.8396422487448877e-09,0.00011490309183037076,0.0,0.0,0.0,0.0,0.0,0.00011490593147261951
0x7d8a37d340a55d8a4ca79595b382fa1cab26b9bf,0.00011434016544008776,0.0,0.0,0.0,0.0,0.0,0.0,0.00011434016544008776
0x7df4308a297e6e25046d88deefc47e3023902fa6,0.00011416843447580662,0.0,0.0,0.0,0.0,0.0,0.0,0.00011416843447580662
0x30705b399410996cbe1405a24395b1046a802d20,0.0,0.0,0.00011345705235729995,0.0,0.0,0.0,0.0,0.00011345705235729995
0x8dd828597570a146c4886abb22d4a83aef9e2f12,0.0,0.0,0.0,0.00011304004321161921,0.0,0.0,0.0,0.00011304004321161921
0x77b1ff2da3b187d69be3c5c97dfcaae360443ae5,0.0001127961257518809,0.0,0.0,0.0,0.0,0.0,0.0,0.0001127961257518809
0x67f4250e71e03f5d0b569bccf6cae4f645dc6a77,1.2941062146094933e-05,9.965278133380182e-05,0.0,0.0,0.0,0.0,0.0,0.00011259384347989675
0xe03757d241d143bb338a428e6b92defee5dfab4a,0.0,0.00011247749636891269,0.0,0.0,0.0,0.0,0.0,0.00011247749636891269
0x4986b31ce49c0ff3062288db3af23826af3816b0,0.0,0.0,0.0,0.00011240444901465455,0.0,0.0,0.0,0.00011240444901465455
0x224300fa4a61d994831fee8b3f6ef44445949b39,0.0,0.0,0.00011195211532166749,0.0,0.0,0.0,0.0,0.00011195211532166749
0x355668bfae29810f291fd99323accdd47eee3222,0.0,0.0,0.0,0.00011185968115538504,0.0,0.0,0.0,0.00011185968115538504
0x86e09b10b3f765decd5fafa51e66ddfa26fbaf4c,0.0,0.00011156084381176828,0.0,0.0,2.367682686553681e-10,0.0,0.0,0.00011156108058003694
0x09e5380e70129c2e07cd7627f1ca600243d95ea5,0.0,0.0,0.00011155179374286727,0.0,0.0,0.0,0.0,0.00011155179374286727
0x169dc0999f4dd957ebcb68a7a8affe87c57c4fae,0.0,0.00011153832755916504,0.0,0.0,0.0,0.0,0.0,0.00011153832755916504
0x5034cd17c7c09e74117c603c5f46f53cc5f7acca,0.00011127720041946387,0.0,0.0,0.0,0.0,0.0,0.0,0.00011127720041946387
0xe9297b0e74d145ad35d6a4a39668b02d0b420374,9.619196183882041e-05,0.0,0.0,1.4920243936638119e-05,0.0,0.0,0.0,0.00011111220577545852
0x5be1ea0adc66c289fce128ee6fd0c42bfa6dae4d,0.0,0.0,0.0,0.00011061327297213857,0.0,0.0,0.0,0.00011061327297213857
0xdf0eb1e4480e9aa00f7c16994ecf0dedde17c024,0.0,0.0,0.0,0.0,0.0,0.00010916061950139587,0.0,0.00010916061950139587
0x80cf50041737651bfd24a2b8fb1548d72673c80b,0.0,0.00010867174699364256,7.013134794918676e-09,3.7758939084960013e-14,0.0,0.0,0.0,0.00010867876016619642
0x64bd66d9d5a0aa812eb304b708e5e142c5e60d61,0.0,0.00010853414277074412,0.0,0.0,0.0,0.0,0.0,0.00010853414277074412
0xfb0568e1341de70238250419a35d067f424f6ba7,0.0,0.00010846738090398467,0.0,0.0,0.0,0.0,0.0,0.00010846738090398467
0x11cfbffc1cdfacef108d70d1a5af3d036355018c,0.0,0.0,0.0,0.00010791175336914263,0.0,0.0,0.0,0.00010791175336914263
0x05de4af98481dc6ca566679bee656d1d6ac6999d,0.0,0.0,0.00010788656681573479,0.0,0.0,0.0,0.0,0.00010788656681573479
0xe22023d763ae802388fed0341c63675a713498ea,0.0001074224199409653,0.0,0.0,0.0,0.0,0.0,0.0,0.0001074224199409653
0x5f1ae750af6c6c34414d5cd84b186ffdb5060127,0.0,0.0,0.0,0.00010718449136461274,0.0,0.0,0.0,0.00010718449136461274
0x723b6a0e6758d9a37f6261aab7e1d1d9875c719e,0.0,0.0,0.0,0.00010709136625318854,0.0,0.0,0.0,0.00010709136625318854
0xb6120b1906c4150869346dcd6cc8991466215386,0.000106886781084213,0.0,0.0,0.0,0.0,0.0,0.0,0.000106886781084213
0xda0ad54aec551924fd3f8df2624f8bf6f1d24516,0.0,0.0,0.00010677452674282303,0.0,0.0,0.0,0.0,0.00010677452674282303
0xe77dd90b4095ae7e7a9c3cafa36dd2a09164adb7,0.00010608301870910639,0.0,0.0,0.0,0.0,0.0,0.0,0.00010608301870910639
0xdc360f57f83055f3271ff3c8dc32363697a2ab5e,0.0,0.0,0.00010598415193467393,0.0,0.0,0.0,0.0,0.00010598415193467393
0x693565d7f680ba9338db5b9536bc41a86c35372a,0.0,0.0,0.00010590318569049456,0.0,0.0,0.0,0.0,0.00010590318569049456
0x3d9ee33b83381e34b48eafabd79c638d61c361c0,0.00010584787842437471,0.0,0.0,0.0,0.0,0.0,0.0,0.00010584787842437471
0x14d467fa7647c04ef61bac73dc35eba995540e47,0.0,0.00010562071081909646,0.0,0.0,0.0,0.0,0.0,0.00010562071081909646
0x0535d913b9e822b819c2e8fd2c3f4da0e7223565,0.0,0.0,0.00010524112571318584,0.0,0.0,0.0,0.0,0.00010524112571318584
0x609d03a719a5fa85ea62ecdb90a4940be4781b7b,0.0,9.272362208054948e-05,0.0,1.3915517358824054e-13,1.2322307146384633e-05,0.0,0.0,0.00010504592936608928
0x86154d988733460ad0867c4852e0d6e4b73cc09a,0.0,0.00010481384278856512,0.0,0.0,0.0,0.0,0.0,0.00010481384278856512
0x3fd0d4628144f4077306eafcf8de6948075daf3e,0.0,0.0,0.00010397920202135056,0.0,0.0,0.0,0.0,0.00010397920202135056
0xdc02781bd75fa9102e00440a7e6176985430074d,0.0,4.643077512963864e-05,5.70832977459915e-05,6.955154789237884e-14,3.393537733006755e-11,0.0,0.0,0.00010351410688055902
0xc1ecd0e1528a838b0e77ce9d5eafaea993ddfee3,0.0,0.0,0.0001032283489473568,0.0,0.0,0.0,0.0,0.0001032283489473568
0x6c23b80499fd5b785e85246f26e6211861df48fb,0.0,0.0,0.0001029329548152831,0.0,0.0,0.0,0.0,0.0001029329548152831
0xed700898e9b47913439bfe20d8ef3db54ab70da6,0.0,0.0,0.0,0.0001027070216290594,0.0,0.0,0.0,0.0001027070216290594
0x3a3c280c2e171fa2920ec4ec58087dc3be15ce80,0.0,0.0,0.0,0.00010204564578320186,0.0,0.0,0.0,0.00010204564578320186
0x93b1e585fddd3503870032b4f8c1c750ee5503c5,0.0,0.0,0.0,0.00010177667340195285,0.0,0.0,0.0,0.00010177667340195285
0x27eae20e02cfe7f7673f5176372a76c837a45f23,0.0,0.0,0.0,0.00010086627390467775,0.0,0.0,0.0,0.00010086627390467775
0x1560d54f9d2f6b7ccee614a7d486553a7e422e6b,0.0,0.0,0.0,0.00010033874046214836,0.0,0.0,0.0,0.00010033874046214836
0x5a64d02322a660a2c24b006cd3c6eb554624d9de,0.0,0.0,0.00010016335756177736,0.0,0.0,0.0,0.0,0.00010016335756177736
0x1fbbd9803f74d43aced0b10a9fca4fe61cb245e9,0.0,0.00010003267930230043,0.0,0.0,0.0,0.0,0.0,0.00010003267930230043
0x572120e7909e7aa4233943e7e3cc6a3ccf569479,9.998601958609337e-05,0.0,0.0,0.0,0.0,0.0,0.0,9.998601958609337e-05
0xe9cc14f9b922faa51f5a7120eba05e41cc3738a1,1.2530051395442627e-05,8.745178499038766e-05,1.4534139405423995e-09,2.1098507378932536e-14,4.511275207844252e-12,1.0936663902726633e-11,0.0,9.998330526880845e-05
0xfe69c15481a8fd9c9de8585087c05f4c6b711108,0.0,0.0,0.0,9.998106512983645e-05,0.0,0.0,0.0,9.998106512983645e-05
0x33de7e643fdee4f7d239b09934cfe48ac790030f,0.0,0.0,9.66481342577841e-05,3.1771476066386414e-06,0.0,0.0,0.0,9.982528186442274e-05
0xa7cf7a7c2f0be4820d96836e0f269503ec2f1cca,0.0,0.0,0.0,9.933999399954766e-05,0.0,0.0,0.0,9.933999399954766e-05
0xd780b3bc8dc2c2b78b5138e7434a215526901cd7,7.105819584460493e-05,0.0,0.0,2.7979182643625383e-05,0.0,0.0,0.0,9.903737848823032e-05
0x515e8b69a6f55f0fdb995c6a0ad741f3ac9b33df,0.0,0.0,9.810588154398173e-05,0.0,0.0,0.0,0.0,9.810588154398173e-05
0x63e8d2871d39ba595cb8496364b12fc44908f291,0.0,0.0,9.774858166183756e-05,0.0,0.0,0.0,0.0,9.774858166183756e-05
0x4b9c897de45263a932d45e263172372a03abf0ff,0.0,9.756948241654687e-05,0.0,0.0,0.0,0.0,0.0,9.756948241654687e-05
0x723849ce0994125db9ab3e6bfa22f0bbc87dd9d8,9.70658388051558e-05,0.0,0.0,0.0,0.0,0.0,0.0,9.70658388051558e-05
0x48876ffc41c48df2b4b4cbab3f17e460a6cc0579,0.0,0.0,0.0,9.675173486487432e-05,0.0,0.0,0.0,9.675173486487432e-05
0xfdfaaefa5c8eb67c42bfc2109d54eb28546c7dbd,0.0,9.669694229986911e-05,0.0,0.0,0.0,0.0,0.0,9.669694229986911e-05
0x49f48d84def7935379aff49f5490391ea4e1a678,0.0,9.65902201163398e-05,0.0,0.0,0.0,0.0,0.0,9.65902201163398e-05
0x09efb073abfce24452f688bd022494b1ef99628d,0.0,0.0,0.0,9.631095608794536e-05,0.0,0.0,0.0,9.631095608794536e-05
0xc113268d6dee88e16f484ff5a6f80d76f2b6ba9e,0.0,9.620020832493514e-05,0.0,0.0,0.0,0.0,0.0,9.620020832493514e-05
0x8ed82bfa84966fe0b53e691984ba40b152ed3f41,0.0,0.0,0.0,9.60300448645769e-05,0.0,0.0,0.0,9.60300448645769e-05
0x9212fdaa42e5710ff66739ee46569f8798625086,0.0,9.590820150816847e-05,0.0,0.0,0.0,0.0,0.0,9.590820150816847e-05
0x065963df68ab6f33aa9470f333b83661aa060f20,0.0,9.5528122972811e-05,0.0,0.0,0.0,0.0,0.0,9.5528122972811e-05
0x3085f098d532683e99dd98f8a2767559a85ef6e6,0.0,0.0,0.0,9.552105509536986e-05,0.0,0.0,0.0,9.552105509536986e-05
0x5ad4370d6a6c77f95eb2b57a9a1088c930fc0bfb,0.0,0.0,9.496454899021702e-05,0.0,0.0,0.0,0.0,9.496454899021702e-05
0xe39d730150f4b48e52c9aba119d4ea34e67a3b26,9.462546299523933e-05,0.0,0.0,0.0,0.0,0.0,0.0,9.462546299523933e-05
0x25a9e3ecded16c03f851e05b42bea0012e17dcc4,0.0,0.0,9.45596183698839e-05,0.0,0.0,0.0,0.0,9.45596183698839e-05
0x768cffd48018a9beed9e2d38edf07160c027a0ee,0.0,0.0,0.0,9.434177735994524e-05,0.0,0.0,0.0,9.434177735994524e-05
0x1f6f7cd5b6d25a2b6e770bf3983e6826ea6ec495,0.0,9.41295081827122e-05,0.0,0.0,0.0,0.0,0.0,9.41295081827122e-05
0x7b3bbe4385310c7a1d71fac81cb02aea98da6fc9,9.383828786268836e-05,0.0,0.0,0.0,0.0,0.0,0.0,9.383828786268836e-05
0x97d8ecd5e8ed03c7d20646a8f12f953d2792ca13,0.0,9.383287604401776e-05,0.0,0.0,0.0,0.0,0.0,9.383287604401776e-05
0xb1258437cf990cf67784fda3f946280bdf1e9b71,0.0,0.0,0.0,9.335635700305488e-05,0.0,0.0,0.0,9.335635700305488e-05
0x5fa7ab412f2941142b29b492d205fec08532fdbb,0.0,9.317780092531182e-05,0.0,0.0,0.0,0.0,0.0,9.317780092531182e-05
0x897e4b5c7d9abb53aba2ba78f40436832f079b51,0.0,9.290038431869398e-05,0.0,0.0,0.0,0.0,0.0,9.290038431869398e-05
0x4054b0dd2313e5e29230ce08e17ba9277225f403,0.0,9.288653862608657e-05,0.0,0.0,0.0,0.0,0.0,9.288653862608657e-05
0x8b9a23c3a4742cf636ddf215f3ca44940180f1f2,0.0,9.279960201801144e-05,0.0,0.0,0.0,0.0,0.0,9.279960201801144e-05
0xfc61ee84746bc13be32c7f204a2026aab9c096fe,0.0,9.274569188457893e-05,0.0,0.0,0.0,0.0,0.0,9.274569188457893e-05
0xe63bcd1e3d0b8adf1509f80f84c136edc8e26967,0.0,9.273113951071407e-05,0.0,0.0,0.0,0.0,0.0,9.273113951071407e-05
0x93a7391efd5aaa1571c0317f6dada49ad915310f,0.0,0.0,0.0,9.263098811871654e-05,0.0,0.0,0.0,9.263098811871654e-05
0xff130f62568496ac83fdee22fd18ff7ce244ef50,0.0,9.258433395289415e-05,0.0,0.0,0.0,0.0,0.0,9.258433395289415e-05
0x3fd1e36c7af3ce417361a1d8a2ea0f74425f7ee4,0.0,9.253281239533108e-05,0.0,0.0,0.0,0.0,0.0,9.253281239533108e-05
0x856565db827588a88780454863f98a4a323e13aa,0.0,0.0,0.0,9.133416317981782e-05,0.0,0.0,0.0,9.133416317981782e-05
0xf56068b1e895e4127ab0683842ba6078fc274449,0.0,7.747523188029807e-05,0.0,1.363645061019643e-05,0.0,0.0,0.0,9.11116824904945e-05
0x1c6615bcc66a91efb22829cb065cfb38a76ae4a8,0.0,9.091922662404925e-05,0.0,3.723052357739661e-14,0.0,0.0,0.0,9.091922666127978e-05
0xb957dccaa1ccfb1eb78b495b499801d591d8a403,0.0,9.091140589686953e-05,0.0,0.0,0.0,0.0,0.0,9.091140589686953e-05
0xb6cc947f48b5eaa4b6453f53b7e686b35b20996f,9.080188247148303e-05,0.0,0.0,0.0,0.0,0.0,0.0,9.080188247148303e-05
0xd28197e05c7b867fc20724580f4fd1f3121cf198,0.0,0.0,0.0,0.0,9.079663368202019e-05,0.0,0.0,9.079663368202019e-05
0x191c58a1c67f28483625b4a52bc26d5179274d30,0.0,0.0,9.069516198787885e-05,0.0,0.0,0.0,0.0,9.069516198787885e-05
0x2ef3bc1afbeb7558734f402b6f2f168262ef6e74,0.0,9.065131196314832e-05,0.0,0.0,0.0,0.0,0.0,9.065131196314832e-05
0xa7035cbcbb06a6fb19a07441a2cb90e4db7a18ef,0.0,9.048111035583386e-05,0.0,0.0,0.0,0.0,0.0,9.048111035583386e-05
0x441824ab652be142c1469d8a615652a5a26bdfd4,0.0,0.0,0.0,9.035792054995057e-05,0.0,0.0,0.0,9.035792054995057e-05
0xfa787c4f75315f5c02bfd163f1065aceec46afdd,0.0,9.010666925146996e-05,0.0,0.0,7.212339085905633e-13,0.0,0.0,9.010666997270387e-05
0xd896a333ef5fff805f8ba72965f9723409c786cb,0.0,8.992247033051894e-05,0.0,0.0,0.0,0.0,0.0,8.992247033051894e-05
0xc6d3842d52663081648601ba313e60fa58552754,0.0,8.990965829514392e-05,0.0,0.0,0.0,0.0,0.0,8.990965829514392e-05
0x78af90ca49498078a57d7b6f6b8061e6a92825d7,0.0,0.0,8.89731038875482e-05,0.0,0.0,0.0,0.0,8.89731038875482e-05
0x5b61d95b14454ba439b2ba3ef4578579f457eb08,0.0,8.862008678891582e-05,0.0,0.0,0.0,0.0,0.0,8.862008678891582e-05
0xb77e26794d1455f6ee49b66a8a7c090b34d80f61,0.0,0.0,0.0,8.832196293519324e-05,0.0,0.0,0.0,8.832196293519324e-05
0x323d3f02cd32bfb3a6977a890e44c808156480e8,8.82197698508863e-05,0.0,0.0,5.8414711935481876e-08,0.0,0.0,0.0,8.827818456282178e-05
0x5f946be10e83134b508bfd56cd6d869a4d9613ff,0.0,0.0,0.0,8.777952825258869e-05,0.0,0.0,0.0,8.777952825258869e-05
0x2d972617a1304fbc07ee1c2a6c59eed80d769ac8,0.0,0.0,8.763054895703344e-05,0.0,0.0,0.0,0.0,8.763054895703344e-05
0xde81e26b46d65b8f64aeedb973c981abf893aff7,0.0,2.2731911172889164e-05,6.457846011863611e-05,0.0,0.0,0.0,0.0,8.731037129152528e-05
0xad515044f205dd882719fab23110827055cb2e26,0.0,8.678377185527497e-05,0.0,0.0,0.0,0.0,0.0,8.678377185527497e-05
0x3997fcc64ef8c6dc692a241ecafc06329b0ed90c,8.635843505212893e-05,0.0,0.0,0.0,0.0,0.0,0.0,8.635843505212893e-05
0xe89a6bdc308dc3bae9d7ff245ad42fc47316813f,0.0,0.0,8.593235943248051e-05,0.0,0.0,0.0,0.0,8.593235943248051e-05
0x19c53266d2cca6d18dd57c1be11e8c4d3a118668,0.0,8.534224997750545e-05,0.0,0.0,0.0,0.0,0.0,8.534224997750545e-05
0xc0446281146b1d1084f75f459fbfd1f23ae5e49a,0.0,0.0,8.517571090403839e-05,0.0,0.0,0.0,0.0,8.517571090403839e-05
0xa50fb256a57195dc96c3f609f6aa7e1b39d61652,0.0,0.0,8.420308609059344e-05,0.0,0.0,0.0,0.0,8.420308609059344e-05
0x8d05fd52d815c9342b4966e7a1261392a2bfb85a,0.0,8.252242493805535e-05,0.0,0.0,0.0,0.0,0.0,8.252242493805535e-05
0xc2803afd560158d5bdd7126929666cc2ab7cb1fc,8.233221590827341e-05,0.0,0.0,0.0,0.0,6.584628122548295e-11,0.0,8.233228175455463e-05
0x97a155d5e1c86285d5c84d1e5f06b8a6bb631e8a,0.0,0.0,0.0,8.224834811813884e-05,0.0,0.0,0.0,8.224834811813884e-05
0x0a1a3837bea1d3c57170d3e3638a857651ce1480,0.0,0.0,0.0,0.0,8.224047808086827e-05,0.0,0.0,8.224047808086827e-05
0x6c406f2256729b973f3487157a53fec9de80add8,0.0,8.222647525860471e-05,3.556596454103298e-09,0.0,2.130105616476984e-11,0.0,0.0,8.223005315611497e-05
0x1543227ae91be1e19e1a2da1bcde7023f193a514,0.0,0.0,0.0,8.189230535827402e-05,0.0,0.0,0.0,8.189230535827402e-05
0x79481b2d94cb17f3cdfd550d4981689fed25e784,7.11618854831789e-05,0.0,1.0394981095549908e-05,0.0,0.0,0.0,0.0,8.155686657872881e-05
0xac6c6dad0ba829d4c2f979e40f18a3bb9edc4fa6,0.0,0.0,0.0,0.0,8.084512311358817e-05,0.0,0.0,8.084512311358817e-05
0x992e5d2a782c9623cad6f5607096af413bcc7699,0.0,0.0,0.0,8.031642389301648e-05,0.0,0.0,0.0,8.031642389301648e-05
0xca0b99e049bf7aa44449ebcb4bdef7c02d75500f,0.0,0.0,0.0,8.022590456446474e-05,0.0,0.0,0.0,8.022590456446474e-05
0x56092cfd99b8d0246776211ae1fb19ebc86e216d,8.013226905898398e-05,0.0,0.0,0.0,0.0,0.0,0.0,8.013226905898398e-05
0xd90d1e395de36e1e59c42f5df537801c26bbc03f,0.0,0.0,7.94064505853131e-05,0.0,0.0,0.0,0.0,7.94064505853131e-05
0xb18a81059dee5e4993b7360be5ce6d6153093a65,0.0,0.0,0.0,7.9375647000487e-05,0.0,0.0,0.0,7.9375647000487e-05
0x53babe76166eae33c861aeddf9ce89af20311cd0,0.0,7.921848929157559e-05,0.0,0.0,0.0,0.0,0.0,7.921848929157559e-05
0xb08b5e8519a1db8eaaa7743376d92613c73e309a,0.0,0.0,7.801267470453723e-05,0.0,0.0,0.0,0.0,7.801267470453723e-05
0x829b1e2c2026532557a086ec193e0d659f0e2edb,0.0,0.0,0.0,7.779248348456357e-05,0.0,0.0,0.0,7.779248348456357e-05
0x0284f69385ccfdea9de5e85209c85349d39e88db,7.778793430131953e-05,0.0,0.0,0.0,0.0,0.0,0.0,7.778793430131953e-05
0xad9bb86aaf4e0f0690c0bc6de33e1fdf9a978766,0.0,0.0,0.0,7.761828011142031e-05,0.0,0.0,0.0,7.761828011142031e-05
0x3d3cb5e830b4216bab317c989067b9e7b772a620,0.0,7.715600238686255e-05,1.7117011201995977e-09,0.0,0.0,0.0,0.0,7.715771408798275e-05
0xf7ce23e950d7ae6f56ee6dd245446c548cf8eafa,7.646991210405517e-05,0.0,0.0,0.0,0.0,0.0,0.0,7.646991210405517e-05
0xb9ee7c3763a5413ee87e204f0f83fa087786a109,7.639428201668956e-05,0.0,0.0,0.0,0.0,0.0,0.0,7.639428201668956e-05
0x8b07af0978c74b63de0fddefde2393a7064873b8,0.0,0.0,7.6096310553038e-05,0.0,0.0,0.0,0.0,7.6096310553038e-05
0x3f5882d46897c443fa02e686ccf4f83c1c0291cf,0.0,0.0,0.0,0.0,0.0,7.534725357745604e-05,0.0,7.534725357745604e-05
0xb13d6e97ec5367bf7ea4ea7f1c4ab781b35c1830,7.515910974110962e-05,0.0,0.0,0.0,0.0,0.0,0.0,7.515910974110962e-05
0xd87307a7af7f34cef5a057df20e9d33a369d21ef,0.0,0.0,0.0,7.485983166624109e-05,0.0,0.0,0.0,7.485983166624109e-05
0x86ddfde08de0ee5f7c620e0cb363d5e454c070b5,0.0,2.870209152148591e-05,0.0,0.0,4.58164656617941e-05,0.0,0.0,7.451855718328002e-05
0x303d6c140b25effcbd0315ba8ec8153fb5397aee,0.0,0.0,0.0,7.436244778208683e-05,0.0,0.0,0.0,7.436244778208683e-05
0xb3fb2759bb3db8a4df07182efa279667d3ae7989,0.0,0.0,0.0,7.435173745860667e-05,0.0,0.0,0.0,7.435173745860667e-05
0x43459cd6de42417164614039105bf2bf45f8919d,0.0,7.429825419089297e-05,0.0,0.0,0.0,0.0,0.0,7.429825419089297e-05
0xb895c135ee703056e2d287d064ed4d3527152e8a,6.116369684977806e-05,0.0,0.0,1.216915912180938e-05,0.0,0.0,0.0,7.333285597158744e-05
0xb2c719ac4b5578956541ca1e396005bf0fb6cf82,0.0,0.0,7.252828312048282e-05,0.0,0.0,0.0,0.0,7.252828312048282e-05
0xb63cf382fd5805f8a377cfc6eb75fdd46b9ec847,0.0,0.0,0.0,7.222871626360202e-05,0.0,0.0,0.0,7.222871626360202e-05
0x417453fe706348b337346d274807220f87caa44c,0.0,0.0,0.0,0.0,0.0,7.193756414351107e-05,0.0,7.193756414351107e-05
0x0afd088493a0cfcf43b5a98166b1aa9e8ef3da43,7.177109272356295e-05,0.0,0.0,0.0,0.0,0.0,0.0,7.177109272356295e-05
0x0af3318c4060eac02d50e140de2fb0e492b59ecb,0.0,0.0,0.0,0.0,7.140920604289926e-05,0.0,0.0,7.140920604289926e-05
0xbb313caed0e67f3027d885e384bb613e728bfed9,0.0,0.0,0.0,7.078513999170151e-05,0.0,0.0,0.0,7.078513999170151e-05
0x69ce83a7dce919df983e6c62c441477879e1d7f8,0.0,7.071736662321189e-05,0.0,0.0,0.0,0.0,0.0,7.071736662321189e-05
0x8b2594d4e88629cea5f807e1994aad5fe8c6abb6,0.0,0.0,0.0,7.058917096129705e-05,0.0,0.0,0.0,7.058917096129705e-05
0xb32dd6e09da742bc6c4749c58cd733732179005e,0.0,0.0,0.0,6.973940918137016e-05,0.0,0.0,0.0,6.973940918137016e-05
0xb43b7ccb9e77d35c654f250e3672fdb31f996a10,0.0,6.914934654575223e-05,0.0,0.0,0.0,0.0,0.0,6.914934654575223e-05
0x744eea343fea985b0212019348bc1be9a39fa08f,5.975993840832238e-05,0.0,0.0,9.28028896543246e-06,0.0,0.0,0.0,6.904022737375484e-05
0x24dc43d37852e8008a9934c519bb7483dee70cbe,0.0,0.0,6.860210152755537e-05,0.0,0.0,0.0,0.0,6.860210152755537e-05
0xe7cd016e78ab375191614862345cc430e3475175,0.0,0.0,6.824301275006476e-05,0.0,0.0,0.0,0.0,6.824301275006476e-05
0x2055f52529eb59e977afee93625abf1a0c72d0b9,0.0,0.0,0.0,0.0,6.781306107374985e-05,0.0,0.0,6.781306107374985e-05
0x3064bad7eff6f956c117da1a187410849212a5b8,0.0,0.0,0.0,6.770932321423627e-05,0.0,0.0,0.0,6.770932321423627e-05
0xca6a5a29c66db73a45847fb70ee0cad7d29c5c6f,0.0,6.0522257119801966e-05,6.92137030416191e-06,0.0,0.0,6.619259734147012e-08,0.0,6.750982002130534e-05
0xadc6e701bb531c66600a9764e6241944fd293599,6.729453946087378e-05,0.0,0.0,0.0,0.0,0.0,0.0,6.729453946087378e-05
0xe6197f352e6df9cacc8ee264fabd9be313e5bdc7,0.0,6.660097324637602e-05,0.0,0.0,0.0,3.969570593244155e-13,0.0,6.660097364333308e-05
0x1b9d34d8cdf175c9ce2fa5a945e8a6ef5a7c5e91,6.653625963988796e-05,0.0,0.0,0.0,0.0,0.0,0.0,6.653625963988796e-05
0xd5a85cb586905f6adb6e2059a1f094a0a793a297,0.0,0.0,6.642223719036255e-05,0.0,0.0,0.0,0.0,6.642223719036255e-05
0x98cdfbb7197b11b15fb73fecfe4a4fcededca07b,0.0,0.0,6.604481359843673e-05,0.0,0.0,0.0,0.0,6.604481359843673e-05
0x3b102801bb810c573776587081489cdf8979e834,0.0,0.0,0.0,6.584237193488851e-05,0.0,0.0,0.0,6.584237193488851e-05
0xbe9fe51ef6d84d3c549d2253495d8fb6a9e3064a,2.3519790359943684e-05,0.0,4.2236308877922995e-05,8.345801562007419e-13,3.3930605465317066e-10,0.0,0.0,6.575643937850148e-05
0x85c10a8d6e154ed51ab0a20f9ae02996c40a3266,0.0,0.0,6.520686081378528e-05,0.0,0.0,0.0,0.0,6.520686081378528e-05
0x6457e1ce55e412e11dcf575188c04e0edd5e5602,5.849937786798068e-05,0.0,0.0,0.0,6.558779217738354e-06,0.0,0.0,6.505815708571904e-05
0x9e6367baa0f16261a54ba824243fd136eb81a0b0,0.0,6.487746083605616e-05,0.0,0.0,0.0,0.0,0.0,6.487746083605616e-05
0xa8469a90a2dabfc30658edb53c08af5a0e64acfb,0.0,0.0,6.483874911149069e-05,0.0,0.0,0.0,0.0,6.483874911149069e-05
0x2372dbe743210c04d8a274197135b584541cab9b,0.0,0.0,6.472543449234429e-05,0.0,0.0,0.0,0.0,6.472543449234429e-05
0xe62c71015bb02bfe0ba70c23f192c4a3eed74b43,0.0,0.0,6.461843331308395e-05,0.0,0.0,0.0,0.0,6.461843331308395e-05
0xe5988e0a077491660baddb23d2444c5519195596,0.0,0.0,0.0,0.0,0.0,6.365210496580422e-05,0.0,6.365210496580422e-05
0xad4cab62d488607a831fd72283c9ff73d3aa6d8d,0.0,0.0,6.308078363199007e-05,0.0,0.0,0.0,0.0,6.308078363199007e-05
0x6cdd7bcb59d384861fd59d1eeec47ffb16eb94e5,6.2781402646866e-05,0.0,0.0,0.0,0.0,0.0,0.0,6.2781402646866e-05
0xf2634c01289c1dd9adeaa0339d336dee9528c135,6.248804744212694e-05,0.0,0.0,0.0,0.0,0.0,0.0,6.248804744212694e-05
0x7c1bb0496734ed180bc7ebbc947eb64f4907740e,0.0,0.0,0.0,6.246762749918816e-05,0.0,0.0,0.0,6.246762749918816e-05
0xcdb5eb2f91c6ee874b849ab3a58c3745bc8a7f1f,5.881018695704855e-05,0.0,0.0,3.61899386526207e-06,0.0,0.0,0.0,6.242918082231062e-05
0x32650f3faf0cd0a8d0c279e3c2269b83c3d7e48d,0.0,0.0,6.217733073728478e-05,0.0,0.0,0.0,0.0,6.217733073728478e-05
0x1aac1fd77054cfbc956b37cc4209f04fe79de124,6.217451739198904e-05,0.0,0.0,0.0,0.0,0.0,0.0,6.217451739198904e-05
0x03ef5e2b90ed71bd2b71ac322f148a3eb07e240f,6.198643455441066e-05,0.0,0.0,0.0,0.0,0.0,0.0,6.198643455441066e-05
0xc2b4ab4e385fc47361f50302e1cba8bec5e1f1a8,6.155998319403404e-05,0.0,0.0,0.0,0.0,0.0,0.0,6.155998319403404e-05
0xa11993ce74be297ed219e1e2ffa2d8bb76c246f5,0.0,0.0,6.149423619963543e-05,0.0,0.0,0.0,0.0,6.149423619963543e-05
0x6f2a865e1806004adb3848792247153cd7ede2ed,6.115443207879655e-05,0.0,0.0,0.0,0.0,0.0,0.0,6.115443207879655e-05
0x08eb34d292275ba25fc2001bf2c8108d97b46231,6.075201823860278e-05,0.0,0.0,0.0,0.0,0.0,0.0,6.075201823860278e-05
0x61a5948749d6ee458559c425c56ccd92d1c2ea80,0.0,0.0,6.068839868907531e-05,0.0,0.0,0.0,0.0,6.068839868907531e-05
0x6e70c5a3ef1cccfc575e10d5f0e5235f4cfc7786,0.0,0.0,6.035394908129039e-05,0.0,0.0,0.0,0.0,6.035394908129039e-05
0x8a40046f711bd9be0c607891b303932f67193f26,0.0,0.0,0.0,6.0284659523670026e-05,0.0,0.0,0.0,6.0284659523670026e-05
0x2886c16918b2777270219edf54b290016d6eb13e,0.0,0.0,5.777943778523093e-05,2.275698016235083e-06,0.0,0.0,0.0,6.005513580146601e-05
0x3de19cf71ce2635e69102b43b1614a4035b54790,0.0,0.0,6.0047614309295906e-05,0.0,0.0,0.0,0.0,6.0047614309295906e-05
0x3a7d71dcd56598b44ca9d73d0a7b8d5fc0fe6db6,0.0,0.0,0.0,5.9789104948567706e-05,0.0,0.0,0.0,5.9789104948567706e-05
0x059cd0f4b5f619a8afd03ecc906ea5f6123650d4,0.0,0.0,0.0,5.956494354108627e-05,0.0,0.0,0.0,5.956494354108627e-05
0xd5aa16c8120ea7ea8034ea4757f87d67f3190530,0.0,0.0,0.0,0.0,5.947342713383774e-05,0.0,0.0,5.947342713383774e-05
0x14b160fc6295887936a1ace85b5401dc2fa885f3,0.0,0.0,4.714070902002658e-05,0.0,1.2218044003843759e-05,0.0,0.0,5.935875302387034e-05
0x4f8023d42cc6d4dc5f3271671098ec2ddd588f7b,0.0,0.0,0.0,5.918318449425468e-05,0.0,0.0,0.0,5.918318449425468e-05
0x0d97f775024d445d39868a0c3ad298654337b51a,5.882417309472163e-05,0.0,0.0,0.0,0.0,0.0,0.0,5.882417309472163e-05
0x210af693ceef669d23d6443d39da65740af57933,5.8811245559461094e-05,0.0,0.0,0.0,0.0,0.0,0.0,5.8811245559461094e-05
0x08d70ef21f06d1a75f9510423a86ca1f24cdfe90,5.881124461849055e-05,0.0,0.0,0.0,0.0,0.0,0.0,5.881124461849055e-05
0xd7fd774d7c3e45698b959a8fa4d8682324791a43,5.881121039140341e-05,0.0,0.0,0.0,0.0,0.0,0.0,5.881121039140341e-05
0x34e92fbb2dfeadb661e99f1d4bcccb7b3d51ec63,5.880030949047377e-05,0.0,0.0,0.0,0.0,0.0,0.0,5.880030949047377e-05
0xe9acaccc2aa8d3833a2aae80a9ef898efc57bcec,5.8661618925907e-05,0.0,0.0,0.0,0.0,0.0,0.0,5.8661618925907e-05
0xf43f9e6ea7e98f2573eaab81faa1baa16a03c082,5.694075855441245e-05,0.0,7.128831165865277e-09,1.6247026874212064e-06,0.0,0.0,0.0,5.8572590072999524e-05
0x91e149f1b83b7f36f8bb9dd8016cbd7c2271d59c,5.8104350249912946e-05,0.0,0.0,3.3804208936482216e-09,4.2169026829816156e-07,0.0,0.0,5.8529420939104755e-05
0x27567c705a6d2b41f62990c8177a31be99b21e1a,5.838273516941334e-05,0.0,0.0,0.0,0.0,0.0,0.0,5.838273516941334e-05
0xe9acf2b69e64fa196c088b345b0a718c361d46b9,0.0,0.0,0.0,5.7993482929425045e-05,0.0,0.0,0.0,5.7993482929425045e-05
0xa536b41c36044bf6045b3136f68a736ee84432d7,0.0,0.0,0.0,5.7823989606301234e-05,0.0,0.0,0.0,5.7823989606301234e-05
0x3ec63cbc1e7bb2d8b36c3a24bfac96571af9ce20,0.0,0.0,0.0,5.6866381015095126e-05,0.0,0.0,0.0,5.6866381015095126e-05
0x5257db95825482b123d83de29c5ca1377955d0fb,0.0,0.0,0.0,5.667695255143394e-05,0.0,0.0,0.0,5.667695255143394e-05
0x0b06415da440ae96312ac8ddc62eb39f860206f9,0.0,0.0,5.569036057108101e-05,0.0,0.0,0.0,0.0,5.569036057108101e-05
0x7c502bc1fb61572e1c4b19cd59e9813fc649fd31,0.0,5.5639825920596055e-05,0.0,0.0,0.0,0.0,0.0,5.5639825920596055e-05
0x9ae91e985e993018043ad6473d2834e90a14fd1d,0.0,0.0,0.0,5.5583895001165187e-05,0.0,0.0,0.0,5.5583895001165187e-05
0xd2f7c872e960751f1522869c797061a69e2af42b,0.0,5.54695218873369e-05,0.0,0.0,0.0,0.0,0.0,5.54695218873369e-05
0xa8f1b4a05e7da0a7a2a926a4099f385111acdb10,0.0,0.0,0.0,5.545955462006405e-05,0.0,0.0,0.0,5.545955462006405e-05
0x00770a16c2cfb99148faf0ea9fa47d06afdba2f2,0.0,0.0,5.510824838583034e-05,0.0,0.0,0.0,0.0,5.510824838583034e-05
0xe0c3352fc91558cd3148cc9d14db2a1bd3960702,0.0,0.0,5.493071224315382e-05,0.0,0.0,0.0,0.0,5.493071224315382e-05
0x1ecc0663aa9b7ffdbfa30c35db336d75c959c2ec,0.0,0.0,0.0,5.4713987109412055e-05,0.0,0.0,0.0,5.4713987109412055e-05
0x0b6d3283a5b2956e38b327608d04d31c389a26b3,0.0,0.0,5.453965947430435e-05,0.0,0.0,0.0,0.0,5.453965947430435e-05
0xc72d7993db2e0d78c4f66d8ed68e2f141b4b85b3,0.0,5.3735393734321297e-05,0.0,0.0,0.0,0.0,0.0,5.3735393734321297e-05
0x79d645784058dcf36dfddcdb813c267d61b71c10,0.0,5.337412322626127e-05,0.0,0.0,0.0,0.0,0.0,5.337412322626127e-05
0x4d53380f7d3d1b8e93487c27d25236417a7108a5,0.0,0.0,5.291166635907345e-05,0.0,0.0,0.0,0.0,5.291166635907345e-05
0xfbcabfb7f9400d7d4ac4432c07b2ec54645b2474,0.0,0.0,0.0,5.2859714187865954e-05,0.0,0.0,0.0,5.2859714187865954e-05
0xf20918ce5df49830a0dfb8bf45478112b6065ffc,5.284778735015186e-05,0.0,0.0,0.0,0.0,0.0,0.0,5.284778735015186e-05
0x7513a77f7d2f3440c658d7a88cf2a7ae72568aba,0.0,0.0,0.0,5.266323682086589e-05,0.0,0.0,0.0,5.266323682086589e-05
0x967adc4a8067fa76b63e48cf9600cbb48e3c8e6d,0.0,0.0,5.26120906129165e-05,0.0,0.0,0.0,0.0,5.26120906129165e-05
0xb3775279bea6ecc993781b61252a0afae2c2c801,0.0,0.0,0.0,5.2594984162372025e-05,0.0,0.0,0.0,5.2594984162372025e-05
0x5e1d28a3538237194a687d783a99b6ef347bdf34,0.0,0.0,5.217323540820066e-05,0.0,0.0,0.0,0.0,5.217323540820066e-05
0x41dd0416f763361e96a88610bb2364b690bbd14d,0.0,0.0,5.2013192417424847e-05,0.0,0.0,0.0,0.0,5.2013192417424847e-05
0xf0ba77771a6034e5ecf01e876c3004e18fc7d894,0.0,0.0,0.0,5.185486192379814e-05,0.0,0.0,0.0,5.185486192379814e-05
0xd597e0b48781be67c5fdc6fdf315998d9c26a774,0.0,0.0,5.1790754216195415e-05,0.0,0.0,0.0,0.0,5.1790754216195415e-05
0x17594526476d84b693439fc4d338c8af205b2c3c,0.0,5.120899741963416e-05,0.0,0.0,0.0,0.0,0.0,5.120899741963416e-05
0xfebc9bcd82ebdad46e6d37b9959deba7b3f2c186,5.120517663793932e-05,0.0,0.0,0.0,0.0,0.0,0.0,5.120517663793932e-05
0x18668de534d2cc284d002f395b0d9ad2e6ed605e,0.0,0.0,5.1159396343914105e-05,0.0,0.0,0.0,0.0,5.1159396343914105e-05
0xcef9bf78f70ceaa1cd7eb330bf58c111d259b119,0.0,0.0,0.0,0.0,5.11295756329585e-05,0.0,0.0,5.11295756329585e-05
0xa32862271c4200be48158d86e82c1b49643d777d,0.0,0.0,4.8969604724750105e-05,1.7837342304244641e-06,0.0,0.0,0.0,5.075333895517457e-05
0xbb7d7e3341bf213b0d6745c4d83541f3c386ae83,0.0,0.0,0.0,5.044272892590316e-05,0.0,0.0,0.0,5.044272892590316e-05
0xd5c6c92a537f0010cc75d57aa6602a04bbfda9a2,0.0,0.0,4.991818198100951e-05,0.0,0.0,0.0,0.0,4.991818198100951e-05
0x99a6abc3e1bd28c96e4ab394cafa589b9cdd7f45,0.0,0.0,4.978236958895528e-05,0.0,0.0,0.0,0.0,4.978236958895528e-05
0xb5b1d52b17dba62d94f7ccd365b2ad75abf1e962,4.974598512211555e-05,0.0,0.0,0.0,0.0,0.0,0.0,4.974598512211555e-05
0xbb264ef3108c288c5b73e4e0b07e4168814ce7a7,0.0,0.0,0.0,4.9549594105098616e-05,0.0,0.0,0.0,4.9549594105098616e-05
0x6a1d5e01bdc7b2472e72499504b740f152660b42,0.0,0.0,4.9485786022204394e-05,0.0,0.0,0.0,0.0,4.9485786022204394e-05
0x803edeb4df7320f26bea460d19db3151e15dbc9d,4.930610266200067e-05,0.0,0.0,0.0,0.0,0.0,0.0,4.930610266200067e-05
0x256e434bea026cb8af46653b952212881b4e79e5,0.0,0.0,4.875993773436518e-05,0.0,0.0,0.0,0.0,4.875993773436518e-05
0xbf6027eec61026de19699207acf51bb028b12f12,0.0,0.0,0.0,0.0,0.0,4.829907137849791e-05,0.0,4.829907137849791e-05
0x9a636278919aebc8c72eefecb4335e5531e75a1d,0.0,4.759462172466057e-05,0.0,0.0,0.0,0.0,0.0,4.759462172466057e-05
0x607cffa1838ea9caba1b5a7dad68d731e8c062b0,4.6997719580028414e-05,0.0,0.0,0.0,0.0,0.0,0.0,4.6997719580028414e-05
0xdda42f12b8b2ccc6717c053a2b772bad24b08cbd,0.0,0.0,0.0,4.641061900453616e-05,0.0,0.0,0.0,4.641061900453616e-05
0x5ab1317a541427c4d960c1a3565b0638d17845f4,0.0,4.635549247091162e-05,0.0,0.0,0.0,0.0,0.0,4.635549247091162e-05
0x5298c4a4a9b778921fc0c6f170a04fed933e05c8,0.0,4.632858851398239e-05,0.0,0.0,0.0,0.0,0.0,4.632858851398239e-05
0x79f5bae9fe015a5097a3895a0a6a4c316c0ba10e,0.0,4.62985262185899e-05,0.0,0.0,0.0,0.0,0.0,4.62985262185899e-05
0xa247edcbc320edace8c5f0acacbe321407f8eaf3,0.0,4.628032009692157e-05,0.0,0.0,0.0,0.0,0.0,4.628032009692157e-05
0xb901d82ba30f105312e63be0d7d41f3ace5ea36c,0.0,4.620394900243512e-05,0.0,0.0,0.0,2.5104394736717536e-11,0.0,4.620397410682986e-05
0xcef7c1e951c6bb922451fefc1d7004289068c8ce,0.0,0.0,0.0,4.615600167481219e-05,0.0,0.0,0.0,4.615600167481219e-05
0x756667ae451304e52b6f9b56c7a645b3463039ae,0.0,0.0,4.602199288870867e-05,0.0,0.0,0.0,0.0,4.602199288870867e-05
0x7c7268ea70382bb0d56143dad7105c6a0f5cfc04,0.0,0.0,0.0,1.574657958999349e-07,4.5599756322208856e-05,0.0,0.0,4.575722211810879e-05
0xfc60c76679bb4781da9d2d3d173df063fae00fea,0.0,0.0,0.0,4.573709092746462e-05,0.0,0.0,0.0,4.573709092746462e-05
0xa09c2449a64985784b6d83fe05adf9c342f12366,0.0,0.0,0.0,4.53801232009795e-05,0.0,0.0,0.0,4.53801232009795e-05
0x50f17c7438a01078a4b4804036cf84e184d38fca,4.5352540696978695e-05,0.0,0.0,0.0,0.0,0.0,0.0,4.5352540696978695e-05
0x19c2a0e1398ba78c00af784fdec4cd0bbe70a392,0.0,4.5231803058684e-05,0.0,3.7694257217254886e-14,6.29507652403358e-12,0.0,0.0,4.5231809391454787e-05
0x3b89003a37338f2edb15c25ab6503df436479669,0.0,0.0,0.0,1.4766857700035314e-05,3.0445472677128057e-05,0.0,0.0,4.521233037716337e-05
0x68755258dd9b1c63bb259064753e61f7c452f18f,0.0,0.0,0.0,4.5143555862440425e-05,0.0,0.0,0.0,4.5143555862440425e-05
0x2d76fc50442255d4b5d656b99b3061484abf4b72,0.0,4.4725511991443704e-05,0.0,0.0,0.0,0.0,0.0,4.4725511991443704e-05
0x2b6335188f56fc809896cb94dea8ae012035b43c,0.0,0.0,0.0,4.4658886060195544e-05,0.0,0.0,0.0,4.4658886060195544e-05
0x7c4edf7cf6fb21e538081387b1c38b28d1593fc2,0.0,4.4635165367538736e-05,0.0,0.0,4.637580759854956e-13,0.0,0.0,4.463516583129681e-05
0x9198ed9a6c3c87df03b1963627d4f4f7e6588b44,0.0,0.0,0.0,4.4275413152614136e-05,0.0,0.0,0.0,4.4275413152614136e-05
0x3bdd6476fd2ccaf785f7bab49884080807ed2df5,0.0,0.0,0.0,0.0,0.0,0.0,4.4046179521790017e-05,4.4046179521790017e-05
0x14ad5590505d351d859134da7e3e40acedd8bd4e,0.0,0.0,4.1647714284066224e-05,2.194998742193008e-06,0.0,0.0,0.0,4.384271302625923e-05
0x7e82a7bb5e6787beb07c363a0fbb42304ac04525,0.0,0.0,0.0,0.0,4.3577893538662115e-05,0.0,0.0,4.3577893538662115e-05
0x0cfea8b9fe0b40063194a760ae72e84ba87dccff,0.0,0.0,4.288441188553267e-05,0.0,0.0,0.0,0.0,4.288441188553267e-05
0x5ad5c95548bbea1c79ae16e10da51a34436dbcdd,0.0,0.0,3.605955385577509e-05,0.0,6.653559751193886e-06,0.0,0.0,4.2713113606968975e-05
0x958eb519904f3e65da1f93b03637c83794eda8c9,0.0,0.0,0.0,4.249718099103278e-05,0.0,0.0,0.0,4.249718099103278e-05
0x9a87bdfd401b89356b753358ce63e9e5d019f7e9,0.0,0.0,0.0,4.2418842911214615e-05,0.0,0.0,0.0,4.2418842911214615e-05
0xc1221d01b6d0b46a1ee41c147f9c991d2b1904b5,3.1753589712473026e-05,0.0,0.0,1.0663656712746587e-05,0.0,0.0,0.0,4.241724642521961e-05
0xa3b143a3c6a859f3ade9709b82d2dc0f395ce2b1,0.0,0.0,0.0,4.237206471462025e-05,0.0,0.0,0.0,4.237206471462025e-05
0x512e5f46e0c5352f3971ac8192466959226b77c3,0.0,0.0,4.216561805021172e-05,0.0,0.0,0.0,0.0,4.216561805021172e-05
0x2e349bde5c34dc16e655e98d30ff93a261885974,0.0,0.0,0.0,4.2030045594425075e-05,0.0,0.0,0.0,4.2030045594425075e-05
0xc33d07b575cb2c65042ddb931a90df73dba6d2d3,4.181765599916637e-05,0.0,0.0,0.0,0.0,0.0,0.0,4.181765599916637e-05
0x83ed0969db692d47e801ed9dd93afb0755be2641,0.0,0.0,0.0,4.167006659383718e-05,0.0,0.0,0.0,4.167006659383718e-05
0xfe8a8895abdd85e539920f40148be26e914a082d,4.1479030597469715e-05,0.0,0.0,0.0,0.0,0.0,0.0,4.1479030597469715e-05
0x4009528cd3f2545d09f02e3977f726c99b9387cc,0.0,0.0,4.1147689505758517e-05,0.0,0.0,0.0,0.0,4.1147689505758517e-05
0x4694878dc61fec5ecb84e90172263fd248aa1d71,0.0,0.0,0.0,4.10624470535979e-05,0.0,0.0,0.0,4.10624470535979e-05
0xef5eda43d5acf021c22a487aa442c5ff93a13cb0,0.0,0.0,4.104248501614576e-05,0.0,0.0,0.0,0.0,4.104248501614576e-05
0x1a898b6bd8fdc307bc5ec0d49d890f36b3bdf1a2,0.0,0.0,0.0,4.101971516697555e-05,0.0,0.0,0.0,4.101971516697555e-05
0x786b201f4e0dbfbadd2f0ba89d8240591d25b2c7,0.0,0.0,0.0,4.091693700713563e-05,0.0,0.0,0.0,4.091693700713563e-05
0x840e59bd1c59437c35eefeb07be8f345dc5d0637,0.0,0.0,0.0,0.0,0.0,4.050426287098474e-05,0.0,4.050426287098474e-05
0x0b7c75a9689a84854256c7d5db7c87feb1bbbb8b,0.0,4.050165328311663e-05,0.0,0.0,0.0,0.0,0.0,4.050165328311663e-05
0x1cc08fbe4214051aa2f0cdce718e13174117f755,0.0,0.0,0.0,3.997204244332432e-05,0.0,0.0,0.0,3.997204244332432e-05
0x87941a73f2ea8e05dfa2854561e307a786c5e8e3,0.0,3.993488586715645e-05,0.0,0.0,0.0,6.580926857020892e-09,0.0,3.994146679401347e-05
0xdfc578ab1a591348dc298fa9059d4b4307f523b4,0.0,4.63160925256628e-06,0.0,3.4843791770113034e-05,0.0,0.0,0.0,3.9475401022679315e-05
0x122801263e9456b9435213e0174063c8e92e23e0,0.0,0.0,0.0,3.935814952766811e-05,0.0,0.0,0.0,3.935814952766811e-05
0x089ce33af8826110c9e5d8b75ca9d615d77e1c85,0.0,0.0,3.918417822083837e-05,0.0,0.0,0.0,0.0,3.918417822083837e-05
0x7da9228e3b6891f41cbd3adb77afd35b5aa52ba6,0.0,0.0,0.0,0.0,3.913404378725632e-05,0.0,0.0,3.913404378725632e-05
0x3b2f7dfb30ff05857351de1c14fff290f4384c9e,0.0,3.903123637897172e-05,0.0,0.0,0.0,0.0,0.0,3.903123637897172e-05
0x9f04063ff1b2f762bc93a9243b095d6f9c616fb3,0.0,0.0,0.0,3.8844457390483815e-05,0.0,0.0,0.0,3.8844457390483815e-05
0x57e62542fb63619b4269726ba99dac59d9f47555,3.878789227988865e-05,0.0,0.0,0.0,0.0,5.138244090176811e-11,0.0,3.878794366232955e-05
0x82edbadccdf7eb2748cee59b75e9ec3f5ad059ec,3.878789227988865e-05,0.0,0.0,0.0,0.0,0.0,0.0,3.878789227988865e-05
0x3c3451c5ea2bd51f5bc9f879d56de84e64b0c6a1,0.0,0.0,3.8514987858520826e-05,0.0,0.0,0.0,0.0,3.8514987858520826e-05
0xc37ba887da49efb6e35df6fffa41a74e0989055f,3.783117761419157e-05,0.0,0.0,3.6181483915710055e-12,0.0,0.0,0.0,3.783118123233996e-05
0xa9ce265739c466377d80e704428254ef5ac38db5,0.0,3.762767166156183e-05,0.0,0.0,0.0,0.0,0.0,3.762767166156183e-05
0xfc725bc491f1b3b908c9e9bc2398d499d17d0d36,0.0,0.0,0.0,0.0,3.7617063771208924e-05,0.0,0.0,3.7617063771208924e-05
0xaba7514803e5a1b743f7768256e5227ed5b35aea,0.0,0.0,0.0,0.0,3.7576339835841685e-05,0.0,0.0,3.7576339835841685e-05
0x3773fb8b0e83d6201abba079729a4855a208a9dd,0.0,0.0,0.0,3.721487841198855e-05,0.0,0.0,0.0,3.721487841198855e-05
0x242c7f2279a3187279fd61605004a4b477b63a78,0.0,0.0,0.0,0.0,3.7097565879150695e-05,7.918579656211491e-10,0.0,3.7098357737116314e-05
0xc34165125bd1aa351fead04f3ba2904a32d11b54,0.0,3.709076214708121e-05,0.0,0.0,0.0,0.0,0.0,3.709076214708121e-05
0xcda02d2b13e0857d30a483097ca3df8a2874b516,3.6994792046511845e-05,0.0,0.0,0.0,0.0,0.0,0.0,3.6994792046511845e-05
0x04819fbdacedcb4fb165331b0f3b21bdc7c11c78,0.0,2.7835535075381992e-05,2.61700838143688e-06,3.570296414995842e-14,6.370222869968541e-06,0.0,0.0,3.6822766362490375e-05
0x4ef3668735920810e43675129e5ccd589714da13,3.6607301477548347e-05,0.0,0.0,0.0,0.0,0.0,0.0,3.6607301477548347e-05
0xf28f482902c68490a229cc07a64431d589a4f165,3.522299812979166e-05,0.0,0.0,1.2652717186354692e-06,0.0,0.0,0.0,3.6488269848427126e-05
0xe3c518103b694349ce1a66b7bb29def5357281b6,0.0,0.0,0.0,3.62335368239084e-05,0.0,0.0,0.0,3.62335368239084e-05
0x7bb36a927d4f8d28647d0318b1dc4b97e98679c3,1.2936145525664674e-05,0.0,0.0,2.3222947595312885e-05,0.0,0.0,0.0,3.615909312097756e-05
0xd34816fa98d76ebd2d60e41447790b4947556e0c,0.0,0.0,0.0,3.61088240352793e-05,0.0,0.0,0.0,3.61088240352793e-05
0xc7af45f69d530797c53aced0a0baa66b40a45dc9,3.596053724686601e-05,0.0,0.0,0.0,0.0,0.0,0.0,3.596053724686601e-05
0x64dd485ef7abe48ef2781fcf02d8f0432b807cc5,1.929573023160858e-05,0.0,0.0,1.6626124624242112e-05,0.0,0.0,0.0,3.5921854855850696e-05
0x53e7c4a18fe7922ac5b833de83af5d6ee7694ff6,3.574569068869601e-05,0.0,0.0,5.3690105122486945e-09,5.093359315794897e-08,0.0,0.0,3.580199329236621e-05
0x7310c427eeaf2d11832377aafcd3555cfff93b86,0.0,3.553198871676276e-05,0.0,0.0,0.0,0.0,0.0,3.553198871676276e-05
0x264cde6fb0cad0e68c268330d9a80147213175a2,0.0,0.0,0.0,3.5506736625401344e-05,0.0,0.0,0.0,3.5506736625401344e-05
0x97c6d5b8dd11d05591b230642f9aa3b79080dde7,3.5330970476366595e-05,0.0,0.0,0.0,0.0,1.210907526833739e-11,0.0,3.533098258544187e-05
0x76a563f5b1950bd3c14e4e4b4a64cbaf39a8d100,3.5283219507746e-05,0.0,0.0,0.0,0.0,0.0,0.0,3.5283219507746e-05
0xa466aff81a506c6a3a910a835734fb8f2c18019b,3.5283219507746e-05,0.0,0.0,0.0,0.0,0.0,0.0,3.5283219507746e-05
0x513a0eb566b789dba6dcd00f592077a3e104ee3e,3.51826522754257e-05,0.0,0.0,0.0,0.0,0.0,0.0,3.51826522754257e-05
0x0d264a9d6b117fcd1df604c0b86a59ea45e67c4f,0.0,0.0,0.0,3.517347978653194e-05,0.0,0.0,0.0,3.517347978653194e-05
0xa5610d14159758172b052f44f9be1652a60b27b5,3.47690899441632e-05,0.0,0.0,0.0,0.0,0.0,0.0,3.47690899441632e-05
0x0db228081fa3ab56337662da8b2454ed672ae6ef,0.0,3.475488113729329e-05,0.0,0.0,0.0,0.0,0.0,3.475488113729329e-05
0x8dce1eacfa57ed7f0b0c645f82454653dea683cc,0.0,0.0,0.0,3.472388864981081e-05,0.0,0.0,0.0,3.472388864981081e-05
0x04028198e451f64212c33ca22cb3b1fba6272459,0.0,3.4697741164274624e-05,0.0,0.0,0.0,0.0,0.0,3.4697741164274624e-05
0x671554223ec8389fa61ec2bd895a7b109690bbb6,0.0,0.0,3.463351018733128e-05,0.0,0.0,0.0,0.0,3.463351018733128e-05
0x03d8c5752fce527d6069cf5eacb9eb2597f3306a,0.0,0.0,3.456040688954134e-05,0.0,0.0,0.0,0.0,3.456040688954134e-05
0x167969116cb0141215449dfaaa28ef478b5703c5,0.0,0.0,0.0,3.453317444695489e-05,0.0,0.0,0.0,3.453317444695489e-05
0xf26badfae67fa8ace3ffe556356c33afb3a14ea7,0.0,0.0,0.0,0.0,3.450879174349929e-05,0.0,0.0,3.450879174349929e-05
0xd08a221981bf5cd50d91298006df5e82483c5733,0.0,3.4389512868863195e-05,0.0,0.0,0.0,0.0,0.0,3.4389512868863195e-05
0x87292ec7b0973aa877ae0989b1ca7a69331cfeb7,0.0,0.0,0.0,3.380136390819665e-05,0.0,0.0,0.0,3.380136390819665e-05
0xa2c8838a1935d82c7fefedc5be06696c0beda9ba,3.305007130157377e-05,0.0,0.0,0.0,0.0,0.0,0.0,3.305007130157377e-05
0x4ee5a8b7943a8be4c06864dade6431f70925bd10,0.0,0.0,0.0,3.2698140109076845e-05,0.0,0.0,0.0,3.2698140109076845e-05
0x1c480de7ac814fea4e720755e787cb1308fdc758,0.0,0.0,0.0,3.2370490569753504e-05,0.0,0.0,0.0,3.2370490569753504e-05
0x2c4690de224763c6a19874b602b9499e7bb1c5f9,0.0,0.0,8.960517604264023e-06,2.3092026404422446e-05,0.0,0.0,0.0,3.205254400868647e-05
0xfb2565cedc2bf10f24a379595b73b43aab04d0b7,0.0,0.0,0.0,3.1864380426499654e-05,0.0,0.0,0.0,3.1864380426499654e-05
0x78c4e35086f3a6f06d25279e45863cd17b63784d,0.0,0.0,0.0,3.13074866106902e-05,0.0,0.0,0.0,3.13074866106902e-05
0xbdd5f2082cbafa050dc6696f9f439d8b2584fca5,0.0,0.0,0.0,3.093768919037409e-05,0.0,0.0,0.0,3.093768919037409e-05
0x0a0ea0a0ac8f0a2298c3f1e0547e656584a0d575,0.0,0.0,3.08743951222746e-05,0.0,0.0,0.0,0.0,3.08743951222746e-05
0x47d8917b8e5529fcd4cde793fcb7a11ef44e2eac,0.0,0.0,3.083999158457244e-05,0.0,0.0,0.0,0.0,3.083999158457244e-05
0x98c7a0c5ec68939d43f30488e673f59b668967ea,0.0,0.0,0.0,0.0,0.0,3.082801774899053e-05,0.0,3.082801774899053e-05
0xbe4b5a1ebdbf76777c29a9351e40407e922b5f29,0.0,3.0616832642793214e-05,0.0,0.0,0.0,0.0,0.0,3.0616832642793214e-05
0xb2eb697964e9846de05a92322a8c0a2c61c9d735,3.0461177933459442e-05,0.0,0.0,0.0,0.0,0.0,0.0,3.0461177933459442e-05
0xb8170af9e8b0a32f1eae845e059c0b5435d13414,0.0,0.0,0.0,0.0,3.019898128766576e-05,0.0,0.0,3.019898128766576e-05
0x83405218ee092c1f8cd4db9f4cf4e12e1ab4d147,0.0,3.0168344720803267e-05,0.0,0.0,0.0,0.0,0.0,3.0168344720803267e-05
0x9834a9917a8e8d03590ef7a8de7b22a82c5e693e,0.0,0.0,0.0,3.0086463525510204e-05,0.0,0.0,0.0,3.0086463525510204e-05
0x1d368f36b268109769910b3d305d6e9ee9e1d016,0.0,0.0,3.0016325576992837e-05,0.0,0.0,0.0,0.0,3.0016325576992837e-05
0x64dfd6e32951adfd9835b6224d121b00fc95c549,2.992635602721808e-05,0.0,0.0,0.0,0.0,0.0,0.0,2.992635602721808e-05
0x56e42e67f1986dcdc8a8c7c3b354efef57a876ef,0.0,0.0,2.9854201495430203e-05,0.0,0.0,0.0,0.0,2.9854201495430203e-05
0xb4f7397089af782011c0e522c3738a537a0f24a5,0.0,0.0,2.979766643537217e-05,0.0,0.0,0.0,0.0,2.979766643537217e-05
0x294daa640ddf0135cabcfd3ea840eb50fdef714a,0.0,0.0,0.0,2.9641308375126588e-05,0.0,0.0,0.0,2.9641308375126588e-05
0x0e9b063789909565ceda1fba162474405a151e66,0.0,2.9633967696799786e-05,0.0,0.0,0.0,0.0,0.0,2.9633967696799786e-05
0x0620362103a11f7e5e4bab194fa735bb5e2898dc,0.0,0.0,0.0,0.0,0.0,0.0,2.9434896798794384e-05,2.9434896798794384e-05
0xee5d5d2131ec7e681b4a61cc528c3f1890fb91e7,2.9423269212011373e-05,0.0,0.0,0.0,0.0,0.0,0.0,2.9423269212011373e-05
0x9e6df8d999a2157512ef0b7459d938c37d449600,2.9408564047818767e-05,0.0,0.0,0.0,0.0,0.0,0.0,2.9408564047818767e-05
0xf7924acc9c911580532d82e85370f10e93343779,2.9395167240982126e-05,0.0,0.0,0.0,0.0,0.0,0.0,2.9395167240982126e-05
0x2d58788dbc9518c5926e9854e0f02cb433aecd00,0.0,2.9252576167758825e-05,0.0,0.0,0.0,0.0,0.0,2.9252576167758825e-05
0x6033642023ea4754e9ccd5525b233117ef6ea729,0.0,0.0,2.914742432638265e-05,0.0,0.0,0.0,0.0,2.914742432638265e-05
0xf56d85eb82b6ffd1f102e0a10739ae7dbb743f05,0.0,2.7747920060543327e-05,0.0,0.0,0.0,0.0,0.0,2.7747920060543327e-05
0x0577328d5582afbce2d83e29ced39aaf2eeccc33,0.0,0.0,0.0,2.7394073131395324e-05,0.0,0.0,0.0,2.7394073131395324e-05
0xa1943b4c13a6f1d366181230b4fbfe0248107314,0.0,0.0,0.0,0.0,2.699891012310725e-05,0.0,0.0,2.699891012310725e-05
0xac6cd231c22919a9d0fc2b619e73134c380ca0ff,0.0,0.0,0.0,0.0,2.685427657114317e-05,0.0,0.0,2.685427657114317e-05
0x2d5425033260cfb66b6dc2ba8239524a24787c28,0.0,0.0,2.6818159864023173e-05,0.0,0.0,0.0,0.0,2.6818159864023173e-05
0x11902b69de86357d2afdef19dcf3d2dda61b901a,0.0,0.0,0.0,2.6809942632358607e-05,0.0,0.0,0.0,2.6809942632358607e-05
0x1779bf648eb627e66ed1ef96d4d4223834b5c5a3,0.0,2.6683887166254307e-05,0.0,0.0,0.0,0.0,0.0,2.6683887166254307e-05
0x816e857d09105c44695a20fe887cbebebde45c2c,0.0,0.0,0.0,2.6635121496173197e-05,0.0,0.0,0.0,2.6635121496173197e-05
0x6035b9e9406ec607bef1675b5164c61fac31cbc9,0.0,0.0,2.638442386265601e-05,0.0,0.0,0.0,0.0,2.638442386265601e-05
0x9274a633c6e03c4eb9e18b3211894fd56b0d46e0,0.0,2.6253455052725984e-05,0.0,0.0,0.0,0.0,0.0,2.6253455052725984e-05
0x4db36bcc5110bddbfc73433ac195d527d001c25a,0.0,0.0,0.0,2.616427026059019e-05,0.0,0.0,0.0,2.616427026059019e-05
0xb8b8b950a49504e9cd4bce4c1f111c0801e91700,0.0,0.0,0.0,2.2311384086026844e-06,2.3837033143205224e-05,0.0,0.0,2.6068171551807907e-05
0xa2463fe11bf43a141233cc8f367045c78471cfab,0.0,0.0,2.598427992985925e-05,0.0,0.0,0.0,0.0,2.598427992985925e-05
0x937a872d092c43bde9149cd552f82959ef513261,2.5889887259168716e-05,0.0,0.0,0.0,0.0,0.0,0.0,2.5889887259168716e-05
0xf1068ece146be3e4ac1d90f739c5a42a8bfc5853,2.5863802001065903e-05,0.0,0.0,0.0,0.0,0.0,0.0,2.5863802001065903e-05
0x4ac58de4cce36b62b4e3737d834c98cab8e206b6,2.5863366065049014e-05,0.0,0.0,0.0,0.0,0.0,0.0,2.5863366065049014e-05
0x2b5fc6527889196d16711da2a6f8a079d715443d,2.584088796302109e-05,0.0,0.0,0.0,0.0,0.0,0.0,2.584088796302109e-05
0x93435c6963a80e3ff52ca5458fc06436bc7e9bea,2.583635832077939e-05,0.0,0.0,0.0,0.0,0.0,0.0,2.583635832077939e-05
0x899487bca558dd912f58293eaf7d98e9c7d1b380,2.546072277042391e-05,0.0,0.0,0.0,0.0,0.0,0.0,2.546072277042391e-05
0x7be6f9077e19c43f28430507667059b81086113c,0.0,0.0,0.0,0.0,2.5377802848853717e-05,0.0,0.0,2.5377802848853717e-05
0xb942a24e02276e4a31470459fc5c38170a3efd35,0.0,0.0,0.0,2.531991772572721e-05,0.0,0.0,0.0,2.531991772572721e-05
0x685b694102402b4c95c30b454f7a9f2131daf2a5,0.0,0.0,2.5068481908044605e-05,9.265163374892835e-10,2.2674663661859662e-07,0.0,0.0,2.529615506100069e-05
0x025f4b52478af0849fb679ef0f3cdf48a72786ba,0.0,0.0,2.527869726455089e-05,0.0,0.0,0.0,0.0,2.527869726455089e-05
0xe6b94572b3d38f7775eec0f60fb7517b9286753d,0.0,0.0,0.0,2.5218899795310534e-05,0.0,0.0,0.0,2.5218899795310534e-05
0xde7ddcc18535820df9899a106962f05d5b09f9bc,0.0,0.0,0.0,2.5166997128869432e-05,0.0,0.0,0.0,2.5166997128869432e-05
0x0ee4c2c7c5e109f6f3581fd59c87aef4695e7e92,0.0,0.0,2.5146175137901245e-05,0.0,0.0,0.0,0.0,2.5146175137901245e-05
0xed329b5772fe1596a8601d8152419c9b8c103535,2.489508431300949e-05,0.0,0.0,0.0,0.0,0.0,0.0,2.489508431300949e-05
0x3bfc85bb0ad4901a9c64a6f26e613ebc21f66f17,0.0,0.0,0.0,2.4662607667953474e-05,0.0,0.0,0.0,2.4662607667953474e-05
0x0dd0c18a034d3adbf3cd5d28d8b9c53eb636ec13,0.0,0.0,0.0,2.459846984653768e-05,0.0,0.0,0.0,2.459846984653768e-05
0xb0ed804297424ed91ddb004d4fcfefc1d7167bbd,0.0,0.0,0.0,0.0,2.4494363340525357e-05,0.0,0.0,2.4494363340525357e-05
0xaee3c7495440c5a8efae0c451ae852c5f31db00a,0.0,0.0,0.0,2.4304023407786956e-05,1.0046346390580484e-09,0.0,0.0,2.4305028042426015e-05
0x072e382e590ed992953f2746fc281ae6e0d9232b,2.4303239681567305e-05,0.0,0.0,0.0,0.0,7.714075397075158e-12,0.0,2.4303247395642703e-05
0x19a22013aa9102d2cddc00385a25dfd6730d40c7,0.0,0.0,0.0,0.0,2.424662403871889e-05,0.0,0.0,2.424662403871889e-05
0x5eb9df642d44bf33071d3468629601009cf163e9,0.0,2.4224798683254384e-05,0.0,0.0,0.0,0.0,0.0,2.4224798683254384e-05
0xcc4fcf5fb1d78a703399882520cb889cd9b936cf,0.0,0.0,2.4034848466483e-05,0.0,0.0,0.0,0.0,2.4034848466483e-05
0x7f5a7050a049ab8745df83358f78fea1593dcbdf,0.0,0.0,0.0,2.3832150607129756e-05,0.0,0.0,0.0,2.3832150607129756e-05
0x4422fb6cc641e2485a4f7f8fe23e93797bd4eaa4,0.0,0.0,0.0,0.0,0.0,2.3810155425490353e-05,0.0,2.3810155425490353e-05
0x34bcbaed2c1769bed6c3f696de32a548cc0ca6f3,0.0,1.0686060660578219e-05,1.2901456095677098e-05,0.0,0.0,0.0,0.0,2.3587516756255316e-05
0x73d69623e2821309bf54de2e690f3e0ebbb852cd,0.0,0.0,1.7372434215226164e-09,2.2517686876625983e-05,1.0605337359486849e-06,0.0,0.0,2.357995785599619e-05
0xd4b6a80ed83ab9036dcc4cfd78fea7e9c2a188be,2.35315384946386e-05,0.0,0.0,0.0,0.0,0.0,0.0,2.35315384946386e-05
0xa09da1d479ed04d69b61ccb6377aa9c5c901d0e7,2.352920368813385e-05,0.0,0.0,0.0,0.0,0.0,0.0,2.352920368813385e-05
0x5837ad197fe69450e85d0dac9a0d777e3f177920,2.3524498788376176e-05,0.0,0.0,0.0,0.0,0.0,0.0,2.3524498788376176e-05
0xc175da7d8c40713feb31edf34e725550168ff706,2.351572728927726e-05,0.0,0.0,0.0,0.0,0.0,0.0,2.351572728927726e-05
0x4c588869b3b7f4c9870e808076bc21c31ee8560b,2.3368551357233213e-05,0.0,0.0,0.0,0.0,0.0,0.0,2.3368551357233213e-05
0xca9ce67d4e2d19a5aa9c1c3eb5bfdaec71c271c7,0.0,2.2861598494100304e-05,0.0,0.0,0.0,0.0,0.0,2.2861598494100304e-05
0xd0ee336a9a919398fcf8cb46b31314e3d63334ed,0.0,2.2834377434186785e-05,0.0,0.0,0.0,0.0,0.0,2.2834377434186785e-05
0x1bd43d4cab82c7f1ed5e488dae87c45f5685a60f,0.0,0.0,0.0,2.2779460351421435e-05,0.0,0.0,0.0,2.2779460351421435e-05
0xd74a6f4e3e93026833dd46f78bfda004073f94d6,0.0,0.0,0.0,2.269254348348148e-05,0.0,0.0,0.0,2.269254348348148e-05
0xeb97faaf33e32bc1f5a78acbe0033a66fd960833,0.0,0.0,0.0,2.262886830124585e-05,0.0,0.0,0.0,2.262886830124585e-05
0xf63023c7afde71b113e6c9340a3b1fbd52cfa8b6,0.0,0.0,0.0,0.0,2.2535452316865952e-05,0.0,0.0,2.2535452316865952e-05
0x834476309783ef32cbcb4ba11fa037d0dcc05076,0.0,2.184376147706775e-05,0.0,0.0,1.6068242220150603e-13,0.0,0.0,2.184376163775017e-05
0xd1408ca80efb04f45c74f9e410bf9f6bfcdf4ed1,0.0,2.183727170638816e-05,0.0,0.0,0.0,0.0,0.0,2.183727170638816e-05
0x77caadbcee3dc0b92d28fd260cd7492b62e504ba,2.1700432676824272e-05,0.0,0.0,0.0,0.0,0.0,0.0,2.1700432676824272e-05
0x0550d25a22f626409493e1eef882f7d50011b8c8,2.1577997387594644e-05,0.0,0.0,0.0,0.0,0.0,0.0,2.1577997387594644e-05
0x49db7edb284f9b99b7860aec0ec151e535c4999d,0.0,0.0,0.0,2.1506394699181325e-05,0.0,0.0,0.0,2.1506394699181325e-05
0x542be3639faddde114531e329018ba62918c1f1c,0.0,0.0,2.144107392363204e-05,0.0,0.0,0.0,0.0,2.144107392363204e-05
0x91fbc48a6991da7959232c0662e27899b65f76db,0.0,0.0,0.0,2.1380414514872373e-05,0.0,0.0,0.0,2.1380414514872373e-05
0x2c64a1d5d602e7fb6d21da6211dcecc6e17a0649,0.0,2.1046646009398822e-05,0.0,0.0,0.0,0.0,0.0,2.1046646009398822e-05
0x2459dc3df825ffd3a880fad664144e7aea9d6b95,1.0585918594524733e-12,0.0,0.0,2.0443035533621676e-05,0.0,0.0,0.0,2.0443036592213537e-05
0x0e7557d01714434c3123edda90f12923300e249c,0.0,0.0,0.0,2.036914965343713e-05,0.0,0.0,0.0,2.036914965343713e-05
0xd3082dd5f53347d53d6b62b74d47ceac29d3eeaf,0.0,0.0,0.0,2.035501256136509e-05,0.0,0.0,0.0,2.035501256136509e-05
0x9cfb077e441b17d7126e2bba4203e0d263e27d24,0.0,0.0,0.0,2.022851817951509e-05,0.0,0.0,0.0,2.022851817951509e-05
0x03e7fbede9769b3e4619535d0704ca401b52925e,0.0,0.0,0.0,0.0,0.0,0.0,1.998760100842608e-05,1.998760100842608e-05
0x455f953bf8670e816db5d591986114453e18c226,0.0,0.0,0.0,1.987556870554047e-05,0.0,0.0,0.0,1.987556870554047e-05
0x7eb647d46b6642f70c81204cecae689cdafa033f,0.0,0.0,0.0,1.959382551830233e-05,0.0,0.0,0.0,1.959382551830233e-05
0x0c6c6aaeb60fe761ac8dd3c0de4abfb157b2adcd,0.0,1.949502968786782e-05,0.0,0.0,0.0,0.0,0.0,1.949502968786782e-05
0x604761b39ea91cc2f7ede7b526de55da0b936730,0.0,0.0,0.0,1.9287045188521528e-05,0.0,0.0,0.0,1.9287045188521528e-05
0xa1d934a0467e78f9c99916d9f6a949ee98e51577,0.0,1.9090836828535322e-05,0.0,1.7467666765936507e-14,1.9777301570443016e-11,0.0,0.0,1.909085662330456e-05
0xf996ed1d0e006520958d502d7a0cc83a1264d556,0.0,1.8981985834659542e-05,8.891124341852816e-09,0.0,5.767416664753275e-12,0.0,0.0,1.899088272641806e-05
0xa8635b33e4d8d44d4468c2fb23be9aff02457743,0.0,0.0,2.7303810225349522e-08,1.8846868241328513e-05,0.0,0.0,0.0,1.8874172051553864e-05
0x24c9496b9be8572ea1d80b8fdfa720dd2584aa9e,0.0,0.0,1.8862401329415393e-05,0.0,0.0,0.0,0.0,1.8862401329415393e-05
0x52f7b68edc4abe1443fb8a1848935ebfe269169b,0.0,1.878976742971133e-05,0.0,0.0,0.0,0.0,0.0,1.878976742971133e-05
0xbeaa5b3408dc9d7cb75288d523b4b4791647cb6d,0.0,1.8607726980172607e-05,8.900962225336416e-09,5.839530851673919e-14,2.8764323531349332e-11,5.907156209678598e-13,0.0,1.8616657355832405e-05
0x38a7d858ef229a5d4f23ad41aecb19f845c5bdc5,0.0,1.8543039087651374e-05,0.0,0.0,0.0,0.0,0.0,1.8543039087651374e-05
0x76fa5876ecef7cecfbe8f94566a1e7252c20bf39,0.0,0.0,0.0,0.0,1.8526518674600467e-05,0.0,0.0,1.8526518674600467e-05
0x5493b6f78c0bc9039be396e74395cae6d0df5fff,0.0,0.0,0.0,0.0,1.842441720542453e-05,0.0,0.0,1.842441720542453e-05
0xd2e7d52206dce11381fe21cef1633c30c4ab2647,0.0,0.0,0.0,1.8379793172441323e-05,0.0,0.0,0.0,1.8379793172441323e-05
0x5bdf11e1f1c40d3e6154a05c0f845fd54fb859df,0.0,0.0,0.0,1.83326045384878e-05,0.0,0.0,0.0,1.83326045384878e-05
0x67bf34e82fad5fa01adf3f55b986fdd05623d0ee,0.0,1.8277174715475426e-05,0.0,0.0,0.0,0.0,0.0,1.8277174715475426e-05
0x812bc2f6832888e1593332345b6573ddb31b1665,0.0,0.0,0.0,1.826631866801506e-05,0.0,0.0,0.0,1.826631866801506e-05
0xe8ccbb7fcf1e833c1eef65cafcd4fdc656557dd6,0.0,1.7985415112720675e-05,0.0,0.0,0.0,0.0,0.0,1.7985415112720675e-05
0x3c992d43147d93c82a205bbabdf416a837e1ab2e,0.0,0.0,0.0,1.7893957007854276e-05,0.0,0.0,0.0,1.7893957007854276e-05
0x24eb1b6dd9116b2d5a07bd2f3db715b61a9463d0,7.057349636512851e-13,0.0,0.0,1.7729945660390587e-05,0.0,0.0,0.0,1.772994636612555e-05
0x39d7dad316f4ee3a241877c884ee55f971a7d52c,1.7610511072209732e-05,0.0,0.0,0.0,0.0,0.0,0.0,1.7610511072209732e-05
0x49a846c99c5077d34ff5de604b77af0ff579993d,1.1220624862759332e-05,0.0,0.0,6.3420231179750225e-06,0.0,0.0,0.0,1.7562647980734356e-05
0x4e803fd45450e4d0d582fb372ec8daa682940a1f,0.0,0.0,0.0,1.7456826596004108e-05,0.0,0.0,0.0,1.7456826596004108e-05
0xe7fcddd3ad9177f8ad48a888e171284bf925c079,0.0,0.0,0.0,1.7408668462261713e-05,0.0,0.0,0.0,1.7408668462261713e-05
0x77bd0ed607ba5a1a31861dfd4cc7826d8e75318f,1.6635147007510632e-05,0.0,0.0,0.0,0.0,0.0,0.0,1.6635147007510632e-05
0xd2c88dade5aad56fde00f17e64f255a353e75ebd,0.0,0.0,0.0,1.6330021276114494e-05,0.0,0.0,0.0,1.6330021276114494e-05
0x6c3bf60dfe0ef70e0d4cacf229d98aeb27dace4a,0.0,0.0,0.0,1.6050717855755227e-05,0.0,0.0,0.0,1.6050717855755227e-05
0x020a584c18a04184c5f3421d806a953626e4c8a2,0.0,0.0,0.0,1.5891149081308815e-05,0.0,0.0,0.0,1.5891149081308815e-05
0x8f59db520ddc28da1399522018651df74ebb7901,0.0,1.5848221085856167e-05,0.0,0.0,0.0,0.0,0.0,1.5848221085856167e-05
0x1ca0eb101d0fcc4b9b0c8eb051768b1c238a8d5d,0.0,0.0,1.569642715824544e-05,0.0,0.0,0.0,0.0,1.569642715824544e-05
0xa525cc213101153b50d5d1057fd88a27bedab576,0.0,0.0,1.229131558252672e-05,3.343472494828805e-06,0.0,0.0,0.0,1.5634788077355523e-05
0xc5eb70153144f5fdf6b7ea296f76b24d52b5b21a,0.0,0.0,0.0,1.5439543842854924e-05,0.0,0.0,0.0,1.5439543842854924e-05
0xf00dffcc8694a6f6aa3491d79c8fef90889a81a7,0.0,0.0,1.537453291084116e-05,0.0,0.0,0.0,0.0,1.537453291084116e-05
0x9663fc38cc42b98c697bcbcf1cbd500bb98fa3da,0.0,0.0,0.0,1.5368085258404106e-05,0.0,0.0,0.0,1.5368085258404106e-05
0x08a3b3b3eb453ecaae49d66a7687854bf6aed461,0.0,0.0,0.0,1.532986476001899e-05,0.0,0.0,0.0,1.532986476001899e-05
0x8450e490a024a737549913c61b7ec6573f87792e,1.5297040582129487e-05,0.0,0.0,0.0,0.0,0.0,0.0,1.5297040582129487e-05
0xe9a7da454bc7f01ecb4916ccafe7007f4c3729a4,1.528747787337202e-05,0.0,0.0,0.0,0.0,0.0,0.0,1.528747787337202e-05
0x6576879723f1f0d410cfe946768df59bfee1a753,0.0,0.0,0.0,1.5032910558113548e-05,0.0,0.0,0.0,1.5032910558113548e-05
0x4720d975e7c1af0fccf3169e54feeccb67163cd9,0.0,0.0,0.0,0.0,1.4795002437175299e-05,0.0,0.0,1.4795002437175299e-05
0x7193342f776ebc03d819dce344a4cb8218613f2e,0.0,0.0,1.4724348642181785e-05,0.0,0.0,0.0,0.0,1.4724348642181785e-05
0xb3467880204d2a2d5dbff08ee67584cde9035253,0.0,0.0,0.0,0.0,0.0,1.4505159037334908e-05,0.0,1.4505159037334908e-05
0xc6b58bdbae042b71c0742dc73b4f14df9b1c07ba,0.0,1.4504321486076257e-05,0.0,0.0,0.0,0.0,0.0,1.4504321486076257e-05
0xdd97a335b18baf5f48d46c03dd08b8c0363fe189,0.0,0.0,0.0,0.0,0.0,1.4353910114577051e-05,0.0,1.4353910114577051e-05
0x9163efbc8f046910c5377af13e9a8aa7c04c5f47,0.0,0.0,0.0,0.0,1.435158848066162e-05,0.0,0.0,1.435158848066162e-05
0x314a822c3a1fbdf6a426c8b5a1c4023b27857046,0.0,0.0,0.0,1.4335679781559748e-05,0.0,0.0,0.0,1.4335679781559748e-05
0xaf49a702609ccc3206fb3c258b76c1cf6f6f2faa,0.0,0.0,0.0,1.4234065378374977e-05,0.0,0.0,0.0,1.4234065378374977e-05
0x09a131e517268cc4dfe461c7c881c675e5d4ecb7,1.4114699273025703e-05,0.0,0.0,0.0,0.0,0.0,0.0,1.4114699273025703e-05
0xec0f0ccd043c760e4540ef900ef411eb22541d1a,0.0,0.0,0.0,0.0,0.0,1.3893692758270812e-05,0.0,1.3893692758270812e-05
0xf9cd6eb5f32559feb5dd0a8b3435fde772328dac,0.0,0.0,0.0,1.3886923955563847e-05,0.0,0.0,0.0,1.3886923955563847e-05
0x2fc64bdb01fcf2a659b9dafbd6c88b33fa247a2a,0.0,0.0,1.386031068742876e-05,0.0,0.0,0.0,0.0,1.386031068742876e-05
0x44363b77e225536d9dfb33e5e0050d8a80bdca42,0.0,0.0,0.0,1.3640907096995995e-05,0.0,0.0,0.0,1.3640907096995995e-05
0xb49a6e36b17923de54cb35808da085e40801ab96,0.0,1.3638082234944027e-05,0.0,0.0,0.0,0.0,0.0,1.3638082234944027e-05
0x45e5ad91542122860a06d45c8a26f0adb0e22997,1.1774011643582275e-05,1.8512327340411087e-06,0.0,0.0,0.0,0.0,0.0,1.3625244377623385e-05
0xdd3590fe6d257b77c6df92a7085c1bee2b671093,0.0,1.3488661052810665e-05,3.147433062927378e-10,3.6325322084644277e-16,1.3009687841621285e-13,0.0,0.0,1.3488975926577089e-05
0x3f7819ced8b2ba568b9b82a53b588e576f8d0092,0.0,1.3481471774533258e-05,0.0,0.0,0.0,0.0,0.0,1.3481471774533258e-05
0xa1d6a0ddd1d3a7a8d5e44d7ad43401088845def9,1.3443578845004104e-05,0.0,0.0,0.0,0.0,0.0,0.0,1.3443578845004104e-05
0x2f6677cd7c9664526e096a469c481f72b7b22a63,1.3345060714115473e-05,0.0,0.0,0.0,0.0,0.0,0.0,1.3345060714115473e-05
0xc1507d280c42fc5d0fb31ac448786675806d3499,0.0,0.0,0.0,1.3139259519064429e-05,0.0,0.0,0.0,1.3139259519064429e-05
0xdf1ba5b8369cd3af56c5ed6c8eb2bf1fa47a5b24,0.0,0.0,1.3057401526093975e-05,0.0,0.0,0.0,0.0,1.3057401526093975e-05
0x06c5e02ac10e73d35bdc1b1ca9d92a441b223f32,1.176224939418809e-13,0.0,0.0,1.3012104174031638e-05,0.0,0.0,0.0,1.3012104291654131e-05
0xabdb1f94bff885bd8933ac4f8aaacda4326491de,0.0,0.0,0.0,0.0,1.2959990276479457e-05,0.0,0.0,1.2959990276479457e-05
0xadaff46e0b2d8a9a36b190e5bb6fcc34c7b8fa09,1.2938278492166245e-05,0.0,0.0,0.0,0.0,0.0,0.0,1.2938278492166245e-05
0x237d3eb2095067bc69363a9bd9cddc9f74adc740,0.0,0.0,1.2933181225844749e-05,1.058651098266249e-11,0.0,0.0,0.0,1.293319181235573e-05
0x0c2383279640620d05676e63c725e09770a4b29e,1.2929297426629547e-05,0.0,0.0,0.0,0.0,0.0,0.0,1.2929297426629547e-05
0xbd6f9af0781beae5d5a43fbe4f8496c0fe3f0e62,1.2929297426629547e-05,0.0,0.0,0.0,0.0,0.0,0.0,1.2929297426629547e-05
0x699336c8d1811e0ea27dce89281ae5f2e88025b0,0.0,0.0,0.0,1.2756924974849288e-05,0.0,0.0,0.0,1.2756924974849288e-05
0xb0f933869eb41b3f82222e43788c7a35fb71ca5f,0.0,0.0,1.253739653446428e-05,0.0,0.0,0.0,0.0,1.253739653446428e-05
0x9a69e7f21c848b0f0a06366ddaf9cdb4d268c6d3,1.2334410571839636e-05,0.0,0.0,0.0,0.0,0.0,0.0,1.2334410571839636e-05
0x591da136672d0ceb0cf12ba8b6f11095a88cae49,0.0,0.0,0.0,1.2213773493340985e-05,0.0,0.0,0.0,1.2213773493340985e-05
0xe68eaeae3710c3bee0997968a589694d6b3a386f,0.0,0.0,1.208557612989454e-05,0.0,0.0,0.0,0.0,1.208557612989454e-05
0x1b371803a3af0d33e2d62e7738d0515da00c0fcd,0.0,1.1888571722006148e-05,0.0,0.0,0.0,0.0,0.0,1.1888571722006148e-05
0x397e8629d3acbc5414e872d618174f04f206fa48,1.1879871888129966e-05,0.0,0.0,0.0,0.0,0.0,0.0,1.1879871888129966e-05
0x2eb8607beab9b42f1c00f1982797dded72a766e5,1.1877852309908987e-05,0.0,0.0,0.0,0.0,0.0,0.0,1.1877852309908987e-05
0xa43792fe3bee6e67ed1808ff48b2e669b010ce52,1.1766947236596124e-05,0.0,0.0,0.0,0.0,0.0,0.0,1.1766947236596124e-05
0xbd032d3b518dc5bde8f70eb1e4ec7302f754ed40,0.0,0.0,0.0,1.1766336347621112e-05,0.0,0.0,0.0,1.1766336347621112e-05
0x66c987d09f3a0ee1008626d8a20bee59b77a58e5,0.0,0.0,0.0,1.1751562597004756e-05,0.0,0.0,0.0,1.1751562597004756e-05
0x541d28b51768d3afedf1f87aff7a2afd5849082f,0.0,0.0,0.0,1.1743131525167294e-05,0.0,0.0,0.0,1.1743131525167294e-05
0x5266805f364949ff62a2720148536e5e6d48b7c7,0.0,0.0,0.0,0.0,1.1738808901999794e-05,0.0,0.0,1.1738808901999794e-05
0x67fc4a54562ac0f1bf55146f1ed5bbd0d187d58b,0.0,0.0,0.0,1.1711393862701817e-05,0.0,0.0,0.0,1.1711393862701817e-05
0x9b32e12d0678628aee378dbdf92f7f66f3f4df80,0.0,0.0,1.1314522849824227e-05,0.0,0.0,0.0,0.0,1.1314522849824227e-05
0x3aaa38af3c4abe9e8d7cb2ec3c0f72b6ecdb8948,0.0,1.105136393513931e-05,0.0,0.0,0.0,0.0,0.0,1.105136393513931e-05
0x07ed3e8e3ce42087e825011c316e17f0051cc983,0.0,0.0,0.0,1.1048643591599634e-05,0.0,0.0,0.0,1.1048643591599634e-05
0xcabaf5a266ade3a6829eb17bc65ebcbd79233774,0.0,0.0,0.0,1.0990492650378457e-05,0.0,0.0,0.0,1.0990492650378457e-05
0x016834d6aadd19161cb8e35efb5815014913f082,0.0,0.0,0.0,1.0986204224303448e-05,0.0,0.0,0.0,1.0986204224303448e-05
0x5e55f96548f3414d005efe7e2d249ae2b444f588,0.0,0.0,0.0,1.0771943088304647e-05,0.0,0.0,0.0,1.0771943088304647e-05
0x6b72bbc1e6dc345c9e00a35b2afa3887d6e81917,0.0,0.0,1.0537971604791859e-05,0.0,0.0,0.0,0.0,1.0537971604791859e-05
0x38032420bacf26e2f9a35d5aac499c320512485f,0.0,0.0,0.0,1.0504398838784549e-05,0.0,0.0,0.0,1.0504398838784549e-05
0xbbcf3985eb53c30a8eea01d9357314d61fe0e727,0.0,0.0,1.0504246859153532e-05,0.0,0.0,0.0,0.0,1.0504246859153532e-05
0xd55f189478e546cb368394d5048231a6ba26c099,1.176224939418809e-13,0.0,0.0,1.0418107715126624e-05,0.0,0.0,0.0,1.0418107832749117e-05
0x24e36139e5cae19d92d35d93b3e6e36050712ad1,0.0,9.95235531195573e-06,0.0,0.0,0.0,0.0,0.0,9.95235531195573e-06
0xff74ab8883b7121a58a940879103d99d5ce18ae2,0.0,9.305067838666386e-06,0.0,9.587151982397782e-10,2.54036029618664e-07,3.764608024128659e-07,0.0,9.936523385896154e-06
0x491d5c091c496716061cdaf1c40247f056f3c0ae,0.0,9.858626572640924e-06,0.0,0.0,0.0,0.0,0.0,9.858626572640924e-06
0x1ecb139237f3b81c870ac475e15f0ef8a3d74b1b,8.540569285119971e-10,0.0,0.0,9.828410213581377e-06,0.0,0.0,0.0,9.829264270509888e-06
0x0ff6dadffab0b7a472135690fb3c801ab820e980,0.0,0.0,9.753865076357722e-06,0.0,0.0,0.0,0.0,9.753865076357722e-06
0x585d2e075e614dff0e5b34f217559081ba75428e,0.0,9.462828226282977e-06,0.0,0.0,0.0,0.0,0.0,9.462828226282977e-06
0xd137a7ab85cf9a110f2025b531c559b561368984,0.0,9.35938182030234e-06,0.0,0.0,0.0,0.0,0.0,9.35938182030234e-06
0x75484fe6d1dcb7eb083e314ad52d95a617b22dfb,0.0,9.286001921108059e-06,0.0,0.0,2.009420274162627e-09,0.0,0.0,9.288011341382221e-06
0xcebf016970ff7e0cc681e8bf0ddb2dd8d48e2119,0.0,9.275384315203042e-06,9.832051500264924e-10,0.0,0.0,0.0,0.0,9.27636752035307e-06
0x03c2bfd2509de9b13d0124015077e100a292336d,0.0,9.274920570193372e-06,0.0,0.0,0.0,0.0,0.0,9.274920570193372e-06
0x66f6e7a323966d3c3c4137af238d1ddf30787ce2,0.0,9.270701622761764e-06,0.0,0.0,0.0,0.0,0.0,9.270701622761764e-06
0x5f343742be2e5334cf2c191a2198dd924a470f77,0.0,0.0,0.0,9.269111590454039e-06,0.0,0.0,0.0,9.269111590454039e-06
0x00bc813a36b4547aee3ccd1bc11c2802a3f7a92b,0.0,9.266859000682008e-06,0.0,0.0,0.0,0.0,0.0,9.266859000682008e-06
0x95e2d87affaae565c049206b5a20e58172723481,0.0,0.0,0.0,0.0,9.261073464138122e-06,0.0,0.0,9.261073464138122e-06
0x24bbba063acb77df944012c2b42f4eebeefb4ab5,0.0,9.230080889507713e-06,0.0,0.0,0.0,0.0,0.0,9.230080889507713e-06
0x082f554a92da8311a8b6c62ba432b24f33790458,0.0,9.23001628779192e-06,0.0,0.0,0.0,0.0,0.0,9.23001628779192e-06
0x4baa03e28169175004fe998e1a7a0c7b7188cf3a,0.0,9.105988585018676e-06,0.0,0.0,0.0,0.0,0.0,9.105988585018676e-06
0x841adeeae81fd57467983f339e5fd8f57d9ddfa5,0.0,9.062627152883974e-06,0.0,0.0,0.0,0.0,0.0,9.062627152883974e-06
0x9918de712fcabe9c9f0761f03049571159970b56,0.0,0.0,0.0,0.0,0.0,9.0329470148327e-06,0.0,9.0329470148327e-06
0x514ede945622ce40b34ecf9f222ae7ac07901435,0.0,0.0,0.0,8.748107484836993e-06,0.0,0.0,0.0,8.748107484836993e-06
0x03362fccf039f66245b220985733493dccd2326a,0.0,0.0,8.73634908893276e-06,0.0,0.0,0.0,0.0,8.73634908893276e-06
0xca99330589daa7912d9f058259fc7057b866ddd2,0.0,0.0,0.0,0.0,8.614682629429263e-06,0.0,0.0,8.614682629429263e-06
0x43b21a584ed2ad4ba011d11516acadc9cac1e618,0.0,0.0,8.44202939360534e-06,0.0,0.0,0.0,0.0,8.44202939360534e-06
0x8c023ecaa4cfc5b1493e982af4032408def4be0b,0.0,0.0,0.0,7.89879677955808e-06,0.0,0.0,0.0,7.89879677955808e-06
0xe0233a6c6cdec1d3f64bed338e1ae82594a07830,0.0,0.0,0.0,7.812533355150764e-06,0.0,0.0,0.0,7.812533355150764e-06
0xf3792568f2a823a76d679a8d277cef99c7ab874d,0.0,0.0,0.0,7.754021945004867e-06,0.0,0.0,0.0,7.754021945004867e-06
0x530d54314d77207411c1922b8f4d74f83c4b7bd0,0.0,0.0,0.0,0.0,7.546709467415431e-06,0.0,0.0,7.546709467415431e-06
0x3b71f9ee530a17cfb5624a423e5cabbb23bf65d5,0.0,0.0,0.0,7.500812175783308e-06,0.0,0.0,0.0,7.500812175783308e-06
0x0ab698f474a0c7c6867851a4f6b11b6cf32aca2a,0.0,0.0,0.0,7.365335239622983e-06,0.0,0.0,0.0,7.365335239622983e-06
0x014682decc5226cdaa86b9108906fbf56f533d37,0.0,0.0,0.0,7.351067541268184e-06,0.0,0.0,0.0,7.351067541268184e-06
0x08500af9528e7986ce3547422ddd8bd3e39d94fb,0.0,7.154780140224533e-06,0.0,0.0,0.0,0.0,0.0,7.154780140224533e-06
0x943fad332d266b1b8a9eb56aa62fc8ccd3a2bd19,0.0,0.0,0.0,0.0,0.0,6.929813748959792e-06,0.0,6.929813748959792e-06
0x1d3763e652781dbf1b8610594aa2da205b0b2eb9,0.0,0.0,0.0,6.927647071488579e-06,0.0,0.0,0.0,6.927647071488579e-06
0x1bda0a00d113eee140757aa5603c7cca15295153,0.0,0.0,2.3538308570616854e-07,6.541892834617473e-06,0.0,0.0,0.0,6.777275920323641e-06
0xd0d5791b36a47acad6ed4ba59c0afc767acec37b,0.0,0.0,6.7745090477009515e-06,0.0,0.0,0.0,0.0,6.7745090477009515e-06
0x95155ad68dc575addb51f6718a92f1df47a9b967,0.0,6.713132145303078e-06,0.0,0.0,0.0,0.0,0.0,6.713132145303078e-06
0xd152926beefd40caef59040a2144980e481a59e3,0.0,0.0,0.0,0.0,0.0,6.640656688477453e-06,0.0,6.640656688477453e-06
0x73228534cc6eab49dbc7773c302e0648498d6b3d,0.0,0.0,6.598108327311885e-06,0.0,0.0,0.0,0.0,6.598108327311885e-06
0x30f932a1582730901e4d26324182c761732b573d,0.0,0.0,0.0,6.539414848210815e-06,0.0,0.0,0.0,6.539414848210815e-06
0x982227030fdd4b11bbb1e1a8d58930ce7771639e,0.0,0.0,0.0,3.917593768586435e-08,6.3523820433825435e-06,0.0,0.0,6.391557981068408e-06
0x07e7b3baebf8cde41064d5fb9c20426451e42021,0.0,0.0,0.0,6.373689660009121e-06,0.0,0.0,0.0,6.373689660009121e-06
0x01207d7729014644490a30f6e455db496c26e282,0.0,0.0,0.0,6.337284554301572e-06,0.0,0.0,0.0,6.337284554301572e-06
0x65193e07bac07e75ad119b19e4f61b97cd6fdb40,0.0,0.0,6.322570964720133e-06,0.0,0.0,0.0,0.0,6.322570964720133e-06
0xb9cd612e602946a21550af3c95874801f3914075,0.0,0.0,3.37453945098737e-06,2.9254928165481976e-06,0.0,0.0,0.0,6.300032267535568e-06
0xdddc4bc9d662de76e79b002670a2785b2381d486,0.0,0.0,0.0,0.0,0.0,6.094934803685515e-06,0.0,6.094934803685515e-06
0x29b5181cbf86b1ab4b0e28c6678bcc8dba7f37d9,0.0,0.0,0.0,6.015434084322978e-06,0.0,0.0,0.0,6.015434084322978e-06
0x11aef76968c350a477183cbd1b30eac48bff801b,0.0,0.0,5.8484337775784776e-06,8.858068502274262e-12,1.229458930266807e-10,0.0,0.0,5.848565581540007e-06
0x126176b45e7f472b570bea18ecf893a37e97fc8d,0.0,0.0,5.8164926705507205e-06,0.0,0.0,0.0,0.0,5.8164926705507205e-06
0xeeeeeeeeeeeeeeeeeeeeeeeeeeeeeeeeeeeeeeee,5.763450331632335e-06,0.0,0.0,0.0,0.0,0.0,0.0,5.763450331632335e-06
0x62ff78859402c5e16717dde99cfc7f0c5dfe6a14,0.0,0.0,0.0,5.613017702142494e-06,0.0,0.0,0.0,5.613017702142494e-06
0x05dd22e857d0274553398d23da121f968588e8f1,0.0,0.0,0.0,5.601062270794021e-06,0.0,0.0,0.0,5.601062270794021e-06
0x8661fab2ab404a0542454900a6cf7fb233c66db3,0.0,5.544850180401982e-06,0.0,0.0,0.0,0.0,0.0,5.544850180401982e-06
0xfd1d7482375c7f91594b21adb67c4573746dd9f8,0.0,0.0,5.310773395706004e-06,0.0,0.0,0.0,0.0,5.310773395706004e-06
0x3963a8e93ed1b14435069e0c364fb62c01422368,0.0,0.0,0.0,5.307403842437595e-06,0.0,0.0,0.0,5.307403842437595e-06
0xf41619eceb74636248df00e6a6bf8e52b02df908,0.0,0.0,0.0,5.118982060897735e-06,0.0,0.0,0.0,5.118982060897735e-06
0x42711b8b8e35ab63ad447db80fbff28264da2395,0.0,0.0,0.0,0.0,0.0,5.1047671136476705e-06,0.0,5.1047671136476705e-06
0x741b61dea1765e49b8fd4df39047719975771c5e,0.0,0.0,0.0,0.0,0.0,5.084766395552825e-06,0.0,5.084766395552825e-06
0x217fa2372d4dfbaff79cc5a10186a9d08cc25329,0.0,0.0,0.0,5.020648996890365e-06,0.0,0.0,0.0,5.020648996890365e-06
0xa7c131b95e5fe8fd76a4bddcea78f415b7881c3a,0.0,0.0,4.984902882953612e-06,0.0,0.0,0.0,0.0,4.984902882953612e-06
0xa40f2c85f814827d9bc01d6e2e6328832991076e,0.0,0.0,0.0,0.0,0.0,4.983532765915575e-06,0.0,4.983532765915575e-06
0xde602e913ae01895cddf7decf96a9162c527d9e1,0.0,0.0,0.0,0.0,0.0,4.978973794400721e-06,0.0,4.978973794400721e-06
0x6fa8f39734f6ebff175e98183a12f5f1fb6abd3e,0.0,0.0,0.0,0.0,0.0,4.977544455732398e-06,0.0,4.977544455732398e-06
0xdbfc2f881d0a2864b3d247e08c5d93baf564050e,0.0,0.0,0.0,0.0,0.0,4.977057467129494e-06,0.0,4.977057467129494e-06
0xabe20e2fb4e550aaa7ffd94ebebdf5daf657aedc,0.0,0.0,0.0,0.0,0.0,4.967027500606534e-06,0.0,4.967027500606534e-06
0x2f0507de060b1246e92f4b199a6be715634ead07,0.0,0.0,4.930865625393953e-06,0.0,0.0,0.0,0.0,4.930865625393953e-06
0xde92728804683ec03efaf6c293e428fc72c2ec95,0.0,0.0,0.0,4.826475373140017e-06,0.0,0.0,0.0,4.826475373140017e-06
0x44d816f29930b5947e69f73d688e06445f936410,0.0,0.0,4.8238844549675855e-06,5.523676347951139e-12,0.0,0.0,0.0,4.8238899786439335e-06
0x83549b3f788a25cbf83ebecbb99ce3c694107fdf,0.0,4.807618143844146e-06,0.0,0.0,0.0,0.0,0.0,4.807618143844146e-06
0x2777acd9099dffba3ebc1a3793eb1f09a42a610c,0.0,0.0,0.0,0.0,4.805929164185103e-06,0.0,0.0,4.805929164185103e-06
0x7db730254587ac6487a440e3eb8f1298f98d8c44,0.0,0.0,4.752429716889175e-06,0.0,0.0,0.0,0.0,4.752429716889175e-06
0x11864415ee2006aa3cab83e26f843289d6ea021d,0.0,0.0,0.0,4.744333924179368e-06,0.0,0.0,0.0,4.744333924179368e-06
0x39bea192f5f3a0e925d9e5e183cd7a9968daeb80,0.0,9.240074616135574e-08,9.313408357785977e-11,0.0,0.0,0.0,4.61408915007426e-06,4.706583030319193e-06
0x087a05e34842b49974c06d046b0bbb95102c7899,0.0,0.0,0.0,4.69427829195558e-06,0.0,0.0,0.0,4.69427829195558e-06
0x158b97bfc03af713faff7c3687c6611bf259c93c,0.0,0.0,0.0,0.0,0.0,4.620951856043272e-06,0.0,4.620951856043272e-06
0x71b16bb5d3b7cd29ac3f2c8d4400acaf0110d3aa,0.0,0.0,0.0,4.568981073167103e-06,0.0,0.0,0.0,4.568981073167103e-06
0xdf0fd19afb71db5ae1f1c66296edd3452d327170,0.0,0.0,0.0,0.0,4.52730856932689e-06,0.0,0.0,4.52730856932689e-06
0x026b14ec34606706901d73bc5e4f56013ed97757,0.0,0.0,0.0,4.48754244673728e-06,0.0,0.0,0.0,4.48754244673728e-06
0xf7eeec2c4677969302b0a520177be9847a13b0f3,0.0,0.0,0.0,4.469482095162532e-06,0.0,0.0,0.0,4.469482095162532e-06
0x6e79d788c14ed0231038e90707832f21c8bc8d97,0.0,0.0,4.455410380300157e-06,0.0,0.0,0.0,0.0,4.455410380300157e-06
0x9288d36548b084d0adca9376e7e2c7263ce5426a,0.0,0.0,0.0,0.0,0.0,4.3911581368341176e-06,0.0,4.3911581368341176e-06
0xe2f0751b4dfc0dcf39e76b1b1edbf136728e4f9d,0.0,4.389203641310484e-06,0.0,0.0,0.0,0.0,0.0,4.389203641310484e-06
0xb2e6caf69b6287692956558ebf113242ed5a3e6b,0.0,0.0,0.0,0.0,0.0,4.38361752135861e-06,0.0,4.38361752135861e-06
0x5d9b36335eb470bd3d2998d41fa3a24049bf3785,0.0,0.0,0.0,4.36688374286409e-06,0.0,0.0,0.0,4.36688374286409e-06
0x2650ce4347849c1f4135163d0bcfe3da6f1162d5,0.0,4.3486583006379855e-06,0.0,0.0,0.0,0.0,0.0,4.3486583006379855e-06
0x2506c6d15f2b847cc8dbabcbc2daf8dc1375ac8e,0.0,0.0,0.0,0.0,0.0,4.335056157570178e-06,0.0,4.335056157570178e-06
0x79d094ec6c7d4987652e3f5551d22d9ef5a49678,0.0,0.0,0.0,0.0,0.0,4.3271256036569175e-06,0.0,4.3271256036569175e-06
0xe3851ecb82f0673ffd1bf0d4af9bb858397ac009,0.0,0.0,0.0,4.312485486417944e-06,0.0,0.0,0.0,4.312485486417944e-06
0x0e78ec0bd41ec84a8f85d9daaacc4c2f8d05b781,0.0,0.0,0.0,4.204002309895738e-06,0.0,0.0,0.0,4.204002309895738e-06
0x5b73657693cf06d1599e8c58396f8d583fc156e7,0.0,0.0,0.0,0.0,0.0,4.199540004652221e-06,0.0,4.199540004652221e-06
0xebe3ee113d4e099ac6420129fe44039c477693df,0.0,0.0,4.110918168167264e-06,0.0,0.0,0.0,0.0,4.110918168167264e-06
0xdf8b436045b7223eb2c999ec56b2557d358787d2,0.0,0.0,0.0,3.9607462177155475e-06,0.0,0.0,0.0,3.9607462177155475e-06
0xebd1abb07ff91092bbe1fe254ad60f78d16aa66a,0.0,0.0,0.0,3.952208400144084e-06,0.0,0.0,0.0,3.952208400144084e-06
0xeaca20b16785eae290343ab3cfa02fd546acacf1,0.0,0.0,0.0,3.948981415490612e-06,0.0,0.0,0.0,3.948981415490612e-06
0xdebf6e33d24637f83f43eb4e9fb5521a087fcbe1,0.0,0.0,0.0,3.934872187024068e-06,0.0,0.0,0.0,3.934872187024068e-06
0xf1ca0933d1a7d639bdffba8003c52657f0322f69,0.0,0.0,0.0,3.927079822473041e-06,0.0,0.0,0.0,3.927079822473041e-06
0x96f193844ebae791aa90d59bb9e12215d7b18bab,0.0,0.0,0.0,3.715654369496583e-06,0.0,0.0,0.0,3.715654369496583e-06
0xec02db0fbdf92387a7249e0b4bb767ef1df913d4,0.0,0.0,0.0,0.0,3.6566108090826683e-06,0.0,0.0,3.6566108090826683e-06
0xc6323b878a36d3bf26a15404a203de43e30c9f32,0.0,0.0,0.0,3.5825869558839234e-06,0.0,0.0,0.0,3.5825869558839234e-06
0x665e9bce744c37ff056787d4521a73bafa882dbd,0.0,0.0,0.0,3.575195308023705e-06,0.0,0.0,0.0,3.575195308023705e-06
0xbacfa02dea323c395a9d07f20d4ac4a6ed98d070,0.0,0.0,0.0,3.5136061581087885e-06,0.0,0.0,0.0,3.5136061581087885e-06
0x712ddf49080261325a9a4b048a81294587ecaf8a,0.0,0.0,0.0,0.0,3.4555783178375267e-06,0.0,0.0,3.4555783178375267e-06
0x972664864970613a5e99889da7f1d3e153755f3e,0.0,0.0,0.0,3.3381191651621427e-06,0.0,0.0,0.0,3.3381191651621427e-06
0xadab128bc64b2f0bcfdf1e159bae3f31e3fa51f3,0.0,0.0,0.0,0.0,0.0,3.269532896690382e-06,0.0,3.269532896690382e-06
0x7e928d516034a0b8b7627eb8af5d72e42a1d77ef,0.0,0.0,0.0,3.26897660324218e-06,0.0,0.0,0.0,3.26897660324218e-06
0x563737e49b0654cf3e752132c51b64ccbba15a7c,0.0,0.0,0.0,3.2489640454781264e-06,0.0,0.0,0.0,3.2489640454781264e-06
0xcfb214e368ccd014630026cff369a1a3fa9010a5,0.0,0.0,0.0,0.0,0.0,3.1889896092615885e-06,0.0,3.1889896092615885e-06
0xbfc59a8bca10620372aa90ac2e1578f3329da686,0.0,0.0,3.1702838850677455e-06,0.0,0.0,0.0,0.0,3.1702838850677455e-06
0x9bd7a342706231f092aa3fb70a35e015e67e8180,0.0,0.0,0.0,3.1545392291861435e-06,0.0,0.0,0.0,3.1545392291861435e-06
0x1a3831bf5c8924659659a103fb9241af802074dd,0.0,0.0,0.0,0.0,3.1309305553950633e-06,0.0,0.0,3.1309305553950633e-06
0x8618ec28ddda4dd2ea8771a7eba05d5f981e4825,0.0,0.0,0.0,0.0,0.0,3.0487670226763892e-06,0.0,3.0487670226763892e-06
0x855f530391881b7dac7e032f81d2166feb6fb7d9,0.0,2.9881594125390913e-06,0.0,0.0,0.0,0.0,0.0,2.9881594125390913e-06
0x042c7f5615010d299735b8d5f6036a4da842c9fa,0.0,0.0,2.9845346529306557e-06,0.0,0.0,0.0,0.0,2.9845346529306557e-06
0x9adf6cbdc113c71417820c1a9877f7084b373222,0.0,0.0,0.0,2.9748023259728493e-06,0.0,0.0,0.0,2.9748023259728493e-06
0xd4144747eded54137a62083c0b3d76c1afb63f2f,0.0,0.0,0.0,2.85659677238698e-06,0.0,0.0,0.0,2.85659677238698e-06
0xaeac266a4533cb0b4255ea2922f997353a18b2e8,0.0,0.0,0.0,0.0,2.8168202185987063e-06,0.0,0.0,2.8168202185987063e-06
0x499a82608dc8769587f77dd0fab78ac458a53e10,0.0,0.0,3.484606506195583e-08,1.3520969405831002e-12,2.71774544617297e-06,0.0,0.0,2.7525928633318664e-06
0x9e0c69c5c43301abf520310cdfb66893c42c2419,0.0,0.0,0.0,2.7173464808380487e-06,0.0,0.0,0.0,2.7173464808380487e-06
0x7c15e5b2063214d29e03b4015f28c1674f6ebe05,0.0,0.0,0.0,2.7028197499012724e-06,0.0,0.0,0.0,2.7028197499012724e-06
0xff54d6bf44e266f8d861847b433bc073ccfe9d9a,0.0,0.0,0.0,2.6956826281241026e-06,0.0,0.0,0.0,2.6956826281241026e-06
0x0cbf86dacfbc8389ffeb581060d501775ea31069,0.0,0.0,0.0,2.5789607456809823e-06,0.0,0.0,0.0,2.5789607456809823e-06
0xdba89490867be523f4f7628604f0a7740ca15761,0.0,0.0,0.0,2.5562393651026106e-06,0.0,0.0,0.0,2.5562393651026106e-06
0x83c66b1124d6d2c74df45ca701141c3bb89312db,0.0,0.0,0.0,2.5154912713924017e-06,0.0,0.0,0.0,2.5154912713924017e-06
0x6df3e5c9301229db9f91c805071da219d5df886b,0.0,0.0,0.0,2.4578792966083146e-06,0.0,0.0,0.0,2.4578792966083146e-06
0x019a0a16737fa12d15dcc861b508d4054067aa03,0.0,0.0,0.0,2.4575876475070676e-06,0.0,0.0,0.0,2.4575876475070676e-06
0x451b30eca164f55fd01718d168184a72324ef9df,0.0,0.0,0.0,2.4446184142983394e-06,0.0,0.0,0.0,2.4446184142983394e-06
0x9d2d140d0807734046c5b6e102e0d211bb2f3491,0.0,0.0,0.0,2.4436200932366726e-06,0.0,0.0,0.0,2.4436200932366726e-06
0x823d1e4f6eff459a3144b5cdada352899a5ec17b,0.0,0.0,0.0,2.4410358167149355e-06,0.0,0.0,0.0,2.4410358167149355e-06
0x3030a69b585122e04d8dd63afb519910a94c84fb,2.416079941328426e-06,0.0,0.0,0.0,0.0,0.0,0.0,2.416079941328426e-06
0x331eafb500e784331094e0fd6ee14a5f6eb4cd98,0.0,0.0,0.0,2.414978437099751e-06,0.0,0.0,0.0,2.414978437099751e-06
0xe9d4fe30f18919ba6adb865258df3ddc21f72343,0.0,0.0,0.0,2.379039690742829e-06,0.0,0.0,0.0,2.379039690742829e-06
0x9f797fe552e342b23158fdbc5a5c49cbc8ac9cc4,0.0,0.0,0.0,2.3506085523863195e-06,0.0,0.0,0.0,2.3506085523863195e-06
0x649c92a98b8c163de6bba53effd55ad2d89553b7,0.0,0.0,0.0,2.3463771229975913e-06,0.0,0.0,0.0,2.3463771229975913e-06
0xfb0a43e9fbd43a6902e9ef811ee085d00583f6e9,0.0,0.0,0.0,0.0,2.336014709197753e-06,0.0,0.0,2.336014709197753e-06
0x2319e4f907033966808e7d4d78e6b833a86b8970,0.0,0.0,0.0,2.323834790091941e-06,0.0,0.0,0.0,2.323834790091941e-06
0xc88df59ae743f955a60a56abe42762857e0b77d1,0.0,0.0,2.3155166283545014e-06,0.0,0.0,0.0,0.0,2.3155166283545014e-06
0x19f38700a28c7906a2123a0c148ca3247e197616,0.0,0.0,0.0,2.3096198510720838e-06,0.0,0.0,0.0,2.3096198510720838e-06
0x6e1caf67aa16f36260a4f1c9cacc622dd7a8b1fb,0.0,0.0,0.0,2.2949433814034964e-06,0.0,0.0,0.0,2.2949433814034964e-06
0x6119f25bc40cefc5c68e1da60fb013d41583434d,0.0,0.0,0.0,0.0,0.0,2.293217712437239e-06,0.0,2.293217712437239e-06
0x5caf7445e1df2de07ee780cb628377743bb25b03,0.0,0.0,0.0,2.288604736270057e-06,0.0,0.0,0.0,2.288604736270057e-06
0x95eadc4ebd4d1216b660e90bb3389db08f7def36,0.0,0.0,0.0,2.2393403048237272e-06,0.0,0.0,0.0,2.2393403048237272e-06
0x2da112a1d764baa4f8ed2e8f364dd4a9302c9722,0.0,0.0,0.0,2.2229245701401224e-06,0.0,0.0,0.0,2.2229245701401224e-06
0xa99c511d0c8c8c15710e3591c8c9254cb6b3ca9d,0.0,0.0,0.0,2.208510599153871e-06,0.0,0.0,0.0,2.208510599153871e-06
0xf28318a0a2c9309e17f1fe46dccb5dabfc846333,0.0,0.0,0.0,2.1839788543340375e-06,0.0,0.0,0.0,2.1839788543340375e-06
0x992fa1f4459042e59734c4e38bec152ff119ecdb,0.0,0.0,0.0,2.1772903248955014e-06,0.0,0.0,0.0,2.1772903248955014e-06
0xb055ce2f5cd43b5d1eac50d93cd8d2a17e29f691,0.0,0.0,0.0,2.1697976817881382e-06,0.0,0.0,0.0,2.1697976817881382e-06
0x2aa0fe27526b25fb5c39fba52f5bc4f5e3f2a96f,0.0,0.0,2.16290641159741e-06,0.0,0.0,0.0,0.0,2.16290641159741e-06
0x8c7fbfeab2f448d2aa63274b6f5d5669c3cfea77,0.0,0.0,0.0,2.0992731031232347e-06,0.0,0.0,0.0,2.0992731031232347e-06
0x07e01e65875fe8e17d0afe626f7f3dec57c81de4,0.0,0.0,0.0,2.0868145586054542e-06,0.0,0.0,0.0,2.0868145586054542e-06
0x3031303bb07c35d489cd4b7e6ccd6fb16ea2b3a1,0.0,7.761301154048884e-07,0.0,0.0,1.2926959790620043e-06,0.0,0.0,2.0688260944668926e-06
0x6aca67f1e651bbbe8c8ddb0d45c2dfd3d0b7dd38,0.0,0.0,0.0,2.049985308567825e-06,0.0,0.0,0.0,2.049985308567825e-06
0x36565af4ff8f1b7d207348e7ee2f6df3be01d8c0,0.0,0.0,0.0,2.021081397816654e-06,0.0,0.0,0.0,2.021081397816654e-06
0x8c0cea90288a36121c6f1dae7c20f8857cc1ba39,0.0,0.0,0.0,2.0181482017323278e-06,0.0,0.0,0.0,2.0181482017323278e-06
0x19b2c186ed175b26a038fa98a7e97190b434f6d2,0.0,2.002200977525667e-06,0.0,0.0,0.0,0.0,0.0,2.002200977525667e-06
0x9d11db4363bd508c82532f8a40d9ef7c34321afa,0.0,0.0,0.0,1.985548216678451e-06,0.0,0.0,0.0,1.985548216678451e-06
0x0391799d0a98a8a56cdc988976d80550553de289,0.0,0.0,1.9605465300586915e-06,1.5122136419083217e-12,0.0,0.0,0.0,1.9605480422723335e-06
0x17c0f0d6a84cd5b05f3272feb6d1bc8b7b6d6d38,0.0,0.0,1.8974690243625463e-06,0.0,0.0,0.0,0.0,1.8974690243625463e-06
0xbb35b356d43be36a8819d21adf9789f9ebec9565,0.0,0.0,0.0,1.87053322164602e-06,0.0,0.0,0.0,1.87053322164602e-06
0xefba1923f44ae5c6363bad5d63ac4a799623a077,0.0,0.0,0.0,1.8348649527868626e-06,0.0,0.0,0.0,1.8348649527868626e-06
0xb011f90fb3b7ad89bc170f8909810afc4c904336,0.0,0.0,0.0,1.8177913661653004e-06,0.0,0.0,0.0,1.8177913661653004e-06
0xdbbca37eef2a681de2404db37c656540ae4498f2,0.0,0.0,0.0,1.761053733371061e-06,0.0,0.0,0.0,1.761053733371061e-06
0x9cfa57032bdfea6e2877827d7071a36d50088599,0.0,0.0,0.0,1.727585377500858e-06,0.0,0.0,0.0,1.727585377500858e-06
0x1da20a4c3ab9b40e687e303f815fec0df44651aa,0.0,0.0,0.0,1.656941658166374e-06,0.0,0.0,0.0,1.656941658166374e-06
0x893d30c70c4bece671961f02a0d9390655de2d05,0.0,0.0,0.0,0.0,0.0,1.6272256509751318e-06,0.0,1.6272256509751318e-06
0x9c8578c487510c0315c75d295268123b70eb3718,0.0,0.0,0.0,1.620103290995282e-06,0.0,0.0,0.0,1.620103290995282e-06
0x27a3144d9d1acdec3b6bcef17693f7bdbc3d044b,0.0,0.0,0.0,1.6065848544997862e-06,0.0,0.0,0.0,1.6065848544997862e-06
0xd5f947fa4ef1e82ac6b9b4e3ff17848365643013,0.0,0.0,0.0,1.594347498296491e-06,0.0,0.0,0.0,1.594347498296491e-06
0xa261e27900908cbe77aa9e2e341b7f2e1c1f2f55,0.0,0.0,0.0,1.5814472626668959e-06,0.0,0.0,0.0,1.5814472626668959e-06
0x9c7bf745cf99874e71929561ed6091f142b1f981,0.0,0.0,0.0,1.526550795251686e-06,0.0,0.0,0.0,1.526550795251686e-06
0xcdcc26ccaf1aac78299f44751cf83e7a1fd05b23,0.0,0.0,0.0,1.5206913897361749e-06,0.0,0.0,0.0,1.5206913897361749e-06
0x63bed2282ba2d682e090b91bb8494c96b6cda131,0.0,0.0,0.0,1.5092931367894724e-06,0.0,0.0,0.0,1.5092931367894724e-06
0x567221a8778f4e5a5223b91344af54022d6d4da2,0.0,0.0,0.0,1.4984310555183874e-06,0.0,0.0,0.0,1.4984310555183874e-06
0x747f2c12b20a44f7567a08cea2ce5ce0effe150c,0.0,0.0,0.0,1.4945851346944532e-06,0.0,0.0,0.0,1.4945851346944532e-06
0x059b2ece4a49414f63f3d5172ec0cfc92d0c52fb,0.0,0.0,1.65461876833151e-08,1.4650351994242892e-06,0.0,0.0,0.0,1.4815813871076044e-06
0x3ba83eeb746f70928d2ccbbf05a4d165fe253c76,0.0,0.0,1.4123953619630585e-06,0.0,0.0,0.0,0.0,1.4123953619630585e-06
0xa7ca4874e40e374d28f796653e1d9bfd6fba176c,0.0,0.0,0.0,1.378918973874415e-06,0.0,0.0,0.0,1.378918973874415e-06
0x00f617598f4879ab65de60fa733c2d55b5fdfc01,0.0,0.0,1.3724964814734273e-06,5.703021370075742e-12,0.0,0.0,0.0,1.3725021844947973e-06
0x4751917e24eed8286894de9f5302df8daf510acc,0.0,1.368099712234012e-06,0.0,6.468584217231767e-13,0.0,0.0,0.0,1.3681003590924337e-06
0xf2c43e7f7772144fa9f025b4572bafbc0a1c0bc2,0.0,0.0,1.3646080526553716e-06,0.0,0.0,0.0,0.0,1.3646080526553716e-06
0xfbad7fe9183ee6bf95b82823fae9a9edf7beb13a,0.0,0.0,0.0,1.3538194632850565e-06,0.0,0.0,0.0,1.3538194632850565e-06
0x977d915d1ba747265d4e7d66f26348912f91165b,0.0,0.0,0.0,1.3238414188403135e-06,0.0,0.0,0.0,1.3238414188403135e-06
0x7c962be22461e3bce7fc60af70ed658429b04bd3,0.0,0.0,1.27608658540252e-06,1.3977895495299404e-11,0.0,0.0,0.0,1.2761005632980154e-06
0x07265663b688c5123e6600f9374f989e0869cdcd,0.0,0.0,0.0,1.2679985481794736e-06,0.0,0.0,0.0,1.2679985481794736e-06
0x333e25aa920b6a038787dfbbd69b51f8152eea6d,0.0,0.0,1.211030582999606e-06,0.0,0.0,0.0,0.0,1.211030582999606e-06
0xaff4342328c05cdabfde27b6db8638fc7664892c,0.0,0.0,0.0,1.1790013200558516e-06,5.228879699047341e-10,0.0,0.0,1.1795242080257564e-06
0xef65af1ad98aeedf50935c9a75468dfec21491bd,1.1762249394188087e-06,0.0,0.0,0.0,0.0,0.0,0.0,1.1762249394188087e-06
0xa87a902341ee4c9f31ae2ff65bdd86a419502d74,0.0,0.0,0.0,1.1653184231432137e-06,0.0,0.0,0.0,1.1653184231432137e-06
0xea4ee6ec4cc16bff5897a25a421256fd195234af,0.0,0.0,1.1431849393860427e-06,0.0,0.0,0.0,0.0,1.1431849393860427e-06
0x88ab8ae2f692c263bb41c75179873d35aedf8038,0.0,0.0,0.0,1.1399457242507422e-06,0.0,0.0,0.0,1.1399457242507422e-06
0x388054e3e602ac22610c1cea9b91360e85c5be3e,0.0,0.0,1.1238628864062675e-06,1.889644011948427e-12,0.0,0.0,0.0,1.1238647760502795e-06
0xd9014fdc4bc6b7bc89cbde60231d863a41864390,0.0,0.0,1.1187336992435179e-06,0.0,0.0,0.0,0.0,1.1187336992435179e-06
0x20cc8fe094a0b86062dc9c2463876fcbe4996f1e,0.0,0.0,0.0,1.0870643578381655e-06,0.0,0.0,0.0,1.0870643578381655e-06
0x3494f17c2a3b18b298e40abd37e9d2e8639a64e6,0.0,0.0,1.0788248097220556e-06,2.4380672524385373e-12,0.0,0.0,0.0,1.078827247789308e-06
0xb96f81bafd0bc97ca8c3c6907f20b23764109675,0.0,0.0,0.0,0.0,1.0769111658945595e-06,0.0,0.0,1.0769111658945595e-06
0xf4a41c671ba2783820e844519daeea48fdc538ec,0.0,0.0,0.0,1.0730259409457686e-06,0.0,0.0,0.0,1.0730259409457686e-06
0x4f9993141fecb7246ba9b6631338281d6f28d647,0.0,1.0552150723338533e-06,2.5125718877535747e-11,3.033977162307669e-16,1.455236320639879e-13,0.0,0.0,1.0552403438797606e-06
0x2e11e6ac295249642253fa47419849153bd8efc1,0.0,1.040737574938677e-06,0.0,0.0,0.0,0.0,0.0,1.040737574938677e-06
0x4e7bbbb225bbf227e1c97afe78a6b0d2bc08489b,9.409799515350472e-13,0.0,0.0,1.0332811673681753e-06,0.0,0.0,0.0,1.0332821083481268e-06
0x7b6e4707b75598a7b5eb2b8ebbc9df8e5ea20fe8,0.0,0.0,0.0,1.0258042416237043e-06,0.0,0.0,0.0,1.0258042416237043e-06
0xa5e244efcdcbcb3d9b718ef8b2a9bb4d3ba74ee0,0.0,0.0,0.0,1.0165613157093826e-06,0.0,0.0,0.0,1.0165613157093826e-06
0xe4b2a3a52e91cc8c9e5a7194789f859bcf4dc04e,0.0,0.0,0.0,9.746141231672238e-07,0.0,0.0,0.0,9.746141231672238e-07
0x3462e50cf7e5d8c5fae4570cd3891f032b48bde8,0.0,0.0,0.0,9.677370567644578e-07,0.0,0.0,0.0,9.677370567644578e-07
0x21759f92f4315ee3d26acdadd55d24b4507566c1,0.0,0.0,9.595307500812354e-07,0.0,0.0,0.0,0.0,9.595307500812354e-07
0xe0ad59dd16c86b2a749132e09e36255d3558e37d,0.0,0.0,9.48074001470402e-07,0.0,0.0,0.0,0.0,9.48074001470402e-07
0xd4033b427c087df6f98aa6317a0e9d684a9d3e33,0.0,9.274930842277124e-07,1.113388373648007e-10,0.0,2.0746194158471994e-13,0.0,0.0,9.276046305270188e-07
0x3bb041dfe9348d0ee7a5f7d275cbcd15d8122978,0.0,0.0,0.0,9.234658710427111e-07,0.0,0.0,0.0,9.234658710427111e-07
0x1b56a2017b15577a759969869f706584200ca67c,0.0,0.0,0.0,8.751743567009971e-07,0.0,3.832489742540918e-11,0.0,8.752126815984225e-07
0xafeb7616b4c8caf8b3a57e9f4acae11d501eb1ca,0.0,0.0,0.0,8.617198101027429e-07,0.0,0.0,0.0,8.617198101027429e-07
0xa54c60bd2294a6c1c86e57787981afacf9ef86e7,0.0,0.0,0.0,8.521052019118537e-07,0.0,0.0,0.0,8.521052019118537e-07
0xd1a5fda4b1d147c237a6c5c5cd33f5808798a20d,0.0,0.0,0.0,8.493447294314744e-07,0.0,0.0,0.0,8.493447294314744e-07
0xb38c019835898de512f2c10a7f22432eb6db1484,0.0,0.0,7.661761062419684e-07,0.0,0.0,0.0,0.0,7.661761062419684e-07
0xa0eff7fc10735f37cabb46aad21e6fd718729abd,0.0,0.0,7.59843185891368e-07,0.0,0.0,0.0,0.0,7.59843185891368e-07
0x0b71d1124342d31d55ce0d967e9e297f99e282eb,0.0,0.0,7.595911546357081e-07,0.0,0.0,0.0,0.0,7.595911546357081e-07
0x5f7f93c3ae7132f54ac12391fffc45b1f82ef10e,0.0,0.0,7.175692161617661e-07,0.0,0.0,0.0,0.0,7.175692161617661e-07
0x264629d3183df549abfa9d805e668c27e3cf365a,0.0,0.0,0.0,7.051551560133071e-07,0.0,0.0,0.0,7.051551560133071e-07
0x00683dc4ca9c5020725ac261b5609f6a2db7e47b,0.0,0.0,0.0,7.007494867640968e-07,0.0,0.0,0.0,7.007494867640968e-07
0x0b9ff1db745f724de94d43a773d37db22f91bfaf,0.0,4.4178551767060597e-07,2.5093753875039036e-07,6.49859385799172e-12,0.0,0.0,0.0,6.927295550148543e-07
0x010d7fff80f38499cb0d1bb0174b956a862a84bd,0.0,0.0,6.815719769138615e-07,0.0,0.0,0.0,0.0,6.815719769138615e-07
0xb9433fd97274c124fff197f78e1c8b0299b3dd9f,0.0,0.0,6.53840699066501e-07,0.0,0.0,0.0,0.0,6.53840699066501e-07
0x6c903baece88d07c7650c598c18c586b0e9fb595,0.0,0.0,0.0,6.536527540324832e-07,0.0,0.0,0.0,6.536527540324832e-07
0xcb4b09b07b22fc0499555a42da561f6d43ee7147,0.0,0.0,0.0,6.304220018484698e-07,0.0,0.0,0.0,6.304220018484698e-07
0x25dc55adedc0fdb468660db9eb7059390ef5ecff,0.0,0.0,6.237021327273596e-07,0.0,0.0,0.0,0.0,6.237021327273596e-07
0xb330782e12f25c26b416e5d4099a46786484b9d4,0.0,0.0,6.089386861486297e-07,0.0,0.0,0.0,0.0,6.089386861486297e-07
0x35b62d2e738235ad668f15b51aaa37d947523910,0.0,0.0,0.0,6.022898015787552e-07,0.0,0.0,0.0,6.022898015787552e-07
0xb05ed8d08af44a4decb46fb24a27302921be5917,0.0,0.0,0.0,5.892167752748507e-07,0.0,0.0,0.0,5.892167752748507e-07
0xfc4bc548a49bfc59a9b95955de10baddb4f136e3,0.0,0.0,0.0,5.77605179144937e-07,0.0,0.0,0.0,5.77605179144937e-07
0xe970ea9839b24e5466a9767a677d8a396d8171c3,0.0,0.0,0.0,5.703748274491369e-07,0.0,0.0,0.0,5.703748274491369e-07
0xdf7d0d3d199706f5b937d6763174a2c73fa75b00,0.0,0.0,0.0,5.69449035394736e-07,0.0,0.0,0.0,5.69449035394736e-07
0x3ea8b09da72972e953541500721803a187526da6,0.0,0.0,5.622291727271301e-07,0.0,0.0,0.0,0.0,5.622291727271301e-07
0xc99262bc094212c0108be4670a56c5280e1ead12,0.0,0.0,0.0,0.0,0.0,0.0,5.33250156738058e-07,5.33250156738058e-07
0x1056a61e565b3a2a36ac74e08feb8d1017c905c1,0.0,0.0,4.773347380330941e-07,0.0,0.0,0.0,0.0,4.773347380330941e-07
0x58e708e69a042808dd6f5108929b09983e4a1676,0.0,0.0,4.663171930791869e-07,0.0,0.0,0.0,0.0,4.663171930791869e-07
0x83aaf5189144fefcc586e5e30b5f6f6bb1c6c7d4,0.0,4.619788377274233e-07,0.0,0.0,0.0,0.0,0.0,4.619788377274233e-07
0xf87c79baa0d47d6398d5a85a5b64d9aea61df393,0.0,0.0,0.0,4.5721111737812856e-07,0.0,0.0,0.0,4.5721111737812856e-07
0xb55023922bce6c4b321be68332a9d5a65071d611,0.0,0.0,0.0,4.556981220389196e-07,0.0,0.0,0.0,4.556981220389196e-07
0x46bbf0edba51ae50088284daa5616868d94b9fb8,0.0,0.0,4.444621679685027e-07,0.0,0.0,0.0,0.0,4.444621679685027e-07
0x942a954ff6c256aec269cd81b73c4eaa98800628,0.0,0.0,0.0,4.3279612676304416e-07,0.0,0.0,0.0,4.3279612676304416e-07
0xb7f175bca037f6a5e6f89a9706f5c58e4db11b2c,0.0,0.0,4.3213079652518237e-07,0.0,0.0,0.0,0.0,4.3213079652518237e-07
0xfdf4951ffe6cf684b874e427c56bca461b81b683,0.0,0.0,0.0,0.0,4.257556114293975e-07,0.0,0.0,4.257556114293975e-07
0x5dc3992e5fbff91e3126bf62961de514ca933eea,0.0,0.0,0.0,4.012955918831649e-07,0.0,0.0,0.0,4.012955918831649e-07
0x0bfbb39be0968ace86f3ea96b7403661acd0187d,0.0,0.0,3.6785879709381837e-07,1.58974961842122e-12,6.799814065137022e-10,0.0,0.0,3.685403682499505e-07
0x9087f9c7adc385d4fe0fb10b153b61654532e333,0.0,0.0,0.0,0.0,3.61915060987822e-07,0.0,0.0,3.61915060987822e-07
0x9cc50f63fa3e29163e8a66fe9bf46d75d151c159,0.0,0.0,3.468935088015347e-07,0.0,0.0,0.0,0.0,3.468935088015347e-07
0x9fc5e52787fc897eec9e66c5ca159e4703b531c3,0.0,3.4187465440901196e-07,0.0,0.0,0.0,0.0,0.0,3.4187465440901196e-07
0x74d329d1d681b6ab5ca47b06b8704f43160c73f8,0.0,3.35059064786367e-07,5.505921031442109e-11,5.040586118086619e-16,2.0483820484323168e-13,0.0,0.0,3.3511432933894486e-07
0x9c7acb4727cf9429379807fea5a272a1cade86aa,0.0,0.0,3.200114881949925e-07,6.143152611274308e-13,0.0,0.0,0.0,3.200121025102536e-07
0x5596c05abcad6360181b8ebc92e1eb34afa4e2f1,0.0,0.0,3.173950296827623e-07,0.0,0.0,0.0,0.0,3.173950296827623e-07
0x51c4eb317a463e9d60f1d027214ef1ab3d115d55,0.0,0.0,3.094668228602231e-07,0.0,0.0,0.0,0.0,3.094668228602231e-07
0xb00196de7912e80410bc35887bffe753b4a30a54,0.0,0.0,0.0,3.0921162148702177e-07,0.0,0.0,0.0,3.0921162148702177e-07
0xf9749973b744c55d7b013a66af491a7d381ca6c5,0.0,0.0,3.0797500473528476e-07,0.0,0.0,0.0,0.0,3.0797500473528476e-07
0x3f36c62c8b8484477db20074c023597ca28f966b,0.0,0.0,2.9782683778191674e-07,1.2275428681733879e-11,0.0,0.0,0.0,2.978391132105985e-07
0x9513f28ed0248092b51cd556da2b8af7f87b6830,0.0,0.0,2.8962155900547e-07,0.0,0.0,0.0,0.0,2.8962155900547e-07
0x22351174873c9ec18077d01c317fd57d11aa1345,0.0,0.0,0.0,2.7315496659481687e-07,0.0,0.0,0.0,2.7315496659481687e-07
0x6901275f6d3476917f85daa65dc95ad5674eef5d,0.0,0.0,2.5522944481464885e-07,0.0,1.92066864955369e-09,0.0,0.0,2.571501134642025e-07
0xcf8b1406cfc9749518b908b19d81c45607ccf162,0.0,0.0,2.492980818102258e-07,0.0,0.0,0.0,0.0,2.492980818102258e-07
0x3e9bde7e023b4f9de05975b566cd41c771f3fb49,0.0,0.0,2.3167068117536093e-07,0.0,0.0,0.0,0.0,2.3167068117536093e-07
0xd439b3ac276eff8131b0ac3ca9a2b520289a9fb0,0.0,0.0,0.0,2.3098119002406878e-07,0.0,0.0,0.0,2.3098119002406878e-07
0x8286a9a98dd3a31754b116d68d154170e93072e4,0.0,0.0,2.296972861397148e-07,0.0,0.0,0.0,0.0,2.296972861397148e-07
0x6ac8e6eed774c18bbbc4bbdf29d5b84703a503d4,0.0,0.0,2.277301071236785e-07,0.0,0.0,0.0,0.0,2.277301071236785e-07
0x6ee2ba5945cbdee9bd9a21267af7941b32ca04ff,0.0,0.0,2.2727420949427956e-07,0.0,0.0,0.0,0.0,2.2727420949427956e-07
0x292c5792e69a552217fe2798a6fd11f23f425adb,0.0,0.0,0.0,2.2553812042570317e-07,0.0,0.0,0.0,2.2553812042570317e-07
0x93a109cc5bbfc5acc708f7afb08688d846671779,0.0,2.2401388978296518e-07,6.958578233290797e-11,6.70473900502266e-16,2.726914656287631e-13,0.0,0.0,2.2408374892723762e-07
0xa4cf2fbdb8c86492467787628dfa351c8d432929,0.0,0.0,0.0,2.2181091043391504e-07,0.0,0.0,0.0,2.2181091043391504e-07
0x19e86826048a3458becdd6b0459db22753861906,0.0,0.0,2.1954879964260272e-07,1.6250189498024154e-12,0.0,0.0,0.0,2.1955042466155254e-07
0xe67d3b0bdfd1d853fbce6c0898b464e332a67b18,0.0,0.0,2.1693345384843265e-07,0.0,0.0,0.0,0.0,2.1693345384843265e-07
0x09a8e6933bc2d1f391e2702abd5af8db0068bb52,0.0,0.0,7.091410458550226e-08,1.4381875177426003e-07,0.0,0.0,0.0,2.147328563597623e-07
0x634a32c77fad012b487ab213932b3c32c0118373,0.0,0.0,2.094141193895086e-07,0.0,0.0,0.0,0.0,2.094141193895086e-07
0xb8495f35288b123948759319d784a92087be2c26,0.0,0.0,0.0,2.0630008034270698e-07,0.0,0.0,0.0,2.0630008034270698e-07
0xed99c1419f877b96417ecec65d221b2b7834adce,0.0,0.0,2.0406013896934277e-07,4.755296535807621e-10,0.0,0.0,0.0,2.0453566862292353e-07
0x8355178aa44f97f3b038652fc6cda77baa6b38aa,0.0,0.0,2.0223807869555133e-07,0.0,0.0,0.0,0.0,2.0223807869555133e-07
0x2fdac49b2fad5d87a4e3739efe919388f5504f55,0.0,0.0,2.020136115698651e-07,0.0,0.0,0.0,0.0,2.020136115698651e-07
0xfe5e4913c1ac64408048d2a942c8cba5618064eb,0.0,0.0,1.9735975629432233e-07,0.0,0.0,0.0,0.0,1.9735975629432233e-07
0x1c37c8805afaabea0ae347595a40bf40b5435123,0.0,9.291847516355935e-08,2.889653853191909e-10,4.169048034872356e-16,5.659649480266997e-13,1.277863763292292e-13,1.0235018480540831e-07,1.9555831952251602e-07
0x10a6f67410f0a8a854d7c63784b7f8dae8dc4d17,0.0,1.8877638109772452e-07,0.0,0.0,0.0,0.0,0.0,1.8877638109772452e-07
0x65754b6173ad2cb79a895a5512a4322a02a52136,0.0,0.0,0.0,1.8015212629098506e-07,0.0,0.0,0.0,1.8015212629098506e-07
0x452e18e31669e96668e54ecfbec3769e61ac43d8,0.0,0.0,1.7996308530297442e-07,0.0,0.0,0.0,0.0,1.7996308530297442e-07
0xc5573c806903a8c19f2e679fb993a5d0d8087f44,0.0,0.0,1.7879100373105327e-07,0.0,0.0,0.0,0.0,1.7879100373105327e-07
0xa1bd6abedbe489ce07e7d499bd7639a756c326c3,0.0,0.0,1.784255330711428e-07,0.0,0.0,0.0,0.0,1.784255330711428e-07
0x9a81f0089f403688aebad545e0fe60f9a8c013ca,0.0,1.7788076854296592e-07,1.1427611101289736e-10,5.44062821962691e-16,2.2086857266289575e-13,0.0,0.0,1.7799526606661428e-07
0xf7bf8450e93619790e56c336c45d3f2cdfea316c,0.0,0.0,1.7271451810111717e-07,0.0,0.0,0.0,0.0,1.7271451810111717e-07
0xbe74e8e6fa8f47cf01d9a6c9f6cf4458720ffc33,0.0,0.0,1.7168480598393486e-07,0.0,0.0,0.0,0.0,1.7168480598393486e-07
0x62fd9f8b4333c15f0b8497b6a5e63f45fce68591,0.0,0.0,1.670233496479102e-07,0.0,0.0,0.0,0.0,1.670233496479102e-07
0x46df6e1259cc95df557438da096f2f6bf370a7e8,0.0,0.0,1.6573270578172145e-07,0.0,0.0,0.0,0.0,1.6573270578172145e-07
0xf53730896fe05abc0acd657ca6209a1a80562615,0.0,0.0,0.0,0.0,1.559629762436506e-07,0.0,0.0,1.559629762436506e-07
0xd62c7f5758fa663849bd88f0ec50f23f23295f4f,0.0,0.0,1.52138859644204e-07,0.0,0.0,0.0,0.0,1.52138859644204e-07
0x2d5cf21010b3f43a793eb4115a12aed80fd3624a,0.0,0.0,1.4588079123582458e-07,0.0,2.2604321572366597e-10,0.0,0.0,1.4610683445154824e-07
0x747276019e3340104c96397bf6537ad01f93d7df,0.0,0.0,1.4173659281190122e-07,0.0,0.0,0.0,0.0,1.4173659281190122e-07
0x93f161c8cdf044be219a7f1e9a043173eb774568,0.0,0.0,1.368927706341407e-07,0.0,0.0,0.0,0.0,1.368927706341407e-07
0x7353312eb913b98f7f99bb4f7d3dda4a28ca2721,0.0,0.0,0.0,1.3586652691497868e-07,0.0,0.0,0.0,1.3586652691497868e-07
0x3d832afd293bca45bce9ce223fa25c995f4171bd,0.0,0.0,1.345343284454631e-07,0.0,0.0,0.0,0.0,1.345343284454631e-07
0xf84c7b497e6f4f8beba75c776d6c1fde7f431bef,0.0,0.0,1.3274730841031337e-07,0.0,0.0,0.0,0.0,1.3274730841031337e-07
0xd17aedee7aa78be2163a623d38f3de948a9175f0,0.0,0.0,0.0,4.742774355101329e-10,1.3097511434067507e-07,0.0,0.0,1.314493917761852e-07
0x39c925a3cc6f84989dc8a01285e074e8d5d9f8ab,0.0,0.0,1.1942322677044494e-07,0.0,0.0,0.0,0.0,1.1942322677044494e-07
0x0676fff6417939411d63e37d4dbbf3cd3e3cb554,0.0,1.1807511985684052e-07,3.716058425432074e-11,3.5747851215526824e-16,1.4572649214435564e-13,0.0,0.0,1.181124265250655e-07
0xc20f7c07b54a04b4f912421a93716efb0d5cb23a,0.0,0.0,0.0,0.0,1.1450269231540101e-07,0.0,0.0,1.1450269231540101e-07
0x25e084d50b2a4b34cd41ec7d4f9960ad66720f6e,0.0,0.0,1.1418671688012618e-07,0.0,0.0,0.0,0.0,1.1418671688012618e-07
0x4d48415750dc8a6dc3c4f0073ea4917a23735028,0.0,0.0,0.0,1.1369555340252945e-07,0.0,0.0,0.0,1.1369555340252945e-07
0xe6fc2f3584bdbd5b150f9eb79d249974926001c5,0.0,0.0,1.1324047175085024e-07,0.0,0.0,1.761932022860573e-11,0.0,1.1325809107107884e-07
0xc44481bbe32ed16832a47127cf2009f121d229b2,0.0,0.0,1.1196909407259525e-07,0.0,0.0,0.0,0.0,1.1196909407259525e-07
0x8590f6610a4f91aaea17d2f1fc64b8166f0dcdb8,0.0,0.0,0.0,1.0988465096819659e-07,0.0,0.0,0.0,1.0988465096819659e-07
0xf13956b3bfff3b08b05d0eda9aac612b89e776cf,0.0,0.0,1.0913223254990702e-07,0.0,0.0,0.0,0.0,1.0913223254990702e-07
0xb9c90431f567762555e6380a5bee46753ae44376,0.0,0.0,1.0581951701292945e-07,0.0,0.0,0.0,0.0,1.0581951701292945e-07
0x246dc1bc5050d8f5cfe4660c39a5d3a1bc880ef9,0.0,0.0,1.0556219772213818e-07,0.0,0.0,0.0,0.0,1.0556219772213818e-07
0x06f8d9fc8e1f1c7e0fbf26f0f160ce3641943a7b,0.0,0.0,0.0,0.0,0.0,1.0419249641452355e-07,0.0,1.0419249641452355e-07
0xb2844c70167fe1e1617a8aae25106acdc8e8e536,0.0,0.0,1.0351156240254639e-07,0.0,0.0,0.0,0.0,1.0351156240254639e-07
0x478cff6162b1a82af7636337dfa79c89faed9dee,0.0,0.0,0.0,1.0281997838165493e-07,0.0,0.0,0.0,1.0281997838165493e-07
0x4cb4a249ac73dcd0826adadbc7ec14f1876b4d17,0.0,1.0231779151003594e-07,7.667963424945026e-11,2.7207313999054657e-16,1.1068412951223538e-13,0.0,0.0,1.0239458210048804e-07
0xe12921bc6fc87535ffa835e418a63ffecfdb25ae,0.0,0.0,1.0224871051708626e-07,0.0,0.0,0.0,0.0,1.0224871051708626e-07
0x5d856f28ecc4385eca4adcd64c40fc69ba602a39,0.0,0.0,9.787287702517993e-08,0.0,0.0,0.0,0.0,9.787287702517993e-08
0x97f41f4802a6147143f66a625343b9039c700ecc,0.0,0.0,0.0,9.576747248123321e-08,0.0,0.0,0.0,9.576747248123321e-08
0x890f088b60d1f4db4f5c1b5efe06c5e1afe7fee9,0.0,0.0,9.47675080203361e-08,0.0,0.0,0.0,0.0,9.47675080203361e-08
0xdbe0c5341a229e604ef99093972f5e30984f95ac,0.0,9.381459353729141e-08,0.0,0.0,0.0,0.0,0.0,9.381459353729141e-08
0x1c0cd21e168c41d954c1f10c14f1df6ecf951fba,0.0,0.0,0.0,0.0,0.0,9.32150639622627e-08,0.0,9.32150639622627e-08
0x627696ddcaa9428bfd52a86f713ce2f754f1dca6,0.0,9.266777714562498e-08,3.193355914782663e-11,6.129365743669683e-16,1.1307575774899332e-13,0.0,0.0,9.269982439346713e-08
0x649d8475f3ad0ada7a715a025c557f2ebe40e5cf,0.0,9.230662304949836e-08,0.0,0.0,0.0,0.0,0.0,9.230662304949836e-08
0xa4f14b5e16ce9a6334996e30763c9007346a0dbc,0.0,9.217938647015428e-08,0.0,0.0,0.0,0.0,0.0,9.217938647015428e-08
0xca133a021578477ce5fed45129b292e1265dcedc,0.0,8.69910654610191e-08,0.0,0.0,0.0,0.0,0.0,8.69910654610191e-08
0x9946785a396ef1dcc3640b8cfaa25975d2536296,0.0,0.0,0.0,8.677630438053107e-08,0.0,0.0,0.0,8.677630438053107e-08
0xcfc52de652ff30604681b53760484d1a5cc212b7,0.0,8.570687324921514e-08,0.0,0.0,0.0,0.0,0.0,8.570687324921514e-08
0xe4a306c57362713a7deeb609fa7fe3e41650c2ae,0.0,8.35961423179311e-08,0.0,0.0,0.0,0.0,0.0,8.35961423179311e-08
0x7e378459e9e5c1f759af5a8707288189cccd4c60,0.0,8.329003335528105e-08,0.0,0.0,0.0,0.0,0.0,8.329003335528105e-08
0x5ee08045f30fc47cc6880c792331094471ce79bf,0.0,8.314344065101932e-08,0.0,0.0,0.0,0.0,0.0,8.314344065101932e-08
0x31c3164714a8f1730622cc20d4c9189a0efcaec6,0.0,0.0,0.0,8.304516647682634e-08,0.0,0.0,0.0,8.304516647682634e-08
0x5d71d640f0648b5f93f015bc37f932737dd96b99,0.0,0.0,8.055332516314246e-08,0.0,0.0,0.0,0.0,8.055332516314246e-08
0xf48ede85a2475d9e6467eb51ac6862f8b227eb89,0.0,8.036521303762457e-08,0.0,0.0,0.0,0.0,0.0,8.036521303762457e-08
0xac64df38219da61773d9e7d81e3e06fd7c745edc,0.0,7.72215132212569e-08,0.0,0.0,0.0,0.0,0.0,7.72215132212569e-08
0xa512765fa18f85977125303d293e83d54ac9ca24,0.0,7.54772943142316e-08,0.0,0.0,0.0,0.0,0.0,7.54772943142316e-08
0x9b8aec31c26e73f5a759a73d7944730bfea14c53,0.0,7.545266681668032e-08,0.0,0.0,0.0,0.0,0.0,7.545266681668032e-08
0x2e354cd8ff462c684981fcc529a4b5488089b069,0.0,7.482074784017931e-08,0.0,0.0,0.0,0.0,0.0,7.482074784017931e-08
0x3f533b5d47f6749d3e8858d22c0e3393dee4af5b,0.0,7.476281758670735e-08,0.0,0.0,0.0,0.0,0.0,7.476281758670735e-08
0x69bc125451aa74fe5d29e49eb2896bc07b47f5da,0.0,7.465974260076669e-08,0.0,0.0,0.0,0.0,0.0,7.465974260076669e-08
0xd80caf67eed01ea813011e7b983487946e272aef,0.0,7.362101866872635e-08,0.0,0.0,0.0,0.0,0.0,7.362101866872635e-08
0x1a30f9e90d61d62e9a2e41ce5cbe52ce99c3ce26,0.0,7.337958108172678e-08,0.0,0.0,0.0,0.0,0.0,7.337958108172678e-08
0x5f0f5720deebd07f4674f0fc5e497edca84ab9ac,0.0,6.995081908735583e-08,0.0,0.0,0.0,0.0,0.0,6.995081908735583e-08
0x3da3a8a57c029e5b00010485858b65a9c2e0ba0f,0.0,6.952214545439407e-08,0.0,0.0,0.0,0.0,0.0,6.952214545439407e-08
0x41a29ded1627f6b09d920dc341e9a783322f84aa,0.0,6.721494253730551e-08,0.0,0.0,0.0,0.0,0.0,6.721494253730551e-08
0xcd69b671cc2b48f013e91e51a29bfb360047ddc8,0.0,0.0,6.72039983940743e-08,0.0,0.0,0.0,0.0,6.72039983940743e-08
0x4b5cd1840271751d2662100cafa58ed6d1bf6d94,0.0,0.0,6.521664390871779e-08,0.0,0.0,0.0,0.0,6.521664390871779e-08
0xd322a0b757ff42a1d1ec4f4ce138cf6bbb51851c,0.0,6.495173044064728e-08,0.0,0.0,0.0,0.0,0.0,6.495173044064728e-08
0x034ccf5805f11a7d227d543c2516f9d1bc366cfc,0.0,6.477979368518708e-08,0.0,0.0,0.0,0.0,0.0,6.477979368518708e-08
0x9863fdf921a64d0b6319e19524c431a2eaa249c8,0.0,0.0,6.472227242110043e-08,0.0,0.0,0.0,0.0,6.472227242110043e-08
0x620f6f96bae7606eef2867d13defbd4d0c14cc80,0.0,6.438642838646602e-08,0.0,0.0,0.0,0.0,0.0,6.438642838646602e-08
0x74d083324feb94f7cd9491d611190842c2a63e5d,0.0,6.406071114214117e-08,0.0,0.0,0.0,0.0,0.0,6.406071114214117e-08
0x1d7d3d266b1b516b6a4332248e1d5ceed4584193,0.0,6.266891405053324e-08,0.0,0.0,0.0,0.0,0.0,6.266891405053324e-08
0x59de0cc3ca319e20660e3ee20e62628fdc5412da,0.0,6.091486583298217e-08,0.0,0.0,0.0,0.0,0.0,6.091486583298217e-08
0x68b53499fdb1a14f8429e9c4719831f0db34fbac,0.0,6.089270961439333e-08,0.0,0.0,0.0,0.0,0.0,6.089270961439333e-08
0x49881e1bbe23f9940e3903366e2a43f06a39ca08,0.0,6.064014586104371e-08,0.0,0.0,0.0,0.0,0.0,6.064014586104371e-08
0x0466747175bb447f7e931472b221a8cc61fcbe97,0.0,0.0,6.00248570943476e-08,0.0,0.0,0.0,0.0,6.00248570943476e-08
0x406e23a35c0a9e71b17dc180280ae94aaf724182,0.0,5.986962146881943e-08,0.0,0.0,0.0,0.0,0.0,5.986962146881943e-08
0xfd7f407944d7e3adcb489cf700d01548db1a3e39,0.0,5.9423738899312276e-08,0.0,0.0,0.0,0.0,0.0,5.9423738899312276e-08
0x6de008892dd7b4f00ac858d2876754b44e4a06d5,0.0,5.9081902946746256e-08,0.0,0.0,0.0,0.0,0.0,5.9081902946746256e-08
0x89bed753dabfbdb29e11af2e8de92ef49a4d114d,0.0,0.0,5.879905667879591e-08,0.0,0.0,0.0,0.0,5.879905667879591e-08
0xfc7865957f1632d211e145baa8852153eb36066c,0.0,5.871412562410885e-08,0.0,0.0,0.0,0.0,0.0,5.871412562410885e-08
0x9b3b8991a9e2d2bb31222ccc4ed9571d087c8206,0.0,5.8633176052127793e-08,0.0,0.0,0.0,0.0,0.0,5.8633176052127793e-08
0xcf02c216f11dc2856a9f761868f79a219955e781,0.0,5.810941768418445e-08,0.0,0.0,0.0,0.0,0.0,5.810941768418445e-08
0x8296e98402cc9351bd6e83d8d7eb29cd8d8627ef,0.0,5.7573566731513354e-08,0.0,0.0,0.0,0.0,0.0,5.7573566731513354e-08
0xb8a76f6a1dd30da40b0292e56cfe3de8e1339712,0.0,0.0,5.756429537879445e-08,0.0,0.0,0.0,0.0,5.756429537879445e-08
0x8d20ff49c8f517fe9ae3d7ebbb8f006fdcbc4824,0.0,0.0,0.0,5.6249275291115266e-08,0.0,0.0,0.0,5.6249275291115266e-08
0x3362fa84bb8c9cfa8e914adcff589d3c733b2efa,0.0,5.6184056744444764e-08,0.0,0.0,0.0,0.0,0.0,5.6184056744444764e-08
0x8a368e418a4e83939fe3dd4529b9cc2c9996bc05,0.0,5.308239012961035e-08,0.0,0.0,0.0,0.0,0.0,5.308239012961035e-08
0x363972ff994ef1bb9cb0d41485f8b4760a0ab878,0.0,5.234141995221283e-08,0.0,0.0,0.0,0.0,0.0,5.234141995221283e-08
0xe9f18de1be5c5dbef23e4530d8ce23d359919ed6,0.0,0.0,5.1657819872028714e-08,0.0,0.0,0.0,0.0,5.1657819872028714e-08
0xd0b86deb6ede06c87d85b5be78e9a1e7b8ae8e03,0.0,5.153893095587248e-08,0.0,0.0,0.0,0.0,0.0,5.153893095587248e-08
0x7a43d24649acfc90dc514f22acf43ce29440a011,0.0,5.1220490891158674e-08,0.0,0.0,0.0,0.0,0.0,5.1220490891158674e-08
0x7c806a0bb22c0cd49a5be476d4ee87ae13c6893d,0.0,5.092979986197875e-08,0.0,0.0,0.0,0.0,0.0,5.092979986197875e-08
0xdbe4a6440f6d8d6e810764b94f5549d13539292a,0.0,5.0847488489900036e-08,0.0,0.0,0.0,0.0,0.0,5.0847488489900036e-08
0x15015b5b20e2bac66042408702abb2d5b75b6c08,0.0,4.8698295009400605e-08,0.0,0.0,0.0,0.0,0.0,4.8698295009400605e-08
0x7c36f15b06363cb404325b77bd2c39d327197b62,0.0,4.859670219042308e-08,0.0,0.0,0.0,0.0,0.0,4.859670219042308e-08
0xc8cd08f0a829f6a8968ecaff82788822afef9cbb,0.0,0.0,0.0,4.824311404092845e-08,0.0,0.0,0.0,4.824311404092845e-08
0xfe904ae4a2dfcca42c50607a254ec33d6926cf29,0.0,0.0,0.0,4.695953396952643e-08,0.0,0.0,0.0,4.695953396952643e-08
0x1e3add23df3545bd2c07fc96dbf88f752b67863e,0.0,0.0,0.0,4.6896586234720996e-08,0.0,0.0,0.0,4.6896586234720996e-08
0x354cbab2785fa39cfe023463d107c61e28c64f35,0.0,0.0,0.0,4.6747657578743383e-08,0.0,0.0,0.0,4.6747657578743383e-08
0xb01f69fc8345abf2d2ab5c1439fc49e69abcdbb3,0.0,4.656469062531174e-08,0.0,0.0,0.0,0.0,0.0,4.656469062531174e-08
0xfd8235be67c29889c80a40209367f340fd076328,0.0,0.0,4.585818204267371e-08,0.0,0.0,0.0,0.0,4.585818204267371e-08
0x2503e8887ad9fb75a0e383e6fdcff0ac444a3008,0.0,0.0,0.0,4.561930699689546e-08,0.0,0.0,0.0,4.561930699689546e-08
0xe15089af07658625e34852ea25b74e290f79d8bd,0.0,0.0,0.0,0.0,0.0,4.472174869255376e-08,0.0,4.472174869255376e-08
0xb35113b6b1bf53e5575556ede895fa49a614f8c3,0.0,4.436980264398378e-08,0.0,0.0,0.0,0.0,0.0,4.436980264398378e-08
0x80dd818940b1575d8384beaa26d5854b8be70a32,0.0,4.3999706487196115e-08,0.0,0.0,0.0,0.0,0.0,4.3999706487196115e-08
0x8ac970db8194b87270358f134d14d0910576795f,0.0,4.384040051622767e-08,0.0,0.0,0.0,0.0,0.0,4.384040051622767e-08
0x9aa3791dc4fb3f389bc0c0f29199506b4f78d0e9,0.0,4.384040051622767e-08,0.0,0.0,0.0,0.0,0.0,4.384040051622767e-08
0x9b704fa620b838c63741cd6d3928f502a25c4cc4,0.0,0.0,4.3750551743522303e-08,0.0,0.0,0.0,0.0,4.3750551743522303e-08
0xad920cd7046c3e3c5b562bbf61c60d7a0b5d85cf,0.0,0.0,4.36565973969592e-08,0.0,0.0,0.0,0.0,4.36565973969592e-08
0x6f7dd1fc0cd472c175d8cc4728e0c8ceb9795866,0.0,4.183345535350485e-08,0.0,0.0,0.0,0.0,0.0,4.183345535350485e-08
0x01464bf5e35f383602bd6b9e542b8b63399f6e88,0.0,0.0,0.0,4.178861167782138e-08,0.0,0.0,0.0,4.178861167782138e-08
0x3af42722db0f15793e1b9d194e26fd89d5f12daf,0.0,4.1220735177996206e-08,0.0,0.0,0.0,0.0,0.0,4.1220735177996206e-08
0xf56f4707bc90758cc9f6b1e98938b472672d21d1,0.0,4.090590050120479e-08,0.0,0.0,0.0,0.0,0.0,4.090590050120479e-08
0x83b8dd34774bb82c2c5450876a83d0651f85a8c3,0.0,4.088748623643699e-08,0.0,0.0,0.0,0.0,0.0,4.088748623643699e-08
0x2a2ab473b8d8bf9850285398401bdf8d55f68a61,0.0,0.0,0.0,4.0042713616044576e-08,0.0,0.0,0.0,4.0042713616044576e-08
0x47f85f0f63cc4ed7d74616b29872d571b24c39a6,0.0,3.9214092936980116e-08,0.0,0.0,0.0,0.0,0.0,3.9214092936980116e-08
0x27bee0a67ca8c47f9e1dbca986327b991f8cf1c2,0.0,0.0,3.914232384121615e-08,0.0,0.0,0.0,0.0,3.914232384121615e-08
0x04333b1fb8485ae9a5a2fafc82a6da3dd764dda0,0.0,0.0,3.887832637816332e-08,0.0,0.0,0.0,0.0,3.887832637816332e-08
0xb82e564e93d44575c040ac14a57c22b83692d49c,0.0,3.759297041236789e-08,0.0,0.0,0.0,0.0,0.0,3.759297041236789e-08
0xc3675d30a16b7e08237de5e71d29b70edda3ee70,0.0,0.0,0.0,0.0,3.752203093750082e-08,0.0,0.0,3.752203093750082e-08
0xd86214d329c1fe08a73a6938e8fbcef8f97cfea3,0.0,0.0,3.696432311215733e-08,0.0,0.0,0.0,0.0,3.696432311215733e-08
0xae612f0d6dda5b1cd38548cdad617d40c2d1afd5,0.0,0.0,0.0,3.6420639774830376e-08,0.0,0.0,0.0,3.6420639774830376e-08
0x355c1cf73c2c1d0193b0dac92863d5f254a3e83d,0.0,0.0,0.0,3.509577439177422e-08,0.0,0.0,0.0,3.509577439177422e-08
0xfdc1c22084bbab02a4de23f86122e866258d2da5,0.0,0.0,3.5008519789982295e-08,0.0,0.0,0.0,0.0,3.5008519789982295e-08
0xa5ed8da239f400141427800da33b602a039f2254,0.0,0.0,0.0,3.4976260756651274e-08,0.0,0.0,0.0,3.4976260756651274e-08
0x6ba3d6e6ffab98d78cf285210a556ada12881d46,0.0,0.0,0.0,0.0,3.482355661535488e-08,0.0,0.0,3.482355661535488e-08
0x6d6d8b39e85378be7289122652d64147d301104e,0.0,3.4710385463464326e-08,0.0,0.0,0.0,0.0,0.0,3.4710385463464326e-08
0xb59b5a073c4a02d5062a2656929f0c54a034fc4d,0.0,3.4631868203765064e-08,0.0,0.0,0.0,0.0,0.0,3.4631868203765064e-08
0xd5985c1e1afa894ca10810a67aa4057b851f8996,0.0,0.0,3.3482022101130865e-08,0.0,0.0,0.0,0.0,3.3482022101130865e-08
0x9ca015a25762a9afaa7bb775d3da3eb938d9b5ab,0.0,3.2722434748502236e-08,0.0,0.0,0.0,0.0,0.0,3.2722434748502236e-08
0x4fa6fc900a7c89d927e89986af7c73cd574dbcfc,0.0,3.172770002092131e-08,0.0,0.0,0.0,0.0,0.0,3.172770002092131e-08
0x89fa38feec2c00d6b3cfd8e16c7948975c6c34bf,0.0,0.0,3.054807118801569e-08,0.0,0.0,0.0,0.0,3.054807118801569e-08
0x362a82ca54109eb66ef8c74c304b8549a8e2b919,0.0,0.0,2.9578250234107157e-08,0.0,0.0,0.0,0.0,2.9578250234107157e-08
0xb8ad37de24e3bbcffa7f9e7f06851301914f9746,0.0,0.0,2.935726044526562e-08,0.0,0.0,0.0,0.0,2.935726044526562e-08
0xeea7fc8a2b719491fa588eaa5190db2b4036888e,0.0,2.8983693331616335e-08,0.0,0.0,0.0,0.0,0.0,2.8983693331616335e-08
0xcf149b83f5d111f33194db7ece3fff35a9f6e0af,0.0,0.0,0.0,0.0,0.0,2.8351741933218505e-08,0.0,2.8351741933218505e-08
0xba694bfde8785de044cd4643043e63dc7dec8457,0.0,2.7786352447291373e-08,0.0,0.0,0.0,0.0,0.0,2.7786352447291373e-08
0x397411b34f46050eccb959d32e8f870a64e660f9,0.0,0.0,2.7674949741207647e-08,0.0,0.0,0.0,0.0,2.7674949741207647e-08
0x8fb3b79ad53af89166dfbf35d0ad77f62fd80c79,0.0,2.7659594936927757e-08,0.0,0.0,0.0,0.0,0.0,2.7659594936927757e-08
0xfe68c88843543ab167ef6979a8abb1c722a0cead,0.0,0.0,2.7095348984860495e-08,2.780769985570291e-13,1.6922454510316149e-10,0.0,0.0,2.7264851606962212e-08
0x052657579b68c291002eb1eb006c64da23387d48,0.0,2.6038812103279216e-08,0.0,0.0,0.0,0.0,0.0,2.6038812103279216e-08
0x383a3a9c5c24374df73d46fcb4e0f46967fa5e00,0.0,0.0,0.0,2.5398611683001907e-08,0.0,0.0,0.0,2.5398611683001907e-08
0x50022c9b7323e05f315cd8af311fe1a4f8023173,0.0,0.0,0.0,0.0,2.5138474312716423e-08,0.0,0.0,2.5138474312716423e-08
0xa998c9338c2ffba93208e7822455df93fb7b749d,0.0,2.4973756512918866e-08,0.0,0.0,0.0,0.0,0.0,2.4973756512918866e-08
0xd1152cb2a26ca95ffaf5fecc7a721fc57d20b963,0.0,2.4518565406117173e-08,0.0,0.0,0.0,0.0,0.0,2.4518565406117173e-08
0xb9381d4cb9c9e1699f5d5d72718e49a5b7e3a9d5,0.0,2.4324678536299984e-08,0.0,0.0,0.0,0.0,0.0,2.4324678536299984e-08
0x894441a2118b34384072e919ab9754ec936e30b0,0.0,0.0,0.0,2.4296746019178994e-08,0.0,0.0,0.0,2.4296746019178994e-08
0xe44d85d27d1e6ec980afa321d310c5b2b0b404d8,0.0,2.3937138682251415e-08,0.0,0.0,0.0,0.0,0.0,2.3937138682251415e-08
0x1f49a103316449c1164c9da653c6bcee2e0c8169,0.0,2.347172743378484e-08,0.0,0.0,0.0,0.0,0.0,2.347172743378484e-08
0xbbb0c5f2e2ccf64563a8752f921dd541661e8cad,0.0,0.0,2.337511618678358e-08,0.0,0.0,0.0,0.0,2.337511618678358e-08
0x6fac50fc0614b383f83f6466c2b38bc9b01b6fb4,0.0,0.0,2.3280301585373075e-08,0.0,0.0,0.0,0.0,2.3280301585373075e-08
0x810f3e1d4b54f08b600866ffa32bc8c2223bf7d7,0.0,0.0,0.0,1.9552588756419153e-08,3.695367420669859e-09,0.0,0.0,2.3247956177089013e-08
0xf9a5780952d98535b8ae6a007f72e63a7c856ede,0.0,2.2867353611345516e-08,0.0,0.0,0.0,0.0,0.0,2.2867353611345516e-08
0xf6bc0b4aad882c8759fe243507da23c42261cec0,0.0,0.0,0.0,2.2548489984108952e-08,0.0,0.0,0.0,2.2548489984108952e-08
0x26c3f31dde008d96aead10c9897e96753fa3624d,0.0,0.0,2.180050850149729e-08,0.0,0.0,0.0,0.0,2.180050850149729e-08
0x35aa8f2f73094907d2ad562ce0439933cf968566,0.0,2.1679889467793662e-08,0.0,0.0,0.0,0.0,0.0,2.1679889467793662e-08
0xfb1fb65b2e08b67211b082256fc871fc25c37e87,0.0,2.0570527061914265e-08,0.0,0.0,0.0,0.0,0.0,2.0570527061914265e-08
0x86c4c4df233fa4271ab3c135588153d78a602b88,0.0,0.0,2.055438628709697e-08,0.0,0.0,0.0,0.0,2.055438628709697e-08
0xed13a42c7d168d52fb4fc9cf5872fdc265b7aec1,0.0,0.0,2.011149736795288e-08,0.0,0.0,0.0,0.0,2.011149736795288e-08
0x89184359c0404cd134f4a062f1600b8f5cc58f23,0.0,0.0,1.9917604659349302e-08,0.0,0.0,0.0,0.0,1.9917604659349302e-08
0x92ed393de389c9b1cdd432b27c256bb2fa26d044,0.0,0.0,1.9804925123038365e-08,0.0,0.0,0.0,0.0,1.9804925123038365e-08
0x58d2f57b70bf39e2f30d3d313e8005eb1b72696d,0.0,0.0,1.972998945464384e-08,0.0,0.0,0.0,0.0,1.972998945464384e-08
0xc14b082cb6676c6dffdafdd86f5876b4c03f28a9,0.0,0.0,1.9702587935682653e-08,0.0,0.0,0.0,0.0,1.9702587935682653e-08
0xa3ee97f49f5bf6ca38b0b32a7369d5924b922cd1,0.0,0.0,1.915541679512808e-08,0.0,0.0,0.0,0.0,1.915541679512808e-08
0x1ca07b6ed46fec058a5496cffae3c80cf29f0d6f,0.0,0.0,0.0,0.0,1.9058559636899016e-08,0.0,0.0,1.9058559636899016e-08
0x2332e1ae96ad9a8c412bc9ad5d3526b1a1a000e6,0.0,0.0,1.905288617364087e-08,0.0,0.0,0.0,0.0,1.905288617364087e-08
0x64cc9b2dea801e359a3aaf2ac7166a565062fc9c,0.0,0.0,0.0,0.0,1.9034460990042256e-08,0.0,0.0,1.9034460990042256e-08
0xd5f6417992ad1ddcfec5167a42bb1d96287f6db6,0.0,0.0,1.886414051681973e-08,0.0,0.0,0.0,0.0,1.886414051681973e-08
0x466a5839ff38c62a09bcba832177addd5c98a254,0.0,1.8256124455805235e-08,0.0,0.0,0.0,0.0,0.0,1.8256124455805235e-08
0x7113cb135ab399ca9c20f1146b12f744c58e03a4,0.0,1.8252933102943762e-08,0.0,0.0,0.0,0.0,0.0,1.8252933102943762e-08
0x3926d14d59d0c2f274c226d4c4e26512ab92bc40,0.0,1.7979108801445303e-08,0.0,0.0,0.0,0.0,0.0,1.7979108801445303e-08
0x860c1bffb7ba20087ab3c5d55a1b8ea271714215,0.0,1.7857586221438897e-08,0.0,0.0,0.0,0.0,0.0,1.7857586221438897e-08
0x0f879338aae8f06f8b12894fd52b291a0985a9e0,0.0,1.7802153364266028e-08,0.0,0.0,0.0,0.0,0.0,1.7802153364266028e-08
0xe3dc9e5bda58898491387b45e4f06d5c475ebe16,0.0,0.0,1.7622771045161343e-08,0.0,0.0,0.0,0.0,1.7622771045161343e-08
0xbfd0db652f2bb46d9cdfc9fbaae7ea25fa9998fc,0.0,1.7561491533256976e-08,0.0,0.0,0.0,0.0,0.0,1.7561491533256976e-08
0xdc0016de2c4fdca785da2a5bc79f191dd045c465,0.0,1.745567089008848e-08,0.0,0.0,0.0,0.0,0.0,1.745567089008848e-08
0xd0327b924a87e81270d1e0880015c8ef32bab2c9,0.0,1.726464811051816e-08,0.0,0.0,0.0,0.0,0.0,1.726464811051816e-08
0x49a3391b88419c34e790858f802ac23fe5061c1f,0.0,0.0,1.7198346785323656e-08,0.0,0.0,0.0,0.0,1.7198346785323656e-08
0xfcc133a1d390700fdd0cdc17a2c969fac2b0fe81,0.0,1.7192426875569467e-08,0.0,0.0,0.0,0.0,0.0,1.7192426875569467e-08
0x32152c4c3fb4efd510c5dafaf76dcae874b28241,0.0,0.0,0.0,0.0,1.706977188231029e-08,0.0,0.0,1.706977188231029e-08
0x00aeea11e620aa1cc818ab58b28e3b0ad1d66b9c,0.0,1.6934335603565574e-08,0.0,0.0,0.0,0.0,0.0,1.6934335603565574e-08
0xe7427165a93352ade619adae55ed9eceb7b8044b,0.0,1.6835151880421037e-08,0.0,0.0,0.0,0.0,0.0,1.6835151880421037e-08
0xb24c33546e80d1edc79ff4e269b629834f44900b,0.0,0.0,1.67951630052591e-08,0.0,0.0,0.0,0.0,1.67951630052591e-08
0x15df2e2da36b840fa7d6fe2afb115ec753872a7a,0.0,1.6628852276006006e-08,0.0,0.0,0.0,0.0,0.0,1.6628852276006006e-08
0xac3901934c91d59e51b1de481f0f60d092d28675,0.0,1.6464310242345874e-08,0.0,0.0,0.0,0.0,0.0,1.6464310242345874e-08
0xecfbae87ceaca9e2a8fbdbbce2dad44777546343,0.0,0.0,1.6323484169890158e-08,0.0,0.0,0.0,0.0,1.6323484169890158e-08
0xf5f46ff695de4cabcd1872828bef022e3b71febd,0.0,1.592052992743525e-08,0.0,0.0,0.0,0.0,0.0,1.592052992743525e-08
0x07add69f7db34f1e8d5dd2256a8273c4e66087e7,0.0,1.5373600438111656e-08,0.0,0.0,0.0,0.0,0.0,1.5373600438111656e-08
0x39584b9192580f7aab0ffc476a3be304fcc9905e,0.0,1.536988682928346e-08,0.0,0.0,0.0,0.0,0.0,1.536988682928346e-08
0x0d69bf20a4a00cbebc569e4bef27a78dcb4c0880,0.0,0.0,1.534309906504118e-08,0.0,0.0,1.2830125224056434e-12,0.0,1.5344382077563585e-08
0x6df662216c700e075285bcd703c5d4c1d54ec750,0.0,1.5336645199996413e-08,0.0,0.0,0.0,0.0,0.0,1.5336645199996413e-08
0xfe4a7cb9c11f090b74811e8620f15cdf806b647b,0.0,0.0,0.0,0.0,1.491455183928625e-08,0.0,0.0,1.491455183928625e-08
0x230e720dbca77f69d9832018ac99ff28ea74fb61,0.0,1.4712810255775553e-08,0.0,0.0,0.0,0.0,0.0,1.4712810255775553e-08
0x0b8a722b776c0e95f77bba33c01571116c03d7cb,0.0,0.0,1.4696932101288568e-08,0.0,0.0,0.0,0.0,1.4696932101288568e-08
0x522884def188ded5ef91a4c1d619d3c0eb476169,0.0,1.4688860567728882e-08,0.0,0.0,0.0,0.0,0.0,1.4688860567728882e-08
0x1d9410590845cea9f219b995c8703e5266fc2ffd,0.0,0.0,1.4634596264123146e-08,4.653166842679619e-15,0.0,0.0,0.0,1.4634600917289989e-08
0xe5b72fa14196c7f512279f9ea20f7efbf8e563a9,0.0,1.4592921804725723e-08,0.0,0.0,0.0,0.0,0.0,1.4592921804725723e-08
0xc968b221c943746c5816719939481fe13abc2c95,0.0,1.427240924044048e-08,0.0,0.0,0.0,0.0,0.0,1.427240924044048e-08
0x45305e695306ba27760382400d3abc1949cd0a8c,0.0,1.3981436423697965e-08,0.0,0.0,0.0,0.0,0.0,1.3981436423697965e-08
0x200f92426b834f0b93b6c6d4383a1ed6b66b3c47,0.0,0.0,0.0,1.3974062658521703e-08,0.0,0.0,0.0,1.3974062658521703e-08
0xda2734c4cd09158ccb0d865b9fec3e553478c19f,0.0,1.3892958614382187e-08,0.0,0.0,0.0,0.0,0.0,1.3892958614382187e-08
0xa46f1c6b420eabe6bd1a6621f361a1d41ae822e0,0.0,1.3799584748003924e-08,0.0,0.0,0.0,0.0,0.0,1.3799584748003924e-08
0x3dac0b9983280c8787893d4fec9bcd72278f4d77,0.0,1.3672501430649916e-08,0.0,0.0,0.0,0.0,0.0,1.3672501430649916e-08
0x7a9a9f11da3b4b42da958e9f950ef2c27c9b70fa,0.0,0.0,0.0,0.0,1.3645418037878088e-08,0.0,0.0,1.3645418037878088e-08
0x0b4de8ca95402a0cfa4259c59757113612723430,0.0,0.0,1.362323917903683e-08,0.0,0.0,0.0,0.0,1.362323917903683e-08
0x10a4353d9604447f01786ffc72b0ad633a0e5f9b,0.0,1.3585162647628535e-08,0.0,0.0,0.0,0.0,0.0,1.3585162647628535e-08
0xdabd6e03a7b53b13cb207af317fe60dab426af81,0.0,1.3524676856479972e-08,0.0,0.0,0.0,0.0,0.0,1.3524676856479972e-08
0x8c8d7af2d6046d2baa7d87e1a4d4de5363542cc8,0.0,1.3235201611556081e-08,0.0,0.0,0.0,0.0,0.0,1.3235201611556081e-08
0xf3dd61bfe70bed9514dbd4a9be6e246745377707,0.0,1.3186822643362095e-08,0.0,0.0,0.0,0.0,0.0,1.3186822643362095e-08
0x1e7fbd1d0c06ad1945b20fbb70c7348f0475d687,0.0,1.3019618231961183e-08,0.0,0.0,0.0,0.0,0.0,1.3019618231961183e-08
0x70a1e02e1e0447c5be9afe92fd5d513996b52068,0.0,0.0,0.0,7.437407607761172e-13,1.2970876189030451e-08,0.0,0.0,1.2971619929791227e-08
0x6eed87f075f8e5728d860021dc4317898786c283,0.0,0.0,0.0,1.2717917486318822e-08,0.0,0.0,0.0,1.2717917486318822e-08
0xb9266efedd0f1f014d3e34656b43cd83fbac5c06,0.0,1.2558340013095816e-08,0.0,0.0,0.0,0.0,0.0,1.2558340013095816e-08
0xeae67d6ea695e02bdb33a443158999a329060b8e,0.0,0.0,0.0,0.0,1.2521024132006096e-08,0.0,0.0,1.2521024132006096e-08
0x4ec6722c8be6ab9a8c9e344d961086a3268b1128,0.0,0.0,0.0,1.2463638018207324e-08,0.0,0.0,0.0,1.2463638018207324e-08
0x78773cf146c049823a96fca7f3d37c9cddb9361c,0.0,1.2192486758050616e-08,0.0,0.0,0.0,0.0,0.0,1.2192486758050616e-08
0x3da984554c04b1a21676c4b5cab97124f5351d8e,0.0,0.0,0.0,0.0,8.641214257259358e-09,3.3760736911976533e-09,0.0,1.2017287948457011e-08
0x517e99a2b7388f21159099366a66d9b8efaffdd6,0.0,1.1923588288033652e-08,0.0,0.0,0.0,0.0,0.0,1.1923588288033652e-08
0xb80c425cc3e274f13f5eb5ee73e5ece749144cdc,0.0,1.1901318568390812e-08,0.0,0.0,0.0,0.0,0.0,1.1901318568390812e-08
0x3c346fc8d5232f8f62166883cb33aeaae88f269c,0.0,0.0,0.0,2.7790427530649985e-11,1.1861780731493153e-08,0.0,0.0,1.1889571159023803e-08
0x017f698145a0c01b55c018c0542d5c2d9675322b,0.0,1.1842141356108495e-08,0.0,0.0,0.0,0.0,0.0,1.1842141356108495e-08
0x7cc4d95f89e4bc18200c0111f37ee4ccfbf2a506,0.0,1.1780585726941633e-08,0.0,0.0,0.0,0.0,0.0,1.1780585726941633e-08
0x45cc8f18b6963b2bc963daa867488973368f014e,0.0,1.1700966407552779e-08,0.0,0.0,0.0,0.0,0.0,1.1700966407552779e-08
0x2088e561c0239eca710ad3336ea275a46a2d77e2,0.0,1.1399494941229209e-08,0.0,0.0,0.0,0.0,0.0,1.1399494941229209e-08
0xc26c46868796bf7642f3f8e42c1d870825efbd30,0.0,0.0,0.0,0.0,1.131603582941801e-08,0.0,0.0,1.131603582941801e-08
0x51db92258a3ab0f81de0feab5d59a77e49b57275,0.0,0.0,0.0,1.1060892661498191e-08,0.0,0.0,0.0,1.1060892661498191e-08
0xd3793d767ce5960abb139ef615dd0548ea303900,0.0,0.0,0.0,1.0970724745614813e-08,0.0,0.0,0.0,1.0970724745614813e-08
0x9283ca8daf74d8cf9ed57092d9adbbcc2eeba483,0.0,0.0,1.0939001513950651e-08,0.0,0.0,0.0,0.0,1.0939001513950651e-08
0xdaa406d1dcd0a7d70f78ef65dfc2ba1f4ee640b1,0.0,1.088611827670755e-08,0.0,0.0,0.0,0.0,0.0,1.088611827670755e-08
0xa50fb4f3401f2ffff4d42f71029f0b70921f7ca1,0.0,1.0698853401322993e-08,0.0,0.0,0.0,0.0,0.0,1.0698853401322993e-08
0x6b9616488df24aaab399dd6558371c41c3a165c9,1.0515450958404151e-08,0.0,0.0,0.0,0.0,0.0,0.0,1.0515450958404151e-08
0x090159f0ed4410f4092314cc25cbcf9640302e53,0.0,1.045683006853373e-08,0.0,0.0,0.0,0.0,0.0,1.045683006853373e-08
0x936d86194fc6a669b56a29c33c42c2543bc428ea,0.0,1.0344757971381627e-08,0.0,0.0,0.0,0.0,0.0,1.0344757971381627e-08
0x4cec98c2dac55e3109bca0e45708011e35dfa210,0.0,1.0208010496678833e-08,0.0,0.0,0.0,0.0,0.0,1.0208010496678833e-08
0x2796c5aee379fc450fca37376c1a7de48ef6a421,0.0,0.0,0.0,0.0,1.02075512326007e-08,0.0,0.0,1.02075512326007e-08
0xc70aa0bc5c372ca2006204c91af480dacf621bac,1.0028846700966588e-08,0.0,0.0,0.0,0.0,0.0,0.0,1.0028846700966588e-08
0xdcf99a9f05a7d24c60960a5bea0af92c515ea38b,0.0,0.0,9.939955176625463e-09,0.0,0.0,0.0,0.0,9.939955176625463e-09
0x0157fceaadcd129b77bf97a7c84046d7e070659a,0.0,9.939471735528938e-09,0.0,0.0,0.0,0.0,0.0,9.939471735528938e-09
0xd9757984d1eb88a5ecfffb28be08b82d6930b6a8,0.0,0.0,0.0,9.788907475603316e-09,0.0,0.0,0.0,9.788907475603316e-09
0xd523b65b8be6e1cef5d749d786f2e7f3640b4073,9.649749402991907e-09,0.0,0.0,0.0,0.0,0.0,0.0,9.649749402991907e-09
0x84a445f12b0994c3dda8c39af07309d38d4c4a5e,0.0,9.631444513396883e-09,0.0,0.0,0.0,0.0,0.0,9.631444513396883e-09
0x9f29fa8c48c15adfc10c5e189ce5fe3eb4b05723,0.0,0.0,0.0,0.0,9.617515977837335e-09,0.0,0.0,9.617515977837335e-09
0xd833a96e0638a7e6e052c9d44325c1a10f1bec6f,0.0,0.0,9.554186069816772e-09,0.0,0.0,0.0,0.0,9.554186069816772e-09
0xe6782c4598fbb164d8b381076143efd5074eced7,0.0,9.48493343076603e-09,0.0,0.0,0.0,0.0,0.0,9.48493343076603e-09
0x905e01e46e477bfcbbe9033163f913c87385f21b,0.0,0.0,9.37867349752142e-09,0.0,0.0,0.0,0.0,9.37867349752142e-09
0xc794b210337339ce83f5be21f0f62802c029b332,9.052462378755036e-09,0.0,0.0,0.0,0.0,0.0,0.0,9.052462378755036e-09
0x0332bae35d14196bdfad84037d13841ea55ac5dd,0.0,0.0,0.0,0.0,9.043130859730382e-09,0.0,0.0,9.043130859730382e-09
0x132dd3bbe201b94be19de44a5fb75aa915e6c6af,0.0,9.0077486678516e-09,0.0,0.0,0.0,0.0,0.0,9.0077486678516e-09
0x3b7f83a8859e7416a827bf49d5d3e89ff4eae0cb,0.0,0.0,9.006872067683077e-09,0.0,0.0,0.0,0.0,9.006872067683077e-09
0x247e2178c1b07fc95b51b042e3a76d69e520a165,0.0,0.0,8.784597510666469e-09,0.0,0.0,0.0,0.0,8.784597510666469e-09
0xe6ed172cef2f3b07ce579193ccef9f0c58363f56,0.0,0.0,0.0,8.315477361556709e-09,0.0,0.0,0.0,8.315477361556709e-09
0x13647f268fb76ca6b3ee63a695dee25c1571be31,0.0,0.0,0.0,8.308812955525162e-09,0.0,0.0,0.0,8.308812955525162e-09
0x5e73db576902084f7b7bc0c099ef6eedefa20bf6,8.206521402325028e-09,0.0,0.0,0.0,0.0,0.0,0.0,8.206521402325028e-09
0xcc660e4a6b1b1766911bf5e75e10b6aa66683b48,8.057140835018841e-09,0.0,0.0,0.0,0.0,0.0,0.0,8.057140835018841e-09
0xb2abb1120da18f8a2e6a7079fb155c3dabf9289f,8.048907260442908e-09,0.0,0.0,0.0,0.0,0.0,0.0,8.048907260442908e-09
0x908279f2d8de1c407bcc2a647422d2ee8377b691,8.036086408603244e-09,0.0,0.0,0.0,0.0,0.0,0.0,8.036086408603244e-09
0xec2f247e5b282cc98905ffb8f61d9989478be146,0.0,0.0,0.0,3.247772797164987e-11,7.897873559213034e-09,0.0,0.0,7.930351287184684e-09
0x3f01619ff434f0456c78b9e2fdbbce43b1c6a45e,0.0,0.0,7.678218407892702e-09,0.0,0.0,0.0,0.0,7.678218407892702e-09
0x2807c205bedc4361d913eabd02d30f4a0d64e559,7.59253198394841e-09,0.0,0.0,0.0,0.0,0.0,0.0,7.59253198394841e-09
0x2770e2eeb1929d4596bd1127891b0b3c2ee478d8,6.985952782690131e-09,0.0,0.0,0.0,0.0,0.0,0.0,6.985952782690131e-09
0xd8d393690634b4e94c0f843cfc6b20faac6c21c5,0.0,6.949871719961358e-09,0.0,0.0,0.0,0.0,0.0,6.949871719961358e-09
0xf1d1ecef53b212c88b7cd2a532de721649fa431f,6.218701254707243e-09,0.0,0.0,0.0,0.0,0.0,0.0,6.218701254707243e-09
0xda9ad6284300b15bc802c3fbf6dbbdf7ceb27fe8,0.0,0.0,0.0,0.0,6.1561730027772394e-09,0.0,0.0,6.1561730027772394e-09
0xfbd08fd2b2c7148b4e38624158c3155b5b49f886,0.0,0.0,0.0,0.0,6.0185819183815645e-09,0.0,0.0,6.0185819183815645e-09
0xbf1967f9ec206f4bbb009eb5947f252db58e10f8,0.0,0.0,5.905477911890506e-09,0.0,0.0,0.0,0.0,5.905477911890506e-09
0x47c2f4e9ebfc656cd19ab503bf41ad17966c56aa,0.0,0.0,5.8602919586256554e-09,6.815412683225562e-14,2.322426838947753e-11,0.0,0.0,5.883584381141965e-09
0x085677367e7d1475716b753923bc8d324e301cf2,5.758797303394486e-09,0.0,0.0,0.0,0.0,0.0,0.0,5.758797303394486e-09
0xccb28b856ab122aab6a8333540cc5be92ebb6a31,0.0,0.0,5.6583747749981505e-09,5.563823382524062e-14,2.1466160510466298e-11,0.0,0.0,5.679896573742442e-09
0x20eeced3df18637b392051f41080e4949c76b02a,0.0,0.0,0.0,0.0,5.675357521245161e-09,0.0,0.0,5.675357521245161e-09
0x395a5cf1d9797347264c0a1c8fb509e47134cacf,5.644562149082142e-09,0.0,0.0,0.0,0.0,0.0,0.0,5.644562149082142e-09
0x55b886b555da30c54dbb8d28687dfbfb72b88523,0.0,0.0,0.0,0.0,5.56091658312885e-09,0.0,0.0,5.56091658312885e-09
0xf7bab7974049ce6af40db28f52936fe35ffbfadd,0.0,0.0,0.0,0.0,5.5183028117603e-09,0.0,0.0,5.5183028117603e-09
0x7fee3cde6f2f37753d0e3dce06a856f41dc40e28,0.0,5.254842000149048e-09,0.0,0.0,0.0,0.0,0.0,5.254842000149048e-09
0x97e7d0c24d485aa07e8218528f8dfcd00ac63f75,5.125870663493226e-09,0.0,0.0,0.0,0.0,0.0,0.0,5.125870663493226e-09
0x4ff968d649ab491bd177097b18c2dadd1e8f195d,0.0,0.0,0.0,8.391364420494242e-12,5.085589438666139e-09,0.0,0.0,5.093980803086633e-09
0xb72b19b89d602754509bc91905cbeedc82ec08fd,4.9624930194079534e-09,0.0,0.0,0.0,0.0,0.0,0.0,4.9624930194079534e-09
0x5741bbe4cc1c973f7b002cc688f8969dc6d27458,0.0,0.0,0.0,0.0,0.0,4.954213857966769e-09,0.0,4.954213857966769e-09
0x57f679df74855aa127c19d46a1d616e4a38d1335,0.0,0.0,0.0,0.0,4.764665155371353e-09,0.0,0.0,4.764665155371353e-09
0xd2f1466a467706a1d5b1e15b1f745e5498e09a08,4.6225640119159175e-09,0.0,0.0,0.0,0.0,0.0,0.0,4.6225640119159175e-09
0x4cb386bc1310e7862bf6d2d40d0f0f782759a395,0.0,4.523207013552433e-09,0.0,0.0,0.0,0.0,0.0,4.523207013552433e-09
0xcaf1e832de25578388cb83000e4dd5b8e8304348,0.0,0.0,0.0,4.513991390523348e-09,0.0,0.0,0.0,4.513991390523348e-09
0x2847aea952ed211a86d3d3aa136afdf5ada83403,4.441425371245421e-09,0.0,0.0,0.0,0.0,0.0,0.0,4.441425371245421e-09
0xd047a08856f29195b1475c41502f7b1ab5b6d4a4,4.347327376091915e-09,0.0,0.0,0.0,0.0,0.0,0.0,4.347327376091915e-09
0xc69ae428f6049e78d445f053d2c1df879c59b34c,4.314393077788191e-09,0.0,0.0,0.0,0.0,0.0,0.0,4.314393077788191e-09
0xfba4bc8ef6067f567fd48f09c922c821c6bf27fc,0.0,0.0,4.303512703503579e-09,0.0,0.0,0.0,0.0,4.303512703503579e-09
0xb92bbb9dd8627dc298363c313ddac399d2be181a,4.142664236633043e-09,0.0,0.0,0.0,0.0,0.0,0.0,4.142664236633043e-09
0x392e61cfe2b7a4c7caa5be9ef7f43a7ac9909568,0.0,0.0,0.0,3.958100919002121e-09,0.0,0.0,0.0,3.958100919002121e-09
0x59f4419602774c56c35df3d5dffd7af2f80c01b2,0.0,0.0,0.0,0.0,3.945160108891447e-09,0.0,0.0,3.945160108891447e-09
0xa5d7d63cbfaa342a02e4884b2d06301f9aab233d,0.0,0.0,3.862072062922719e-09,0.0,0.0,0.0,0.0,3.862072062922719e-09
0x4c23a706476f993c05b017b608641561f6b64a48,0.0,0.0,0.0,3.752948308079582e-09,0.0,0.0,0.0,3.752948308079582e-09
0x7d5c0a72ce6006a92916533d4e724d3b7f914a01,0.0,0.0,3.734051627052259e-09,0.0,0.0,0.0,0.0,3.734051627052259e-09
0x48e8cfbe867cdffb8f655e64b94ccc5d0cd3c5dc,0.0,0.0,0.0,0.0,3.6090850374638976e-09,0.0,0.0,3.6090850374638976e-09
0x61729fe65d4a9c9c7d45f9144b17cdbe0bd38178,0.0,0.0,3.5405353339534174e-09,0.0,0.0,0.0,0.0,3.5405353339534174e-09
0x44cef90678495c9748b048765d330e976bf65c78,0.0,0.0,0.0,0.0,0.0,3.53766432315918e-09,0.0,3.53766432315918e-09
0x1c38f5fd66c5c688460539e4790c703ca43652e9,0.0,0.0,0.0,0.0,0.0,3.451389225193136e-09,0.0,3.451389225193136e-09
0xf06391ee613d2bc24de28598ba33999c93d68c64,0.0,0.0,0.0,0.0,3.3867901259607327e-09,0.0,0.0,3.3867901259607327e-09
0xa9c89752ea34ff4f62faa93e71365af09f838f14,0.0,0.0,0.0,3.3612965286367464e-09,0.0,0.0,0.0,3.3612965286367464e-09
0x127000339c0323ed1fcdff5a7422965379d04bf2,0.0,0.0,3.311792458086225e-09,7.148674008625981e-15,0.0,0.0,0.0,3.3117996067602336e-09
0x8fbaaf08242fc9c666264f437ec9bad544b65dc5,0.0,0.0,3.2650534373548927e-09,4.630602649500768e-11,0.0,0.0,0.0,3.3113594638499005e-09
0x40d97a7951d71e7ee035fa320830cec8a8a305b1,0.0,0.0,3.280699112813452e-09,7.0161956139882424e-15,0.0,0.0,0.0,3.2807061290090656e-09
0x46a0c679a4bfe5598c63b2e4f7bb78c1021d1187,0.0,0.0,0.0,0.0,3.258527463138873e-09,0.0,0.0,3.258527463138873e-09
0x8bc327e085cafc6fb25cdfa9a093070840f68d37,0.0,0.0,0.0,0.0,2.926513888503806e-09,0.0,0.0,2.926513888503806e-09
0x26661e9959e245e48dd61b0a883647929e89c62e,2.9129210624706798e-09,0.0,0.0,0.0,0.0,0.0,0.0,2.9129210624706798e-09
0xd1471c307476ed7018c3cace3897d267cc54d515,0.0,0.0,2.877870521923748e-09,0.0,0.0,0.0,0.0,2.877870521923748e-09
0x262faf29459bb4c6eb1587ec3706e6024c546f03,0.0,0.0,2.835020872742696e-09,8.352452816864201e-14,3.392505523476877e-11,0.0,0.0,2.8690294525056333e-09
0x3ea8eeffeaf87c9cd0db2f44b9cef625ab8b60b6,0.0,2.8664412159681967e-09,0.0,0.0,0.0,0.0,0.0,2.8664412159681967e-09
0x60fdcea6b79bc6a6ac58b017eadee838a5a3f587,0.0,0.0,0.0,0.0,2.8654737807492887e-09,0.0,0.0,2.8654737807492887e-09
0xd4bd88987f9cb33d1248c83f8c9a317cb6de07db,0.0,0.0,0.0,0.0,2.8053621579574206e-09,0.0,0.0,2.8053621579574206e-09
0x8f791c0592db171d84167d10baa70fd6dd26705c,0.0,0.0,0.0,0.0,0.0,2.568675554747555e-09,0.0,2.568675554747555e-09
0xa0ca28335b7578ca268141764287b668fffe4fe1,0.0,0.0,0.0,0.0,2.4563062536461722e-09,0.0,0.0,2.4563062536461722e-09
0x80d762e5a4dc2bc237f594a7f696b5e216067036,0.0,0.0,0.0,0.0,2.4154364042049464e-09,0.0,0.0,2.4154364042049464e-09
0x82a7db3dc0f9bc88391fb8277386cdfddb58de4b,0.0,0.0,2.3502117039347328e-09,0.0,0.0,0.0,0.0,2.3502117039347328e-09
0xcf283c5df3fbbc379a582090caa2c53fd5c0ac7a,0.0,0.0,0.0,0.0,2.312550072526279e-09,0.0,0.0,2.312550072526279e-09
0x28c01b64f2492d82fd58feecf8c71603c769bb4a,0.0,0.0,0.0,2.2850280499479663e-09,0.0,0.0,0.0,2.2850280499479663e-09
0x92ee69765013d32360d17bc78ac0bb9ee615b491,0.0,0.0,0.0,0.0,2.2724601066944362e-09,0.0,0.0,2.2724601066944362e-09
0x5d7e99bedf66646cce09ae640cdd36c48d9cc43b,0.0,0.0,0.0,2.264795040646994e-09,0.0,0.0,0.0,2.264795040646994e-09
0x6e28e94b3831aa7fbca276f677a5e7f67b20eb26,0.0,0.0,0.0,0.0,2.198433333820379e-09,0.0,0.0,2.198433333820379e-09
0x3bb649b5ed30e57b7920e91f10725baf0f9a6739,0.0,0.0,0.0,0.0,2.1448314674841203e-09,0.0,0.0,2.1448314674841203e-09
0xbc4619ed07a421ce9e4a1b9147c853db74924b78,0.0,0.0,0.0,0.0,2.1435593919471926e-09,0.0,0.0,2.1435593919471926e-09
0x1d50008c0730f3735487f5f684230ee8efe4896d,0.0,0.0,0.0,0.0,2.1349521723489004e-09,0.0,0.0,2.1349521723489004e-09
0x38acdd64c52fdd62681abb87bc399dfc12ea431d,0.0,0.0,0.0,0.0,2.119141741863603e-09,0.0,0.0,2.119141741863603e-09
0x775a3b8af62a53c5241c2375480521d444ae1309,0.0,0.0,0.0,0.0,2.0655142986317423e-09,0.0,0.0,2.0655142986317423e-09
0xa1307039945aa42aa26b351bfbe839ef4ab6f1f9,0.0,0.0,0.0,0.0,1.8290697276848857e-09,0.0,0.0,1.8290697276848857e-09
0x83172c2161270fc2ab962986791bf7d82b51d1e8,0.0,1.8106706547642484e-09,0.0,0.0,0.0,0.0,0.0,1.8106706547642484e-09
0xfcd3ddd778742685b0ff98ee388eb36765950cf4,0.0,1.8096107849603814e-09,0.0,0.0,0.0,0.0,0.0,1.8096107849603814e-09
0xa8d81fea549f17ad0ee8f91b1efa60e9db2ed1ce,1.7823336507013202e-09,0.0,0.0,0.0,0.0,0.0,0.0,1.7823336507013202e-09
0xed9b18faf4da81139e72b329d1ac8db7c940bb9e,0.0,1.7738514295318418e-09,0.0,0.0,0.0,0.0,0.0,1.7738514295318418e-09
0xba6745b23508853325c46b1f4b2eacc2099341e3,0.0,1.76461262000303e-09,0.0,0.0,0.0,0.0,0.0,1.76461262000303e-09
0x6b50d3b96c7a1e15e05cb133faa1b10a961cbb6a,0.0,0.0,0.0,0.0,0.0,1.761303548941922e-09,0.0,1.761303548941922e-09
0xc5d88c1d7fc68556f51a83c4ca7a92a3140de58b,0.0,1.7375345477366859e-09,0.0,0.0,0.0,0.0,0.0,1.7375345477366859e-09
0xcd2357d158386ee34af746e87e711ebdfedb4b2a,0.0,0.0,0.0,0.0,0.0,1.735940523660655e-09,0.0,1.735940523660655e-09
0xad3387fa18927ae82fa15c5557edeb4112b77749,0.0,1.7156247842790865e-09,0.0,0.0,0.0,0.0,0.0,1.7156247842790865e-09
0xd3876a06b43307e64d9d5bf142af94a3153e33bc,0.0,0.0,0.0,0.0,0.0,1.702897119053871e-09,0.0,1.702897119053871e-09
0x7085c2ae0ed9966e5e2ace4187ce7214f2b7901a,0.0,0.0,0.0,0.0,1.6927564276621854e-09,0.0,0.0,1.6927564276621854e-09
0xd3ac6e6cd8259347b47a4974ecfe504ac605dc1e,0.0,1.6832365931199143e-09,0.0,0.0,0.0,0.0,0.0,1.6832365931199143e-09
0xde894e1b3390acb4dd471bbc8f177534c4b922c1,0.0,1.6629857151861017e-09,0.0,0.0,0.0,0.0,0.0,1.6629857151861017e-09
0xee0a1f8dd0caeef10d5411c1bae65711ad7a8ddb,0.0,1.6618874555758598e-09,0.0,0.0,0.0,0.0,0.0,1.6618874555758598e-09
0xf57ad77c063c6fe89b487a3df9ae45d6dbe83504,0.0,0.0,0.0,0.0,1.6410448888965082e-09,0.0,0.0,1.6410448888965082e-09
0x1105d655950bcc7a9c35c91e637972be8118bd72,0.0,1.6352692865996665e-09,0.0,0.0,0.0,0.0,0.0,1.6352692865996665e-09
0xc5ef8285b689807a629214d308322f67d6778740,0.0,1.6075528580132317e-09,0.0,0.0,0.0,0.0,0.0,1.6075528580132317e-09
0x41a20c008c3a054b2dfaa524286ef7082912eba3,0.0,1.601789661194757e-09,0.0,0.0,0.0,0.0,0.0,1.601789661194757e-09
0x1d569316002b5afaef92c10cdb5519afcbedf19a,0.0,1.601789661194757e-09,0.0,0.0,0.0,0.0,0.0,1.601789661194757e-09
0x41a7ee8783e56e8625ae7996d2cbd7c47cb0e0f9,0.0,1.5983140484844197e-09,0.0,0.0,0.0,0.0,0.0,1.5983140484844197e-09
0xd5ba53ebed47064274971091dafb21bcdac1e892,0.0,1.597258498970132e-09,0.0,0.0,0.0,0.0,0.0,1.597258498970132e-09
0xbc23f46d806bdd5f166cf192f5f18610ae0d0e8c,0.0,1.597258498970132e-09,0.0,0.0,0.0,0.0,0.0,1.597258498970132e-09
0x1e60e6e148be5cc46e9ace3e8e86090f572d1a23,0.0,1.5704796495404193e-09,0.0,0.0,0.0,0.0,0.0,1.5704796495404193e-09
0x5f586f85b3c55425757e78f497506747eebc0558,0.0,1.5613588103691735e-09,0.0,0.0,0.0,0.0,0.0,1.5613588103691735e-09
0x171c1cf42c8e11589381f5e4846ffe4e2c7f6d95,0.0,0.0,0.0,0.0,0.0,1.5583666987876864e-09,0.0,1.5583666987876864e-09
0x627b63da1391deac116397a09a6efc644375709e,0.0,0.0,0.0,0.0,1.5521780829345238e-09,0.0,0.0,1.5521780829345238e-09
0xc6961aeeee35122594adb81396f5d1e4d4ff0e4b,0.0,0.0,0.0,0.0,1.5255793849838535e-09,0.0,0.0,1.5255793849838535e-09
0xe55ecbb4ac3861e748ea20bfbff2d445c9c00fba,0.0,0.0,0.0,0.0,1.5175086297542506e-09,0.0,0.0,1.5175086297542506e-09
0xb5dad9444bdddd3951d855d4032deddb9a8d67ee,0.0,1.495698710018274e-09,0.0,0.0,0.0,0.0,0.0,1.495698710018274e-09
0x75ec6bca0f53633ab838db9026972ab1ca645943,0.0,1.4660447746528289e-09,0.0,0.0,0.0,0.0,0.0,1.4660447746528289e-09
0xac3cde23f1c1a9c2c84b34f6005e5e3063866bb0,0.0,1.4569951155500334e-09,0.0,0.0,0.0,0.0,0.0,1.4569951155500334e-09
0x0fa319a38fda4e23fbf2db63d378cc39eae7a926,0.0,1.452380769760073e-09,0.0,0.0,0.0,0.0,0.0,1.452380769760073e-09
0xc4f25ea73f0f690903ac4d12841aa4e02ea139ba,0.0,1.4504930960234332e-09,0.0,0.0,0.0,0.0,0.0,1.4504930960234332e-09
0x97b4fe90ad41a90c74c1822fe929c25c57d6ef12,0.0,0.0,0.0,0.0,1.4324671003652098e-09,0.0,0.0,1.4324671003652098e-09
0x191dd82e84f5a0656edfbaaaf09aeba2a3edffc5,0.0,1.413537857908186e-09,0.0,0.0,0.0,0.0,0.0,1.413537857908186e-09
0x3b878e7428eb1e36cfa5dc258a0831c78676e956,0.0,0.0,0.0,0.0,1.4045874272655803e-09,0.0,0.0,1.4045874272655803e-09
0x2f3af5086645180b9a543f3a6401f4a6ae62b1af,0.0,1.3764792222442498e-09,0.0,0.0,0.0,0.0,0.0,1.3764792222442498e-09
0x3107695b5cd7a065985acb1ab049988b3207fb83,0.0,1.3581050007353162e-09,0.0,0.0,0.0,0.0,0.0,1.3581050007353162e-09
0x6f866a9035e61ef7bc55c3363004c60b8adb7a83,0.0,1.3302998881108998e-09,0.0,0.0,0.0,0.0,0.0,1.3302998881108998e-09
0xb8dd3e42af757d70af279f843e313954bd8862a7,0.0,0.0,0.0,0.0,1.3238946485585709e-09,0.0,0.0,1.3238946485585709e-09
0xa55a74642022a6688bbdd55cf6e00803e8656a9f,0.0,1.3162200725950663e-09,0.0,0.0,0.0,0.0,0.0,1.3162200725950663e-09
0x727bf21c84c2a5140bb990ae94c5f114cea72c1b,0.0,0.0,1.2979514758531298e-09,0.0,0.0,0.0,0.0,1.2979514758531298e-09
0x2e18a95dd25451a091061333d2f238936ea86b86,0.0,0.0,0.0,0.0,0.0,1.2822828070886317e-09,0.0,1.2822828070886317e-09
0x7d34bf290b52de606413f7ab61a10c6802780f40,0.0,1.2708331735400645e-09,0.0,0.0,0.0,0.0,0.0,1.2708331735400645e-09
0xf6bb96bf795d809f8b7e69fc665d11d3ed501a59,0.0,0.0,1.2438692696564386e-09,0.0,0.0,0.0,0.0,1.2438692696564386e-09
0x4818e7cba8349bfc4f115ef9fb5acacf1f84157e,0.0,1.237907488461272e-09,0.0,0.0,0.0,0.0,0.0,1.237907488461272e-09
0x09cf77bed1a7343e8c8b11f7bee4c27552613b48,0.0,1.2254462744850619e-09,0.0,0.0,0.0,0.0,0.0,1.2254462744850619e-09
0x91a0bcbe6be29f3577021ed7972edf692ae7dc90,0.0,1.2094847593357646e-09,0.0,0.0,0.0,0.0,0.0,1.2094847593357646e-09
0xbefcb760f842558225aabb99ea7b27e9f13b0032,0.0,1.1725539269896343e-09,0.0,0.0,0.0,0.0,0.0,1.1725539269896343e-09
0xe20a6663e6d9ee6754ddcf3175325748214bc5c7,0.0,1.1709819956190592e-09,0.0,0.0,0.0,0.0,0.0,1.1709819956190592e-09
0x2ac0a3d0b7844a3e514697110029667216af23cc,0.0,1.1540885108165696e-09,0.0,0.0,0.0,0.0,0.0,1.1540885108165696e-09
0xf86d11cca2c8189c044484aff1a9867e1d12ff46,0.0,0.0,0.0,0.0,1.1471773505560694e-09,0.0,0.0,1.1471773505560694e-09
0xe4e2e864a21b4209f528962aa462926b232f1787,0.0,1.1456123815726478e-09,0.0,0.0,0.0,0.0,0.0,1.1456123815726478e-09
0xb9811ffefe76bb82c689360aa115b8797a140bd2,0.0,1.1437498561860575e-09,0.0,0.0,0.0,0.0,0.0,1.1437498561860575e-09
0x99f5f32cc1e52075ca75a7bb10d35a9e37a690ee,0.0,0.0,0.0,0.0,1.1394645400740261e-09,0.0,0.0,1.1394645400740261e-09
0xfccbb536e648b26cf45fb3f793909963ba122e41,0.0,0.0,0.0,0.0,1.1323560048879012e-09,0.0,0.0,1.1323560048879012e-09
0x619c5eaa964784823547b558740291bd0e09efda,0.0,0.0,0.0,0.0,1.1304951970699907e-09,0.0,0.0,1.1304951970699907e-09
0x436c760e29ce02c3697033ac89910cded68ecaa6,0.0,0.0,0.0,0.0,1.1290890902066117e-09,0.0,0.0,1.1290890902066117e-09
0x7e275bdbe4a316ededddc225a60c0f63f7ca2997,0.0,0.0,0.0,0.0,1.0926814164802968e-09,0.0,0.0,1.0926814164802968e-09
0xa6474b997f531c0bb079d50555734b944a8262c5,0.0,1.0900976390927618e-09,0.0,0.0,0.0,0.0,0.0,1.0900976390927618e-09
0xf1f816f2055a164d2dadfe0fa4883395957b5f71,0.0,1.0894595542108416e-09,0.0,0.0,0.0,0.0,0.0,1.0894595542108416e-09
0x00af4747f634b2d932c7b54e5f46891bd2686edf,0.0,0.0,0.0,0.0,1.0870517527796007e-09,0.0,0.0,1.0870517527796007e-09
0x04959f2ddcca3596f31d96589b2a1bdbd1a6dd32,0.0,1.0809407148709658e-09,0.0,0.0,0.0,0.0,0.0,1.0809407148709658e-09
0x44fa58d89eaeef388b704f125e40f38b5879015f,0.0,0.0,0.0,0.0,1.0556226941808784e-09,0.0,0.0,1.0556226941808784e-09
0x9fad333483c04feb6c602e2c1e64353154f2c510,0.0,1.0532242862845308e-09,0.0,0.0,0.0,0.0,0.0,1.0532242862845308e-09
0x3314b9ab1c02165f9adf5a98d5a4db8c2279aba5,0.0,1.0529760580760532e-09,0.0,0.0,0.0,0.0,0.0,1.0529760580760532e-09
0x845143454a3b3cd0f7965591cfa90f9300305b12,0.0,0.0,0.0,0.0,1.0524802486659307e-09,0.0,0.0,1.0524802486659307e-09
0x5858e9a694a2c42b9fba87b91c388be26ffebeb1,0.0,0.0,0.0,1.0399973243465607e-09,0.0,0.0,0.0,1.0399973243465607e-09
0x4fcd13594fb20deb89cbc61fa44597d6f9275ba9,0.0,1.0155978895185809e-09,0.0,0.0,0.0,0.0,0.0,1.0155978895185809e-09
0xf836f43c1e19ee7b7d6cdeb49cf44a1b14858928,0.0,9.773631831018859e-10,0.0,0.0,0.0,0.0,0.0,9.773631831018859e-10
0x1daa5a1a6f2afc586882f868a6307ba908013f97,0.0,9.700750005252257e-10,0.0,0.0,0.0,0.0,0.0,9.700750005252257e-10
0xea6bba773ea2712f9e9a05dcf18103c364b970c6,0.0,9.515973814676027e-10,0.0,0.0,0.0,0.0,0.0,9.515973814676027e-10
0xb791ccc9edd74f52c0fae7fe402057da6edca31d,0.0,0.0,0.0,9.207716225979297e-10,0.0,0.0,0.0,9.207716225979297e-10
0x60cdd580c26c566a45225e38ffb22370890c95a4,0.0,9.057308344895149e-10,0.0,0.0,0.0,0.0,0.0,9.057308344895149e-10
0x4384c609050a5dce883f38e2a92ea39e4f3a5ffd,0.0,0.0,8.759879268733592e-10,0.0,0.0,0.0,0.0,8.759879268733592e-10
0xf0c9727a62072a531e8b00e1fe7fc99854d6d76e,0.0,0.0,0.0,0.0,8.740001375590174e-10,0.0,0.0,8.740001375590174e-10
0xa3e94246c91dc6fb24ba6edc0fb89dcbf6275241,0.0,0.0,0.0,0.0,8.291468876863615e-10,0.0,0.0,8.291468876863615e-10
0xf6ca800bcdd09179d11ce06ab633b83d9fe57a4e,0.0,0.0,0.0,0.0,8.035253377438937e-10,0.0,0.0,8.035253377438937e-10
0xef6ebd32d53285710345df899b3a6758f037c313,0.0,0.0,8.026356234830137e-10,0.0,0.0,0.0,0.0,8.026356234830137e-10
0xf4f33f39fc9840fc153ffbb80751515588714ada,0.0,0.0,0.0,0.0,7.605045522928111e-10,0.0,0.0,7.605045522928111e-10
0xee8a2eb9359d963d48cc1ffd198feab6993b207a,0.0,0.0,0.0,0.0,7.517013119995092e-10,0.0,0.0,7.517013119995092e-10
0x089b62b1ec290763475bf8b00bb46c6c4f9e7e31,0.0,0.0,0.0,0.0,7.414432424510383e-10,0.0,0.0,7.414432424510383e-10
0x56e31e983d5a83509434ad52aabe04e690fde4c4,0.0,0.0,0.0,0.0,7.327385646802299e-10,0.0,0.0,7.327385646802299e-10
0xe457669a1ba404ab6b553d620a6fcbe9edeee756,0.0,0.0,0.0,0.0,0.0,7.296165455633075e-10,0.0,7.296165455633075e-10
0x6fb338eee00454b3fc8e5e814a81305b34e90936,0.0,0.0,0.0,0.0,0.0,7.160460323788399e-10,0.0,7.160460323788399e-10
0xe2b97a355f7bbafb265652557fb162d5c2aef099,0.0,0.0,0.0,0.0,6.903147066546505e-10,0.0,0.0,6.903147066546505e-10
0x20e8ba5e540c32bcb46c0754ac74649a5acc7be9,0.0,0.0,0.0,0.0,0.0,6.540690179384672e-10,0.0,6.540690179384672e-10
0x3f0824791f21e9611e066ef1303d9464226d04bd,0.0,6.467166670168174e-10,0.0,0.0,0.0,0.0,0.0,6.467166670168174e-10
0x10b107a94b12dbb1dfb7d695dca8cb6f3bec338f,0.0,0.0,0.0,0.0,6.437731154842376e-10,0.0,0.0,6.437731154842376e-10
0x7372f04b824f4d5ea82115e032cb4cc9e89d9510,0.0,0.0,0.0,0.0,6.413228715567046e-10,0.0,0.0,6.413228715567046e-10
0x64269ed98c6df7c0f2e2552bd973490b6ac90531,0.0,0.0,0.0,0.0,6.247202308671473e-10,0.0,0.0,6.247202308671473e-10
0xab7645f02c765f21cdfb5e5582e50aeb93afa7c2,0.0,0.0,0.0,6.099626396555771e-10,0.0,0.0,0.0,6.099626396555771e-10
0x2e55199b83cb0e5e3410ac3bb7949633ba0cb69f,0.0,0.0,0.0,0.0,5.803662480374021e-10,0.0,0.0,5.803662480374021e-10
0x8755d884d54b4875bb09d8565a2a037c0fd3db3c,0.0,0.0,0.0,0.0,5.727142128355659e-10,0.0,0.0,5.727142128355659e-10
0xec88554f3a33f11912d000ee5d790166c08ceea0,0.0,0.0,0.0,0.0,0.0,5.468473416104443e-10,0.0,5.468473416104443e-10
0x94a6fb853680723a3cb57a35604475f81a8d6133,0.0,0.0,0.0,0.0,5.2968463663302e-10,0.0,0.0,5.2968463663302e-10
0xbee965e277ba954556316052163557add59bd62e,0.0,0.0,5.260755348406061e-10,0.0,0.0,0.0,0.0,5.260755348406061e-10
0x195b8bf31d6bd1308cc555f41f7d00e1f041d05c,0.0,0.0,0.0,0.0,0.0,5.117161444554562e-10,0.0,5.117161444554562e-10
0x27c4eabeae0680f2bb669c4131ca4a196ce6ae89,0.0,0.0,0.0,0.0,5.109140289507843e-10,0.0,0.0,5.109140289507843e-10
0x20bc1d8f251e83982dadddc94844cd3d8d0bbb42,0.0,0.0,0.0,0.0,5.08151663945986e-10,0.0,0.0,5.08151663945986e-10
0x7716356d7858a6b31ef5dad7ff896b40dd9e14ce,0.0,0.0,0.0,0.0,4.963510657384431e-10,0.0,0.0,4.963510657384431e-10
0x5588d39c5e8603497d776174043002f640e649bd,0.0,0.0,0.0,0.0,0.0,4.863008703552769e-10,0.0,4.863008703552769e-10
0xebb8f70d40d62864eab334c66bb5b88ce558054f,0.0,0.0,0.0,0.0,4.799293114289369e-10,0.0,0.0,4.799293114289369e-10
0x6097116cfe33f89557ad258b47540e5539ae2431,0.0,0.0,0.0,0.0,4.720179317488853e-10,0.0,0.0,4.720179317488853e-10
0x602ca58f8896def061f134f46fc1b96116af2415,0.0,0.0,0.0,0.0,4.6088752056836305e-10,0.0,0.0,4.6088752056836305e-10
0x36ebddc11c652dafc7fbfb55109df85a5eba0323,0.0,0.0,0.0,0.0,4.4492306300332296e-10,0.0,0.0,4.4492306300332296e-10
0xf16b2da59b8731c0c2176653cad5086f5f1c0220,0.0,0.0,0.0,0.0,4.406881102419254e-10,0.0,0.0,4.406881102419254e-10
0x487b4705d624b1ecbdc490fa0d645b7421e7c8a4,0.0,0.0,0.0,0.0,0.0,4.3508531985288265e-10,0.0,4.3508531985288265e-10
0x5842b4b628db38bc2a8a39b73886beb1a196c5f5,0.0,0.0,0.0,0.0,4.3320139305725753e-10,0.0,0.0,4.3320139305725753e-10
0x51c9f6ef327a246474a50aadd9720f60893e72d9,0.0,0.0,0.0,0.0,4.242974807614694e-10,0.0,0.0,4.242974807614694e-10
0xd86759c0c53ec2a5902ab54eb3f28da1b4cc0d4f,0.0,0.0,0.0,0.0,4.2191022171243054e-10,0.0,0.0,4.2191022171243054e-10
0x3dd471f262b1c011ecc3b525796d4f338a754a45,0.0,0.0,0.0,0.0,4.1865452305814134e-10,0.0,0.0,4.1865452305814134e-10
0x2c144b4147cb3621a395cc5361c9784ca0ff68ad,0.0,0.0,0.0,0.0,4.060486777521029e-10,0.0,0.0,4.060486777521029e-10
0x11a596aef813d88aab77e4a1db0888ec1e633e08,0.0,0.0,0.0,0.0,4.0485783413651485e-10,0.0,0.0,4.0485783413651485e-10
0xabf5e78c94fe611b3587dd020d3811579186ec7f,0.0,0.0,0.0,0.0,4.0233934363866555e-10,0.0,0.0,4.0233934363866555e-10
0xf7ed1bb6b70e437a0930eea030527d9ee11d0dca,0.0,0.0,0.0,0.0,4.0111017902779296e-10,0.0,0.0,4.0111017902779296e-10
0xfad77e3062aba12211ff1a3557c6dbf4cf18ac9e,0.0,0.0,0.0,0.0,3.9491154027219176e-10,0.0,0.0,3.9491154027219176e-10
0x1a6a712085b47ef8d20308e4ebd7a3acc2007289,0.0,0.0,0.0,0.0,3.875164690940388e-10,0.0,0.0,3.875164690940388e-10
0xd0c7a59e3ce5a289b553ebf7659f5c3316ecfbb9,0.0,0.0,0.0,0.0,3.8598041040260903e-10,0.0,0.0,3.8598041040260903e-10
0x248aa6e1d3cef8aa4866c72a0b8c8760ae6363bd,0.0,0.0,0.0,0.0,3.6454838138117104e-10,0.0,0.0,3.6454838138117104e-10
0x4cb01b6672bc750821af952ec5a2447fc90195b1,0.0,0.0,0.0,0.0,3.5163490958091743e-10,0.0,0.0,3.5163490958091743e-10
0x1be235ab383c2e7faf071e314314caf1cf84eea6,0.0,0.0,0.0,0.0,3.484183920612224e-10,0.0,0.0,3.484183920612224e-10
0x40261a05dc485c0817dc6588c95b797a69b0f837,0.0,0.0,0.0,0.0,3.418835188122512e-10,0.0,0.0,3.418835188122512e-10
0x8e8d306774f300df9e807eb6a5caeed105d70f78,0.0,0.0,0.0,0.0,3.3123037351915595e-10,0.0,0.0,3.3123037351915595e-10
0x3e8d21421b53f62cdfb0b753cc6dc7531e773c40,0.0,0.0,0.0,3.118832416067834e-10,0.0,0.0,0.0,3.118832416067834e-10
0x68abc86e06551cee3104caa1e932337226fd23c4,0.0,0.0,0.0,0.0,3.104512171200921e-10,0.0,0.0,3.104512171200921e-10
0xa4248d0db26b6657cc078cf56a19176d632c4721,0.0,0.0,0.0,0.0,3.1023878296544984e-10,0.0,0.0,3.1023878296544984e-10
0xfb04f2679962484ef7bcec75598e169888a67fbb,0.0,0.0,0.0,1.6006659975961793e-10,1.44725722281194e-10,0.0,0.0,3.0479232204081193e-10
0x648c0b586b095557f8a9d9d4b0a1efd2a827f92b,0.0,0.0,0.0,0.0,0.0,2.947887734282842e-10,0.0,2.947887734282842e-10
0x8ee72c9b1f0914186b9119c34eddbefa3cf58430,0.0,0.0,0.0,0.0,2.936588558573071e-10,0.0,0.0,2.936588558573071e-10
0x8147b2982f46be04ae3133a8ebd52813bae8e4b8,0.0,0.0,0.0,0.0,2.9103751968417125e-10,0.0,0.0,2.9103751968417125e-10
0xae1e4b79ee3022ee1c786c7d09ca1fe1e4e56352,0.0,0.0,0.0,0.0,2.886298502663529e-10,0.0,0.0,2.886298502663529e-10
0x8fe481372105a686dd4dd5723f8a787799a21888,0.0,0.0,0.0,0.0,2.8686993896274943e-10,0.0,0.0,2.8686993896274943e-10
0x3de9211b13daa40efbbc57bdbca5eedd55110a42,0.0,0.0,2.84756399107991e-10,3.4225298766479506e-15,9.042499403944506e-13,0.0,0.0,2.856640715782621e-10
0xad4b6cacd4eccfc67395aad8ba9be6e7a5448416,0.0,0.0,0.0,0.0,2.8417479126547766e-10,0.0,0.0,2.8417479126547766e-10
0xf9388575062cc413e63c09eb13ef11daa16cf799,0.0,0.0,0.0,0.0,2.8177690564657095e-10,0.0,0.0,2.8177690564657095e-10
0xb0181887e2d5319c7e9b55b70c54228781585457,0.0,0.0,0.0,0.0,2.8005938013978137e-10,0.0,0.0,2.8005938013978137e-10
0x4ccf215543b5d8bf2a233d51fbe112cd81d21542,0.0,0.0,2.714726798246067e-10,3.7246340762026687e-17,7.820919283656415e-15,5.2614408933372604e-14,0.0,2.715331523991645e-10
0x42a77dc1e3b529b2845eb240aeb3b1fd5c5faf6d,0.0,0.0,2.6777773372027815e-10,0.0,0.0,0.0,0.0,2.6777773372027815e-10
0xa6bf7149dd50d2e7dff4f2acb1aa9f4113cd7fd3,0.0,0.0,0.0,0.0,2.613708621133596e-10,0.0,0.0,2.613708621133596e-10
0x944eeffd01a32ccade82de5774ef9cafe25facac,0.0,0.0,0.0,0.0,2.516260645278227e-10,0.0,0.0,2.516260645278227e-10
0xf976f9d5de47671c2e3b32939ea5a9631444ac85,0.0,0.0,0.0,0.0,2.4186652859721905e-10,0.0,0.0,2.4186652859721905e-10
0x550451225483599c383184358cce6902b315d056,0.0,0.0,0.0,0.0,2.406528176742886e-10,0.0,0.0,2.406528176742886e-10
0xd948b3d82fcead1bc91b6f87c8b334ee6a60f0f5,0.0,0.0,0.0,0.0,2.3596034062456825e-10,0.0,0.0,2.3596034062456825e-10
0x4d35759c024fd5d70f32e4e4743cea77185e92dc,0.0,0.0,0.0,0.0,2.354224776468753e-10,0.0,0.0,2.354224776468753e-10
0x08baf1b9fd6e6ada4e0620735cdbccf3726afbc5,0.0,0.0,0.0,0.0,2.339932584712594e-10,0.0,0.0,2.339932584712594e-10
0x986ed6933b52f963cf83d4e75dd8245e61cb9769,0.0,0.0,0.0,0.0,2.330400560443682e-10,0.0,0.0,2.330400560443682e-10
0xf9849366d2e9e94ec9e9a7edef315ae4e93ce9f8,0.0,0.0,0.0,0.0,2.3251642349744776e-10,0.0,0.0,2.3251642349744776e-10
0x6e22f639737971645f8d7eb1643316c9b5771368,0.0,0.0,2.314693520858717e-10,4.454599551546652e-15,9.044522242999192e-13,0.0,0.0,2.3237825890972317e-10
0xe9aba57724fad07c6db49501b4674fa67411d201,0.0,0.0,0.0,0.0,2.3102861838655752e-10,0.0,0.0,2.3102861838655752e-10
0xcf284713fbd56c621e0b2d44db37d5e054adf321,0.0,0.0,0.0,0.0,2.2669641253852474e-10,0.0,0.0,2.2669641253852474e-10
0x7dd9ba7488615418e981548fef7fdee61621e54a,0.0,0.0,0.0,0.0,2.2661450155007946e-10,0.0,0.0,2.2661450155007946e-10
0x74acbca8a6e3a4168c388108a1a5fe53e3ef0e96,0.0,0.0,0.0,0.0,2.2624422658928115e-10,0.0,0.0,2.2624422658928115e-10
0x79d4f6544b9b6564b55a3a8e4e543959c3434558,0.0,0.0,0.0,0.0,2.2584118055179508e-10,0.0,0.0,2.2584118055179508e-10
0x413211e4f95aeceef0c4990ec92ee4bf7efd3e34,0.0,0.0,0.0,0.0,2.2581098871055083e-10,0.0,0.0,2.2581098871055083e-10
0xb9c9e82a5b138c755b7aa3432a19990429eb02e2,0.0,0.0,0.0,0.0,2.144343282614574e-10,0.0,0.0,2.144343282614574e-10
0x132d437aff85cf6e79bb33035f3139277535e7c5,0.0,0.0,0.0,0.0,2.033731690524158e-10,0.0,0.0,2.033731690524158e-10
0x26c536f3b7554b314d5f793174a0b2fc08837712,0.0,0.0,0.0,0.0,1.9369210195997737e-10,0.0,0.0,1.9369210195997737e-10
0xba22d504219b980221d50e192c8e617502717d85,0.0,0.0,0.0,0.0,1.9254258392933583e-10,0.0,0.0,1.9254258392933583e-10
0x0de686df1042cee64dfd609415efc32bfaf6fb90,0.0,0.0,0.0,0.0,1.903787967299635e-10,0.0,0.0,1.903787967299635e-10
0xcab38f1aad0eff7d49e444ea533839f5f14f0ece,0.0,0.0,0.0,0.0,1.8455264419010759e-10,0.0,0.0,1.8455264419010759e-10
0x1d5952a8a261ff465bdd8e5ba189492235b59c60,0.0,0.0,1.8263108878861378e-10,0.0,0.0,0.0,0.0,1.8263108878861378e-10
0x8fe396dbb09f99e31c407771d37b10e17d28bd54,0.0,0.0,0.0,0.0,1.7414199952431273e-10,0.0,0.0,1.7414199952431273e-10
0x6763a73d8a62b35545ed8216d9650cf54688abe6,0.0,0.0,0.0,1.6967657517495893e-10,0.0,0.0,0.0,1.6967657517495893e-10
0xa02f47c81f411e572aeb58f6056512657559b40e,0.0,0.0,0.0,0.0,1.696392312703426e-10,0.0,0.0,1.696392312703426e-10
0xb6ab34d2b61631ae48d3c33602f5b91ce1b4509d,0.0,0.0,0.0,0.0,1.6890009564170306e-10,0.0,0.0,1.6890009564170306e-10
0x3917c67a7f668c8a78db7231d09dbc99389d6380,0.0,0.0,1.6866972145873812e-10,2.782212140128278e-16,1.1301858635913655e-13,0.0,0.0,1.6878301826631127e-10
0xddad928fa8e4a2828b64aa70911797b10566c992,0.0,0.0,0.0,0.0,0.0,1.638696057244793e-10,0.0,1.638696057244793e-10
0xa28446ba3e1fc7422dd175bb31486f0931abab36,0.0,0.0,0.0,0.0,1.6265728446415264e-10,0.0,0.0,1.6265728446415264e-10
0x55a26d51ffc227c2e4dc72f448a4a318256fa7b9,0.0,0.0,0.0,0.0,1.4078196173637533e-10,0.0,0.0,1.4078196173637533e-10
0xde567e437eaa40b229feaa5362e48e4f4ab3667b,0.0,0.0,0.0,0.0,1.377922771518127e-10,0.0,0.0,1.377922771518127e-10
0xfd83605825e4e4d28ac60a43bf03b45311a23d14,0.0,0.0,0.0,0.0,1.3767796835139333e-10,0.0,0.0,1.3767796835139333e-10
0x3426648b4cccb33a7df81d69993b71ef5e7207d7,0.0,0.0,0.0,0.0,1.373742647707658e-10,0.0,0.0,1.373742647707658e-10
0x331a4dbde212a69c90ac56638693530f7c8e5413,2.3524498788376184e-13,0.0,0.0,0.0,1.3592207289415517e-10,0.0,0.0,1.3615731788203894e-10
0x0c10db3eff9120852ab236a3aadd5f73c68df493,0.0,0.0,0.0,0.0,1.3025529874609244e-10,0.0,0.0,1.3025529874609244e-10
0x30f2fd179c5931c6f2b0e3f34473fbbe86db7d33,0.0,0.0,0.0,0.0,0.0,1.2761693470098738e-10,0.0,1.2761693470098738e-10
0x8edf9f41f3694e7af32ab7981d7dba96558907c1,0.0,0.0,0.0,0.0,1.2682831976717774e-10,0.0,0.0,1.2682831976717774e-10
0x3657c14fe0c046c863a4d78e3f6f9d14721796eb,0.0,0.0,0.0,0.0,1.2625992261715737e-10,0.0,0.0,1.2625992261715737e-10
0xf4bc003467bee181a0120f76c1b244b7d661a1a0,0.0,0.0,0.0,0.0,1.2257875182582167e-10,0.0,0.0,1.2257875182582167e-10
0x563e6fa8a99147f59ffcced1f229c22db98ee56c,0.0,0.0,0.0,0.0,1.1792064982030695e-10,0.0,0.0,1.1792064982030695e-10
0x08498483c97b227d41710e6462c0bc1fabcd2603,0.0,0.0,0.0,0.0,1.1356135784186093e-10,0.0,0.0,1.1356135784186093e-10
0xbb014b80e676d22dddc5771fe49f47b2348bb8cf,0.0,0.0,1.1244145078398489e-10,1.1130517720881151e-15,1.0090156774067525e-12,0.0,0.0,1.1345157951316373e-10
0x97babc87fc7721f6f9f04b3c432efe626094e44d,0.0,0.0,1.1296088233356871e-10,9.54203343729624e-18,4.269315364071501e-13,0.0,0.0,1.1338782341200929e-10
0x2aacf6d9bf0c05bb9b451aaed5cbc90f6e975697,0.0,0.0,0.0,0.0,1.1302336558298484e-10,0.0,0.0,1.1302336558298484e-10
0xb7d67dac8988ed9587a93f802d2a179e1ec25613,0.0,0.0,1.1264131405492554e-10,4.2491259102409076e-16,1.703940884941065e-13,0.0,0.0,1.1281213305601067e-10
0x3f4d322d6e206348792df1eefe61c95490e1dcd7,0.0,0.0,0.0,0.0,1.1228282165349611e-10,0.0,0.0,1.1228282165349611e-10
0x5333b4aafa697fe17ebab19c621e571a7503250c,0.0,0.0,1.0175211332056203e-10,4.730956869815169e-16,1.912002532264965e-13,0.0,0.0,1.019437866694755e-10
0xb6615d558343da9407079f0049c4069efb7d76b7,0.0,0.0,1.0100110707193947e-10,0.0,1.912688296486811e-13,0.0,0.0,1.0119237590158815e-10
0xe0928b51d08161a2263c35344b614f87716139d0,0.0,0.0,1.009124254156667e-10,0.0,1.9305464847463713e-13,0.0,0.0,1.0110548006414133e-10
0x3dd74cb5ab9accf3e04bfbdf7b417d54d77d9d16,0.0,0.0,1.0073912198406777e-10,4.735129770735267e-16,1.9303548217843226e-13,0.0,0.0,1.0093263097922327e-10
0xc58ae9122d1cd38b1e14ef87155cce458dae0faa,0.0,0.0,0.0,0.0,1.0065491774659288e-10,0.0,0.0,1.0065491774659288e-10
0x48ccec5476a637d75ef6624a66221bcc2a84003c,0.0,0.0,1.0045906727831308e-10,4.727340355684414e-16,1.9286786489591617e-13,0.0,0.0,1.0065240787724457e-10
0x1160b2d71e1f27ba993ffdf63af164cc85f9e301,0.0,0.0,9.772061764411675e-11,4.445252253485627e-16,1.8015657544526932e-13,0.0,0.0,9.790121874478737e-11
0x2a231f02289802f905a5af41216115c261b0b869,0.0,0.0,9.668411054250756e-11,8.510770523242118e-16,1.7259896363896353e-13,0.0,0.0,9.685756058319885e-11
0x1ba5fcbf0ba25084d598257f0cf2d727adb91e80,0.0,0.0,0.0,0.0,9.147947056034986e-11,0.0,0.0,9.147947056034986e-11
0xaf9af0b0e0e943631bcfba53cc5274934193ccee,0.0,0.0,0.0,0.0,8.706353829716621e-11,0.0,0.0,8.706353829716621e-11
0x6d9aeaff06cebed4de0db720aa45d4a6a55ce516,0.0,0.0,0.0,0.0,0.0,8.697536932620295e-11,0.0,8.697536932620295e-11
0x6af7e8f0c560d61f3041d0fd621c0606f1fd4efc,0.0,0.0,0.0,0.0,8.27958924814768e-11,0.0,0.0,8.27958924814768e-11
0x4367cc40720d68890c013d7b9efa0ba12725435c,0.0,0.0,0.0,0.0,7.696911805738487e-11,0.0,0.0,7.696911805738487e-11
0x3025510177ecff1546090e86b9d4ac75feadf85c,0.0,0.0,0.0,0.0,7.633813797377504e-11,0.0,0.0,7.633813797377504e-11
0x239a749900783e983985a6013fbe1973d34522a1,0.0,0.0,7.484346687805839e-11,2.5992744468799622e-16,6.349249045013445e-14,9.81187619271373e-14,0.0,7.500533805788035e-11
0x716d91d3e7bc19a8b33e7cee02963fa04ec7f0b8,0.0,0.0,0.0,0.0,6.463022670303332e-11,0.0,0.0,6.463022670303332e-11
0xd43a7ad2233b7ce49af98eebc8f5a51fd4bc8a24,0.0,0.0,6.075350733036938e-11,6.150855956228002e-16,2.4961815122745474e-13,0.0,0.0,6.100374056719247e-11
0xd4a42890ca90a53c1c5dfebeb75cb04b0e797a68,0.0,0.0,0.0,0.0,5.951576431798731e-11,0.0,0.0,5.951576431798731e-11
0x65757df30f81d8879f1a57f3061572f01e45b3d5,0.0,0.0,0.0,4.0469953932543385e-13,5.863329098490049e-11,0.0,0.0,5.903799052422592e-11
0x197e460976350074a133093283f952517d73f5f0,0.0,0.0,0.0,5.566098492616644e-11,0.0,0.0,0.0,5.566098492616644e-11
0xd4b8d07cda12f51215818a5259c916f2cfb9a581,0.0,0.0,0.0,5.535783933773408e-11,0.0,0.0,0.0,5.535783933773408e-11
0x458eaada094a79290963d98536afe9413a5720fe,0.0,0.0,0.0,0.0,0.0,5.283721696798401e-11,0.0,5.283721696798401e-11
0xbea61165f01a07210095b6c9030569cf99424f2e,0.0,0.0,5.216392389968777e-11,4.502281899393665e-16,1.8276351589321186e-13,0.0,0.0,5.234713764377092e-11
0x53acafffa3e8db9fac42b4303e183e2b1e8ba8fa,0.0,0.0,5.1112978945309906e-11,2.6282526939965036e-16,6.305780062564352e-14,1.056507108969724e-13,0.0,5.1281950282101926e-11
0xbf952e30a1e509cef0ce1aff7a8c6c3378098d1c,0.0,0.0,0.0,0.0,0.0,5.073334037336886e-11,0.0,5.073334037336886e-11
0x82118d88e4ec151d290df09da34074a29edde782,0.0,0.0,0.0,3.886225375396371e-13,0.0,5.031399452674911e-11,0.0,5.0702617064288744e-11
0x0d30020873375bd3d3e4e7ac428dfb01f553bfa0,0.0,0.0,5.0293585941148837e-11,1.0901842750459653e-15,1.815642698937377e-13,8.217612380544851e-14,0.0,5.055841651912307e-11
0x98ebc45f5aa8355c71e0c0f3b75556ff846717d9,0.0,0.0,4.8847995277945175e-11,0.0,0.0,0.0,0.0,4.8847995277945175e-11
0x14c13466ef6e2ca2505f9d6f2f2236ee9b93ddfb,0.0,0.0,4.667229924743806e-11,4.084435420594278e-16,1.656702061934074e-13,0.0,0.0,4.6838377897173524e-11
0x40677369e4caf95b971cd3d6b97a29dbc46be30f,0.0,0.0,0.0,0.0,4.533306002786539e-11,0.0,0.0,4.533306002786539e-11
0xc20797a946e751756a4f129666e106bc6e8b6671,0.0,0.0,4.49097547523931e-11,2.873506454573013e-16,7.951770706552082e-14,1.1077342950876693e-13,0.0,4.510033323961284e-11
0x5584aae8fcbb319c811cb471c82b89b5bfa54cce,0.0,0.0,0.0,0.0,4.387574695842269e-11,0.0,0.0,4.387574695842269e-11
0xbbcb0bb57948ff0fc5ca37b381aa4b4962eded9f,0.0,0.0,0.0,3.979509989568585e-11,0.0,0.0,0.0,3.979509989568585e-11
0xfc287a4b3661f35a5dc2f43303d51b07effd8b0b,0.0,0.0,0.0,3.958537659697581e-11,0.0,0.0,0.0,3.958537659697581e-11
0x23894dd02bcf6137f4d3d4d66dda0cd87deb6963,0.0,0.0,0.0,1.0398793936023508e-13,3.640047266049688e-11,0.0,0.0,3.650446059985712e-11
0x87c49abf78bde980c9541f0b1a3d7846aedae745,0.0,0.0,3.625852885797102e-11,3.308554042850276e-16,1.3422171392734214e-13,0.0,0.0,3.6393081427302645e-11
0xed0eb4f29fe044a17b791d13a3ed596fa008df3e,0.0,0.0,0.0,3.613334341354807e-11,0.0,0.0,0.0,3.613334341354807e-11
0xb84676c9f6d1824621f5157e4304b07392f14b02,0.0,0.0,3.5809255767593765e-11,3.2289907319736946e-16,1.308223550458555e-13,0.0,0.0,3.594040102171282e-11
0x7f25491d3469f43927131ccb37e90772684ae326,0.0,0.0,3.499394885259898e-11,3.4053653441966056e-16,1.3861503064545358e-13,0.0,0.0,3.5132904419778853e-11
0x62d08dcec82d57d0e0af0608908cf52c63a7b352,0.0,0.0,0.0,0.0,3.1544787706646793e-11,0.0,0.0,3.1544787706646793e-11
0xb9b2b167936cc0a45244ec778dc402de34185f5c,0.0,0.0,3.054372406839313e-11,4.538054693370551e-16,5.884922774758721e-14,1.0451504769457337e-13,0.0,3.0707542149304627e-11
0x35109c3ba09d78cf39ac6904f5aba38ba22c4c50,0.0,0.0,0.0,2.8507084912783428e-11,0.0,0.0,0.0,2.8507084912783428e-11
0x30cc9afcea569535fb385c107979801663a77b3a,0.0,0.0,0.0,2.8121239337606468e-11,0.0,0.0,0.0,2.8121239337606468e-11
0x6437a8dfb793266a44c00150b3c108f3049a96ee,0.0,0.0,0.0,2.7816461951838036e-11,0.0,0.0,0.0,2.7816461951838036e-11
0x44fa1013792c1ec31e102bffcdc0dbe26d52938e,0.0,0.0,0.0,2.7325779150939534e-11,0.0,0.0,0.0,2.7325779150939534e-11
0x28eba4d0480932aeaffbe37f20131ef7b84bab78,0.0,0.0,0.0,2.7064287852248173e-11,0.0,0.0,0.0,2.7064287852248173e-11
0x670326eeec2064a593d80d039d2a28b74aaeabcc,0.0,0.0,0.0,2.6047951740285092e-11,0.0,0.0,0.0,2.6047951740285092e-11
0x851c0f8957f17a0386005a15594418c7556c6ba6,0.0,0.0,0.0,2.5662971201916013e-11,0.0,0.0,0.0,2.5662971201916013e-11
0x201319503e16c21f03f2fb8be5d599a472045ba1,0.0,0.0,0.0,2.4060635064552296e-11,0.0,0.0,0.0,2.4060635064552296e-11
0x810c0385a95c08e5d633a2d10de073cd3cd806ad,0.0,0.0,2.0968034746611714e-11,9.83166154854335e-17,3.332552652922099e-14,1.028377246220709e-13,0.0,2.1104296314378488e-11
0xbf78e3fb2b9f023c30d8abbb2605145a5c5310cc,0.0,0.0,0.0,2.0671436464620002e-11,0.0,0.0,0.0,2.0671436464620002e-11
0x9862fd5b8dbfbe4e887d244d28e53d792ded66eb,0.0,0.0,0.0,0.0,0.0,2.0279072843593457e-11,0.0,2.0279072843593457e-11
0x79af86d0e9b71f43b9aea7aad8cf7049b20b4644,0.0,0.0,0.0,1.9958527521296554e-11,0.0,0.0,0.0,1.9958527521296554e-11
0xc9c9077be44b06ff3ce957d72149c65128f14331,0.0,0.0,0.0,1.909454193206887e-11,0.0,0.0,0.0,1.909454193206887e-11
0x3d053e8a90385d593ac988807694eed804b95c37,0.0,0.0,1.8017772553176404e-11,0.0,0.0,0.0,0.0,1.8017772553176404e-11
0x098e1d63e92986ab1d58bd4d5179c7fdfae3b7cc,0.0,0.0,1.7773719881950534e-11,2.339359997914415e-16,5.6445810328316063e-14,9.911006698983184e-14,0.0,1.7929509695268473e-11
0x2aa6abb72786b8f03e4ccf7bd09eeb14523031cf,0.0,0.0,1.766192292925259e-11,2.078925720050935e-16,6.699887435556616e-14,6.814455833039829e-14,0.0,1.779727425451056e-11
0xc8b5b0ea995b12da364bb216652302a5161bcd85,0.0,0.0,0.0,0.0,0.0,1.779477939262882e-11,0.0,1.779477939262882e-11
0x25bac87e53a5b1b70567f9915b5cb7032012172c,0.0,0.0,1.7358960293411606e-11,2.209012901758192e-16,5.649616303466712e-14,9.446524069091735e-14,0.0,1.7510142598427366e-11
0x7e03b41a3bd79de20e2b38075af02f2dcf174754,0.0,0.0,0.0,0.0,0.0,1.7496150003307225e-11,0.0,1.7496150003307225e-11
0xec507a6bd120b711451c034b67e327e079c04bf5,0.0,0.0,1.7181276408260942e-11,2.339230040689932e-16,6.315218945215035e-14,9.472584150636752e-14,0.0,1.7339388362223528e-11
0x417a9939c1796df322516e5943d53191c8b684dd,0.0,0.0,0.0,1.7325809437758224e-11,0.0,0.0,0.0,1.7325809437758224e-11
0xbf9aef65bac5711bdd6be426610efce233598bdc,0.0,0.0,1.6089710931838202e-11,1.6305545305533925e-16,1.6175195461562248e-14,9.65748022630026e-14,0.0,1.6202623985015822e-11
0x32d6b073fa0fa21f420bda94f459cbe150eaf25a,0.0,0.0,1.5971592287922968e-11,5.229288188899742e-18,1.278100032241478e-15,2.057660043971076e-14,0.0,1.5993452217683112e-11
0x7d7402a994f2ef11f87018e56f82152f4ef39a56,0.0,0.0,0.0,0.0,1.5866534952497828e-11,0.0,0.0,1.5866534952497828e-11
0x2d6f57597eb52d3d2bf861789ebb2f8765477090,0.0,0.0,1.558858131660638e-11,2.1697658199643944e-16,5.900036778445636e-14,8.477702214004466e-14,0.0,1.5732575683112876e-11
0x5d13c39f81957a26ba1e5e4403de7b0aefaa2248,0.0,0.0,0.0,1.482564730600208e-11,0.0,0.0,0.0,1.482564730600208e-11
0xe7de63dbe84fb056044bef128cdce50f7a9ade88,0.0,0.0,0.0,1.479177030134074e-11,0.0,0.0,0.0,1.479177030134074e-11
0xaab9ecb58136d905f2c1d25d478d852f1d446b4d,0.0,0.0,0.0,0.0,1.448465558760966e-11,0.0,0.0,1.448465558760966e-11
0xeb20b050116be6c4ebbe9b0049aa82b053e53235,0.0,0.0,1.4138203219904323e-11,2.8351048167466903e-16,4.719774923338833e-14,0.0,0.0,1.4185684479619386e-11
0x216262e2cea62c9a38bbc7b5da569d5b462f674a,0.0,0.0,0.0,1.382155281048542e-11,0.0,0.0,0.0,1.382155281048542e-11
0x7ec0505be6b0cb8d6a3a9ce95f51b5d82e96be7f,0.0,0.0,0.0,1.2470527940446037e-11,0.0,0.0,0.0,1.2470527940446037e-11
0xea99cf126f3a7f568ee50cd82d65c9421868ba5f,0.0,0.0,0.0,1.2407472804597747e-11,0.0,0.0,0.0,1.2407472804597747e-11
0x6c0985a1e737705abf6f46a003ebc752d43dd37f,0.0,0.0,0.0,1.2340593946094596e-11,0.0,0.0,0.0,1.2340593946094596e-11
0x19a7a0be98c2679fd357ee5876ce8179eb07f347,0.0,0.0,0.0,0.0,1.2174222091134914e-11,0.0,0.0,1.2174222091134914e-11
0x3cb56ec3b83bf1a7a4ee0554bb9db693f21288ec,0.0,0.0,1.1711289604695186e-11,3.3383207360803256e-16,3.618190691028246e-13,0.0,0.0,1.2073442505871619e-11
0xf4bba8ee5d5a6eb6ae0df3dad813e74a0c3f5960,0.0,0.0,0.0,0.0,1.1920900924214043e-11,0.0,0.0,1.1920900924214043e-11
0xcee216edadab6526cb351a6bf3264fbd37ff6b3b,0.0,0.0,0.0,0.0,1.1289461031742923e-11,0.0,0.0,1.1289461031742923e-11
0x2566205b3ef48bc81a4a32cfeada10a4862aaa54,0.0,0.0,0.0,0.0,1.1074902604996702e-11,0.0,0.0,1.1074902604996702e-11
0x2d8699d6794e180d8b06342219ab785be4b235bb,0.0,0.0,0.0,0.0,1.0732960836038874e-11,0.0,0.0,1.0732960836038874e-11
0x6953358517e9a5cc92274d1dd746a470654d37c2,0.0,0.0,0.0,1.0656766426596302e-11,0.0,0.0,0.0,1.0656766426596302e-11
0xd197c39e90b54e6dc4a7dcb01ee11d9e2424dcc5,0.0,0.0,0.0,0.0,1.049578643683694e-11,0.0,0.0,1.049578643683694e-11
0x365a5429ff0dcb841f882af16db5690cf01bf603,0.0,0.0,0.0,0.0,1.0476056004396772e-11,0.0,0.0,1.0476056004396772e-11
0xe331f1ea09b92da3787c2cf2bf912293b44e8bd8,0.0,0.0,0.0,0.0,1.0031532661993768e-11,0.0,0.0,1.0031532661993768e-11
0x2515c1289f349a9d580fddfb5abb946f38ec64de,0.0,0.0,0.0,0.0,9.849482562002024e-12,0.0,0.0,9.849482562002024e-12
0x3564e9b19b3314e6b009145cf1096c58718b4c90,0.0,0.0,0.0,0.0,9.847897866538011e-12,0.0,0.0,9.847897866538011e-12
0x8425914fa4c289abf8aa57083feba783d98e00db,0.0,0.0,0.0,0.0,9.694817130603813e-12,0.0,0.0,9.694817130603813e-12
0x4ce91c04bc35d9a24a9ae76e7fdd339a4942779f,0.0,0.0,0.0,0.0,9.405799291046603e-12,0.0,0.0,9.405799291046603e-12
0x3111e4a562773ddb6db57c12a913a923bfacb883,0.0,0.0,0.0,0.0,9.355461249816816e-12,0.0,0.0,9.355461249816816e-12
0xd3c448ef04bff7d5026df89954d61edda2bb26f2,0.0,0.0,0.0,0.0,9.344645285015896e-12,0.0,0.0,9.344645285015896e-12
0x7d9c81600352af864bdfe1c5de4913506b0e797a,0.0,0.0,0.0,0.0,9.183436707494382e-12,0.0,0.0,9.183436707494382e-12
0xecc3005529e4a51fbef81b5805203a7bad4a50ab,0.0,0.0,0.0,0.0,9.171049418128253e-12,0.0,0.0,9.171049418128253e-12
0x870b6c3e821c49ee141dded23db647d965e99627,0.0,0.0,0.0,0.0,9.109406229702684e-12,0.0,0.0,9.109406229702684e-12
0x49bf9fbe3d0fff2aa191bc30bd9db16127ba26b2,0.0,0.0,0.0,9.033937460389385e-12,0.0,0.0,0.0,9.033937460389385e-12
0x8633198cf9433adc931590817a9aea67ee96fd8e,0.0,0.0,0.0,0.0,9.008898868639648e-12,0.0,0.0,9.008898868639648e-12
0xfe1ba2e3f37e7ca7980ce392599fc93154fbef7b,0.0,0.0,0.0,0.0,8.980093451798468e-12,0.0,0.0,8.980093451798468e-12
0x7a1c29e9f25d51b48612198e44af88b6722a01be,0.0,0.0,0.0,0.0,8.865879134099655e-12,0.0,0.0,8.865879134099655e-12
0xfbaa1d8f54c0d66f310368d2b62226cbe68614c5,0.0,0.0,0.0,0.0,8.801262547648125e-12,0.0,0.0,8.801262547648125e-12
0xb6146a097623b1163980ff13756da8c90ead59ee,0.0,0.0,0.0,8.631417237384265e-12,0.0,0.0,0.0,8.631417237384265e-12
0x95e03a7deb675a7d04c6029eaf3a98d4dd3370dc,0.0,0.0,0.0,0.0,8.540116767133022e-12,0.0,0.0,8.540116767133022e-12
0xd6e171383fcf738f6727a3402d565451e175ff6a,0.0,0.0,0.0,0.0,8.531152864548454e-12,0.0,0.0,8.531152864548454e-12
0x0936106a11931375c231427b9c764d3647142c75,0.0,0.0,0.0,0.0,8.398444116429136e-12,0.0,0.0,8.398444116429136e-12
0xa4fbcc05829fceca8319fdf9b12aefd237236b92,0.0,0.0,0.0,0.0,8.393747606854345e-12,0.0,0.0,8.393747606854345e-12
0x08f3451b60063b48466ded7e6d6bc4701a8bfd20,0.0,0.0,0.0,8.348938193142716e-12,0.0,0.0,0.0,8.348938193142716e-12
0x0c0eb698e693026f52ba65e297af0e527791ef04,0.0,0.0,0.0,8.348306248417019e-12,0.0,0.0,0.0,8.348306248417019e-12
0x12f61c58673f6b9c30ccc1cf154e7768b4643d6f,0.0,0.0,0.0,0.0,8.102530277727183e-12,0.0,0.0,8.102530277727183e-12
0xe19138925c32eea03dd179dead1e78de762c594d,0.0,0.0,0.0,0.0,8.102448830160524e-12,0.0,0.0,8.102448830160524e-12
0x13d33a609082b58c9b018074eca66e5573fb7343,0.0,0.0,0.0,0.0,8.015677204901825e-12,0.0,0.0,8.015677204901825e-12
0x6133d4ed7e7cb77e5ded12b41dda78614db7599c,0.0,0.0,0.0,0.0,8.005320397324084e-12,0.0,0.0,8.005320397324084e-12
0x33b34329476e301cef5c6b618c0c79073f28eba6,0.0,0.0,0.0,0.0,7.995807364796062e-12,0.0,0.0,7.995807364796062e-12
0x13e4a1ed3f9a906e464521ce8558fed89712b597,0.0,0.0,0.0,0.0,7.90572945801723e-12,0.0,0.0,7.90572945801723e-12
0x56ea4f34a5a388ac7a62bac8445cafc6d343a0d3,0.0,0.0,0.0,7.838845158010037e-12,0.0,0.0,0.0,7.838845158010037e-12
0x3853c1711da808ba3bd773ed43785ada08886f05,0.0,0.0,0.0,0.0,7.727797747499833e-12,0.0,0.0,7.727797747499833e-12
0x120f9eff350f92593ba52e2bb951cd184cb709a8,0.0,0.0,0.0,7.528002993399786e-12,0.0,0.0,0.0,7.528002993399786e-12
0x8ba177324907ae9244b68d30a111c36506a45b17,0.0,0.0,0.0,0.0,7.438963059814776e-12,0.0,0.0,7.438963059814776e-12
0x764721cd987d92439a643c8d88a4a2c1e3862125,0.0,0.0,0.0,0.0,7.434117210255795e-12,0.0,0.0,7.434117210255795e-12
0xf333d9cd6e8d7933003ce60420e8e2f2d38957a2,0.0,0.0,0.0,0.0,7.155710661880828e-12,0.0,0.0,7.155710661880828e-12
0x3ec999af4f6711bcb67916bf3124b34359f7b5e9,0.0,0.0,0.0,0.0,7.152827163671549e-12,0.0,0.0,7.152827163671549e-12
0x83b370641e1f1f45f6aeee76b623bc2642bcb97f,0.0,0.0,0.0,0.0,7.152798879521098e-12,0.0,0.0,7.152798879521098e-12
0x9a83c8d8554c015fefa25efb0f368148874c7b54,0.0,0.0,0.0,0.0,7.144610918991005e-12,0.0,0.0,7.144610918991005e-12
0x6a8b6d874d5444edcb2b096957a956e6beb0b92b,0.0,0.0,0.0,0.0,7.1154690331682894e-12,0.0,0.0,7.1154690331682894e-12
0x0c2e96cd900dcb8340a8adce7a12e78aeead2c4e,0.0,0.0,0.0,6.951449781788287e-12,0.0,0.0,0.0,6.951449781788287e-12
0xe57f3834700e9fe0166c97be35e97a053d1ac5f8,0.0,0.0,0.0,6.6739842711066174e-12,0.0,0.0,0.0,6.6739842711066174e-12
0xf9aea3427d9cf0312f75a65fd0a8f57d27bf04b6,1.176224939418809e-13,0.0,0.0,6.500125065993466e-12,0.0,0.0,0.0,6.617747559935346e-12
0x23b1645990d51e7ef9e58ef6ec26faa44e3d86c7,0.0,0.0,0.0,6.54792625719578e-12,0.0,0.0,0.0,6.54792625719578e-12
0x9f6ed9d75e7399dd286523e07d432b63615ce53e,0.0,0.0,0.0,6.499526703944778e-12,0.0,0.0,0.0,6.499526703944778e-12
0x52b668e5bee383d47afa31b0b4052e711600e8c0,0.0,0.0,0.0,5.969998409577244e-12,0.0,0.0,0.0,5.969998409577244e-12
0x43acc3b0b25418d90668fbfbfaced8d721ed5eff,0.0,0.0,0.0,5.6180260185518866e-12,0.0,0.0,0.0,5.6180260185518866e-12
0x5ae279a6c89a5029dc09e675bc849ae97984757d,0.0,0.0,0.0,5.493400155511333e-12,0.0,0.0,0.0,5.493400155511333e-12
0x2787be615f13f740f36a3219ee5c009c3ebc9b90,0.0,0.0,0.0,5.453770465062033e-12,0.0,0.0,0.0,5.453770465062033e-12
0xe3bdafee31760b72491326f0143c1970af403e0e,0.0,0.0,0.0,5.2392995930204276e-12,0.0,0.0,0.0,5.2392995930204276e-12
0xaab4909a682cd6b96a1a17de8c289149801c0f58,0.0,0.0,0.0,5.0489218246211675e-12,0.0,0.0,0.0,5.0489218246211675e-12
0x29e1fc14ddef309b808cc2c870ef3691c2aa07c8,0.0,0.0,0.0,4.578997514493207e-12,0.0,0.0,0.0,4.578997514493207e-12
0x93186fefb1824d32667e3a8dd1c3ba16dc71d033,0.0,0.0,0.0,4.247246028152908e-12,0.0,0.0,0.0,4.247246028152908e-12
0x142452ce8b210f2abd6a2d5137fa063056e13ffe,0.0,0.0,0.0,4.130726300361818e-12,0.0,0.0,0.0,4.130726300361818e-12
0x1097cd2e4ed2d29f9533b2bcd0fca180a7d4406f,0.0,0.0,0.0,4.0514607868082616e-12,0.0,0.0,0.0,4.0514607868082616e-12
0xa10d627eac621ad53da21ea39a0181cab30ea2a4,0.0,0.0,0.0,3.951000373386395e-12,0.0,0.0,0.0,3.951000373386395e-12
0x1d607e4eb747f1294ae632d3490f121b00db9312,3.64505757111216e-12,0.0,0.0,0.0,0.0,0.0,0.0,3.64505757111216e-12
0xd465496741c1f799e202acc0a6f8f01794a6e14a,0.0,0.0,0.0,3.2483035164783286e-12,0.0,0.0,0.0,3.2483035164783286e-12
0xc6cee54131614bd048658c283520aaa5637c6e1f,0.0,0.0,0.0,3.2423942965024856e-12,0.0,0.0,0.0,3.2423942965024856e-12
0xb71aaef3aaf3b25d1c4e5da1f3b9916f0545fd85,0.0,0.0,0.0,0.0,0.0,3.21569516034763e-12,0.0,3.21569516034763e-12
0xe28c8afc4efa0551c64c1ce3ba5f34d59d6dc197,0.0,0.0,0.0,3.167471628881757e-12,0.0,0.0,0.0,3.167471628881757e-12
0xf010e8099fdfe49effcd4caf4900e789f44bb7d3,0.0,0.0,0.0,3.147685331029007e-12,0.0,0.0,0.0,3.147685331029007e-12
0x976540f7155d67cc4d4f79f97de62d307a0fdc41,0.0,0.0,0.0,3.11318497584661e-12,0.0,0.0,0.0,3.11318497584661e-12
0x9e854f79dfd4936b59e5914c64b2a7937a7c0246,0.0,0.0,0.0,2.8834126593754957e-12,0.0,0.0,0.0,2.8834126593754957e-12
0xaf1e5f2be4c8141f9a1ef6b03a90974dd3465796,0.0,0.0,0.0,2.8104381983386264e-12,0.0,0.0,0.0,2.8104381983386264e-12
0x6d79ade3f835cf7b24b74af9fda542fc941c0579,0.0,0.0,0.0,2.8097911483219552e-12,0.0,0.0,0.0,2.8097911483219552e-12
0x7ce6844b70f51d722ec6da29f11795e27e12ff69,0.0,0.0,0.0,2.7811895290287976e-12,0.0,0.0,0.0,2.7811895290287976e-12
0xf869f2ace5d71e762fc867b852168b45e0bda316,0.0,0.0,0.0,2.6271106655820557e-12,0.0,0.0,0.0,2.6271106655820557e-12
0xc19c83c73c10ef32f41d0eb62bd5db2ed6591e9e,0.0,0.0,0.0,2.5739354830447176e-12,0.0,0.0,0.0,2.5739354830447176e-12
0x6a811a4b5d144223175fab2938e53fb3db7816fd,0.0,0.0,0.0,2.518039135287628e-12,0.0,0.0,0.0,2.518039135287628e-12
0x468a3dd19a5b8cb94fa143d01fe44b151c648552,0.0,0.0,0.0,2.467453729429109e-12,0.0,0.0,0.0,2.467453729429109e-12
0x0cbcabf9ffc5a53976aa63f2bf092166b3727151,0.0,0.0,0.0,2.456564909830367e-12,0.0,0.0,0.0,2.456564909830367e-12
0x2d698a1a0a0b4ab429516c0f3f0db6c591e7c91f,0.0,0.0,0.0,2.4367661135627434e-12,0.0,0.0,0.0,2.4367661135627434e-12
0x320841aab70951ca7f952f56febbd80d1576fa2c,0.0,0.0,0.0,2.3959960182497054e-12,0.0,0.0,0.0,2.3959960182497054e-12
0x20e558912db16d466c14bfade44672602188b746,0.0,0.0,0.0,2.3251412870136964e-12,0.0,0.0,0.0,2.3251412870136964e-12
0x2915b4a49d25a6b23cbd5b6b131e11bb84252d27,0.0,0.0,0.0,2.234498594415763e-12,0.0,0.0,0.0,2.234498594415763e-12
0xae0eb3e839c20c5d63aa2b5815767cfa8f20c5c8,0.0,0.0,0.0,2.031029936731647e-12,0.0,0.0,0.0,2.031029936731647e-12
0x8474ac44df82ddbc889030122b2ba0335c373de0,0.0,0.0,0.0,0.0,0.0,1.9885937245050603e-12,0.0,1.9885937245050603e-12
0xdb8cbfa3e07a65b53ddf750177ff53773857d29b,0.0,0.0,0.0,1.952368423479357e-12,0.0,0.0,0.0,1.952368423479357e-12
0xa5e358c3e137e53aecd0378b5dbae167c81950a1,0.0,0.0,0.0,1.9511350904318477e-12,0.0,0.0,0.0,1.9511350904318477e-12
0xe49cdd0649157479bdc18bfacfa655674d6dea9d,0.0,0.0,0.0,1.9506958480088185e-12,0.0,0.0,0.0,1.9506958480088185e-12
0x811972642ad4dc0445aa76b74b755fb261c02138,0.0,0.0,0.0,1.9496694068626864e-12,0.0,0.0,0.0,1.9496694068626864e-12
0xebb4f1f5abc533f7cec995e07ab0111ec02d8b93,0.0,0.0,0.0,1.949634253433464e-12,0.0,0.0,0.0,1.949634253433464e-12
0xf1dee8c7a844b1a9fc6c84d42947ed8078c09a25,0.0,0.0,0.0,1.9496163323322075e-12,0.0,0.0,0.0,1.9496163323322075e-12
0xd12a0d3af780b0388d3f7c5f727269202f145108,0.0,0.0,0.0,1.9491877464015862e-12,0.0,0.0,0.0,1.9491877464015862e-12
0x74edad170d2f4b7709645a2898febc38bc0a7de6,0.0,0.0,0.0,1.9490151112245833e-12,0.0,0.0,0.0,1.9490151112245833e-12
0x94b39c54e5ecb75100c0b4ca924fa006a84822dd,0.0,0.0,0.0,1.947870396008449e-12,0.0,0.0,0.0,1.947870396008449e-12
0xb71439dde3a98a0a22ca8515d50c7c69254d2932,0.0,0.0,0.0,1.9229522938203426e-12,0.0,0.0,0.0,1.9229522938203426e-12
0xc8dd7871da5837b828d2e1a439d85bc302790a82,0.0,0.0,0.0,1.9207609066431837e-12,0.0,0.0,0.0,1.9207609066431837e-12
0x07ce6cb35ddb374d4d5ec1bb123ad07bd29cb3fe,0.0,0.0,0.0,1.8772235864146478e-12,0.0,0.0,0.0,1.8772235864146478e-12
0x58cb13f26dfe5e522919bbb245ed9fe2c1773167,0.0,0.0,0.0,1.802648288334819e-12,0.0,0.0,0.0,1.802648288334819e-12
0x65d2126169ced7f4b12eb68f5d21294a8859fb0e,0.0,0.0,0.0,0.0,1.7963629946921793e-12,0.0,0.0,1.7963629946921793e-12
0xdc51c328ffdc4945bc624e982279adbb920c2a0c,0.0,0.0,0.0,1.724544529497932e-12,0.0,0.0,0.0,1.724544529497932e-12
0x961c94d92e1db59b5390e95aa3097369add2d060,0.0,0.0,0.0,1.7052551082798596e-12,0.0,0.0,0.0,1.7052551082798596e-12
0x8089021005818d228d944fab4cc1d37875de2f67,0.0,0.0,0.0,1.643994316389185e-12,0.0,0.0,0.0,1.643994316389185e-12
0x462dd4e6eb89cba07496122bd9a84e971edaa087,0.0,0.0,0.0,1.5566283366661913e-12,0.0,0.0,0.0,1.5566283366661913e-12
0xcd733fea07b1b68a63b6ffa84ce0d12a94f0bc22,0.0,0.0,0.0,1.556043920608317e-12,0.0,0.0,0.0,1.556043920608317e-12
0xa89ad753761444d29b8f7bdc90d42d99b0bd8e49,0.0,0.0,0.0,1.4608917455174744e-12,0.0,0.0,0.0,1.4608917455174744e-12
0x28fce3a4aa63abb62e20a76f36041e21fa142a14,0.0,0.0,0.0,1.4544838485608359e-12,0.0,0.0,0.0,1.4544838485608359e-12
0xd95c1ad49a9cc60220087d1f4958d88c418da5b0,0.0,0.0,0.0,1.4202101066280764e-12,0.0,0.0,0.0,1.4202101066280764e-12
0xefe74e2d8956126ee66807ae03ff13b8e9c987bf,0.0,0.0,0.0,1.3424454286138475e-12,0.0,0.0,0.0,1.3424454286138475e-12
0x46a5d3d33be26909b9312cf2362ea96f6b17328e,0.0,0.0,0.0,1.3422643740720084e-12,0.0,0.0,0.0,1.3422643740720084e-12
0xb61bebd02c7ef0e5be0aa9aff395dd5b995126a2,0.0,0.0,0.0,1.2981845225975452e-12,0.0,0.0,0.0,1.2981845225975452e-12
0xa2e5b6b59223bc966a14e61781cce07d2b22fe03,0.0,0.0,0.0,1.2956997040332925e-12,0.0,0.0,0.0,1.2956997040332925e-12
0xc185d89f3e98b906b3ec8af1d6ec19cc02fbea78,0.0,0.0,0.0,1.2889451713022396e-12,0.0,0.0,0.0,1.2889451713022396e-12
0xc3bca00f403e10e6faf9927f7e7d64c573a904bb,0.0,0.0,0.0,1.2839921014450032e-12,0.0,0.0,0.0,1.2839921014450032e-12
0xc4e1f218104fd251fc459aafb1601a74806abac3,0.0,0.0,0.0,1.2154823440811973e-12,0.0,0.0,0.0,1.2154823440811973e-12
0xee9b30ed3f1084d89eb6f5d9b362e281ef15de67,1.1763425619127505e-12,0.0,0.0,0.0,0.0,0.0,0.0,1.1763425619127505e-12
0x30fda2162d16f7b97a488aa4122bd4a6120d752b,1.1762249394188088e-12,0.0,0.0,0.0,0.0,0.0,0.0,1.1762249394188088e-12
0x84df26b640239ec5dddade55d53d2279376d10a9,0.0,0.0,0.0,1.1114960033477437e-12,0.0,0.0,0.0,1.1114960033477437e-12
0xfdef5231add84ba8926d3feae8c24a2a7ac7f823,0.0,0.0,0.0,1.1102127348491567e-12,0.0,0.0,0.0,1.1102127348491567e-12
0xc4c60bde64ba0038eedd7651a01186fe2d02d8ed,0.0,0.0,0.0,1.0648290593185691e-12,0.0,0.0,0.0,1.0648290593185691e-12
0xf0a391658f07e65779c7370a592675106c931277,1.0596610479224046e-12,0.0,0.0,0.0,0.0,0.0,0.0,1.0596610479224046e-12
0x5ff1769487dea379f17be2788635e3bdca8abed7,1.0586024454769277e-12,0.0,0.0,0.0,0.0,0.0,0.0,1.0586024454769277e-12
0x8281e57ee1341f25ccc2dea38ea112dae4d22669,1.0586024454769277e-12,0.0,0.0,0.0,0.0,0.0,0.0,1.0586024454769277e-12
0x301e0906ce652a5bb71f7dfdc741755740e2a7d7,0.0,0.0,0.0,1.0546792240815446e-12,0.0,0.0,0.0,1.0546792240815446e-12
0x7a5d1a19151390fc136cb8d387b9bc7974665d56,9.41920931486582e-13,0.0,0.0,0.0,0.0,0.0,0.0,9.41920931486582e-13
0x52ce74f87ef0878988f73d46650ce481e14f8903,0.0,0.0,0.0,9.313958206169465e-13,0.0,0.0,0.0,9.313958206169465e-13
0xb783e1126d3711324d7eda2f78c6c4a639ede0b5,0.0,0.0,0.0,9.184889045097237e-13,0.0,0.0,0.0,9.184889045097237e-13
0x596cdbb0d4b74cb5dcdf86613d8012e0cd3e522f,0.0,0.0,0.0,9.154539377299255e-13,0.0,0.0,0.0,9.154539377299255e-13
0x1a8d6d5abd8948b647c51bb7b071b718fd90d6ff,8.241808150507594e-13,0.0,0.0,0.0,0.0,0.0,0.0,8.241808150507594e-13
0xcfff0ffc679db8ad82ed136bf006a80388c0e797,8.233574575931662e-13,0.0,0.0,0.0,0.0,0.0,0.0,8.233574575931662e-13
0xfe379317e1b6d93a60b202b13f5415c3f00daa70,0.0,0.0,0.0,8.175334851757974e-13,0.0,0.0,0.0,8.175334851757974e-13
0x9b7865b6e4ea9a61a4d80dd85a5edc041f5c7281,0.0,0.0,0.0,7.754899099254919e-13,0.0,0.0,0.0,7.754899099254919e-13
0xafe1e93c7e84e72b4d1224cd42d1ee6ab3e3132c,0.0,0.0,0.0,7.371639637707584e-13,0.0,0.0,0.0,7.371639637707584e-13
0xf9726ec833b7a4faf0965824bfe38f986005c3c0,0.0,0.0,0.0,7.233318075710806e-13,0.0,0.0,0.0,7.233318075710806e-13
0x01152d5c7467204bfa015061097b193cbcea8ca9,7.057279063016489e-13,0.0,0.0,0.0,0.0,0.0,0.0,7.057279063016489e-13
0xca034d4438719391b5e7589242a36ec535ed6836,0.0,0.0,0.0,6.815871119440436e-13,0.0,0.0,0.0,6.815871119440436e-13
0x0447779f71dc8785813bb31a9e30ba6fc5ac1c19,0.0,0.0,0.0,6.477499411844997e-13,1.0648170919407851e-14,0.0,0.0,6.583981121039076e-13
0x2ef4d5502f22fe8541bd3057860f6eaf098a5fd4,0.0,0.0,0.0,6.289108759711557e-13,0.0,0.0,0.0,6.289108759711557e-13
0xc8eb9381246b6e5281949ecdf389f33959650009,0.0,0.0,0.0,6.286457961219808e-13,0.0,0.0,0.0,6.286457961219808e-13
0xe68c93e73d6841a0640e8acc528494287366f084,0.0,0.0,0.0,6.000540109543234e-13,0.0,0.0,0.0,6.000540109543234e-13
0x6f7e861b4dfc55357360ad2ada01bb8fc4eec80f,0.0,0.0,0.0,5.981783203994125e-13,0.0,0.0,0.0,5.981783203994125e-13
0x4f7afe86f85a7e6c6bc2c4015537b741ba23b527,5.881124697094045e-13,0.0,0.0,0.0,0.0,0.0,0.0,5.881124697094045e-13
0xc5dbb64cafd4c1551885a7d9869706432a00f9cf,5.881124697094045e-13,0.0,0.0,0.0,0.0,0.0,0.0,5.881124697094045e-13
0xde62c530a33b37dd704388ca3657fcde7f3eb91c,0.0,0.0,0.0,5.877541432030522e-13,0.0,0.0,0.0,5.877541432030522e-13
0xd7f9e3e2a28b7d0f0a534511f2a4cafa7e517a6c,0.0,0.0,0.0,5.502408878618536e-13,0.0,0.0,0.0,5.502408878618536e-13
0x15603ee66225d4b290d1dc4f3dce647225fbe234,0.0,0.0,0.0,5.089609934024964e-13,0.0,0.0,0.0,5.089609934024964e-13
0x7cb420e61c09750e1cd14294d1518b5bc8435580,0.0,0.0,0.0,4.567763295355215e-13,0.0,0.0,0.0,4.567763295355215e-13
0x9d5be7ac9dbc34a57893fcc7aea29c3553486354,0.0,0.0,0.0,4.48078989206785e-13,0.0,0.0,0.0,4.48078989206785e-13
0xd5cd3abec638f5718130d1403ff0fde32e9ae9a9,0.0,0.0,0.0,4.1816906147263495e-13,0.0,0.0,0.0,4.1816906147263495e-13
0x6192a4de1599defa0e485c1c90da46e5ecae4b08,0.0,0.0,0.0,4.09601640091419e-13,0.0,0.0,0.0,4.09601640091419e-13
0x953f11a0a039dd3ead0b8e55b2fb1b1c94a96813,0.0,0.0,0.0,3.3395226414686515e-13,0.0,0.0,0.0,3.3395226414686515e-13
0x3d431c0736c7add9e0f80bf5ade9cca74a432005,0.0,0.0,0.0,2.782692023734089e-13,0.0,0.0,0.0,2.782692023734089e-13
0xb9cbc5311fcf380dd9a679b954204dbb65ac28c2,0.0,0.0,0.0,2.5782724782323075e-13,0.0,0.0,0.0,2.5782724782323075e-13
0x25eaa56f54bde57479c9f03e64fb0b804512feb7,2.352685123825501e-13,0.0,0.0,0.0,0.0,0.0,0.0,2.352685123825501e-13
0xad02acfa4ee3dfcbf2a6da6a1a11abdb674d7a48,2.3524498788376184e-13,0.0,0.0,0.0,0.0,0.0,0.0,2.3524498788376184e-13
0x3688d637601493768eb3e771a7aed0ef63377d9d,2.352426354338829e-13,0.0,0.0,0.0,0.0,0.0,0.0,2.352426354338829e-13
0x936071db640a5f05a600dbbdff4bf321a5828fcb,0.0,0.0,0.0,2.3035201091644064e-13,0.0,0.0,0.0,2.3035201091644064e-13
0x67e42c6442e273bb29594a42099abe08f26c5be0,0.0,0.0,0.0,2.235783946180063e-13,0.0,0.0,0.0,2.235783946180063e-13
0x8c5676eb3ca69d96143b3a8ee02f706d56877dac,0.0,0.0,0.0,2.21771198516413e-13,0.0,0.0,0.0,2.21771198516413e-13
0x1e2d99e275780ae59d745dce966cf183c75ca6a6,0.0,0.0,0.0,2.2021954757190498e-13,0.0,0.0,0.0,2.2021954757190498e-13
0x24877bff356bc44a87b1c042d3397fd2f75963a0,0.0,0.0,0.0,1.9459980091825253e-13,0.0,0.0,0.0,1.9459980091825253e-13
0x167155168c4248e14634c723eb61135d51551019,0.0,0.0,0.0,1.808839704974069e-13,0.0,0.0,0.0,1.808839704974069e-13
0x17d60fe3d04c67c319f80a8d62e793434773f761,0.0,0.0,0.0,1.7910895289228127e-13,0.0,0.0,0.0,1.7910895289228127e-13
0x40166fed138d7e65d1583a6e14ad834c73021c72,0.0,0.0,0.0,1.6868412692147016e-13,0.0,0.0,0.0,1.6868412692147016e-13
0x8088ef683c9d82d03445aee326a79855a639c58b,0.0,0.0,0.0,1.390813410612943e-13,0.0,0.0,0.0,1.390813410612943e-13
0x92af7bab9cfda07d26e1a6e90de437f10413658f,1.176224939418809e-13,0.0,0.0,0.0,0.0,0.0,0.0,1.176224939418809e-13
0x63af859d7b4717bd4d3705f15b6d4caad6cf4b36,1.176224939418809e-13,0.0,0.0,0.0,0.0,0.0,0.0,1.176224939418809e-13
0x6103ea7c61512e65295e9464ff24bbdd7b7090b0,0.0,0.0,0.0,8.674914468071375e-14,0.0,0.0,0.0,8.674914468071375e-14
0xb02a2963abd0cd32666c9d4da37eefd9ec7d8873,0.0,0.0,0.0,6.986232227719952e-14,0.0,0.0,0.0,6.986232227719952e-14
0xd62aa26b6c47f8007aed3c103fc2595faced38bc,0.0,0.0,0.0,6.628091358792886e-14,0.0,0.0,0.0,6.628091358792886e-14
0xe88b3d5fdecf96f842f0f0893f9931dd0103f5d1,0.0,0.0,0.0,6.474648246761095e-14,0.0,0.0,0.0,6.474648246761095e-14
0x1788f414d555866638df7d22dae1229b38306580,0.0,0.0,0.0,0.0,6.439778083323811e-14,0.0,0.0,6.439778083323811e-14
0xacff90ecc79fe2775b49f938501b39998802a4a7,0.0,0.0,0.0,5.6380244059609525e-14,0.0,0.0,0.0,5.6380244059609525e-14
0xb140dfe59155a5f31c3949ac25d20a7628fb8574,0.0,0.0,0.0,2.784571869914014e-14,0.0,0.0,0.0,2.784571869914014e-14
0xf5929f93e8b08cb85535975eb1b47a79358d76b2,0.0,0.0,0.0,2.5617278606632777e-14,0.0,0.0,0.0,2.5617278606632777e-14
0xc7a5dc52341fa48389d56c2e8442f915125ba087,0.0,0.0,0.0,2.106251920204719e-14,0.0,0.0,0.0,2.106251920204719e-14
0x9c75650754b8170c5aa69dbf0c6daecf379b1679,0.0,0.0,8.986383210145511e-15,2.2255471573865343e-19,3.510536181486359e-18,0.0,0.0,8.990116301042736e-15
0xc82b7caa4633adf016b83b4a7d699ae8982b688b,0.0,0.0,0.0,3.6441060777099974e-15,0.0,0.0,0.0,3.6441060777099974e-15
0xc2f3071513b6c9363d70657abdd73ed9bbccc3aa,0.0,0.0,0.0,1.6551830349420348e-15,0.0,0.0,0.0,1.6551830349420348e-15
